2.000000 0.200000 0.460418 0.087500 0.045833 0.316392
2.000000 0.018750 0.239582 0.037500 0.062500 0.305301
2.000000 0.018750 0.239582 0.037500 0.062500 0.310072
2.000000 0.018750 0.239582 0.037500 0.062500 0.309825
2.000000 0.200000 0.460418 0.087500 0.045833 0.300646
2.000000 0.018750 0.239582 0.037500 0.062500 0.301439
2.000000 0.018750 0.239582 0.037500 0.062500 0.319961
2.000000 0.018750 0.239582 0.037500 0.062500 0.328988
2.000000 0.018750 0.239582 0.037500 0.062500 0.303168
2.000000 0.018750 0.241667 0.037500 0.066667 0.311199
