2.000000 0.992188 0.043750 0.315625 0.404166 0.848342
2.000000 0.960936 0.075001 0.328125 0.416667 0.853334
2.000000 0.931248 0.108334 0.350000 0.433332 0.813896
2.000000 0.893752 0.150001 0.356250 0.458334 0.872281
2.000000 0.859376 0.185416 0.375000 0.479166 0.826327
2.000000 0.820312 0.227083 0.390625 0.487500 0.691471
2.000000 0.778124 0.272917 0.406248 0.520833 0.809011
2.000000 0.734376 0.322918 0.431252 0.545832 0.874988
2.000000 0.684376 0.375001 0.450000 0.575001 0.879670
2.000000 0.632812 0.431251 0.478124 0.612501 0.867423
2.000000 0.576564 0.491668 0.503124 0.633333 0.899089
2.000000 0.517188 0.558334 0.534376 0.675000 0.878125
2.000000 0.450000 0.625000 0.575000 0.708333 0.903809
2.000000 0.376562 0.658333 0.609376 0.666666 0.881203
2.000000 0.317188 0.691666 0.634376 0.608334 0.769226
2.000000 0.281250 0.722917 0.562500 0.537501 0.759950
2.000000 0.245312 0.760417 0.490624 0.462501 0.544826
2.000000 0.207812 0.799999 0.415624 0.375000 0.603059
2.000000 0.164062 0.847918 0.328125 0.279167 0.352893
2.000000 0.978124 0.066667 0.356250 0.450000 0.735600
2.000000 0.946876 0.102082 0.368750 0.470832 0.517104
2.000000 0.915624 0.137500 0.387500 0.491667 0.704365
2.000000 0.881252 0.175000 0.406248 0.508332 0.551764
2.000000 0.845312 0.212500 0.421876 0.533334 0.634799
2.000000 0.806248 0.262501 0.443748 0.558333 0.709776
2.000000 0.762500 0.304168 0.468752 0.583332 0.737614
2.000000 0.717188 0.352084 0.490624 0.612501 0.819306
2.000000 0.668748 0.402082 0.518752 0.629166 0.794631
2.000000 0.614064 0.464584 0.540624 0.670833 0.779067
2.000000 0.557812 0.527083 0.578124 0.712500 0.799138
2.000000 0.495312 0.600001 0.615624 0.758334 0.833991
2.000000 0.426564 0.631249 0.659376 0.712500 0.732606
2.000000 0.354688 0.658333 0.703124 0.666666 0.611871
2.000000 0.304688 0.712501 0.609376 0.558333 0.424310
2.000000 0.957812 0.762499 0.528124 0.458334 0.902839
2.000000 0.912500 0.806251 0.531248 0.370833 0.837330
2.000000 0.884376 0.858334 0.487500 0.266667 0.800629
2.000000 0.845312 0.918751 0.434376 0.154167 0.683798
2.000000 0.982812 0.056251 0.359375 0.454167 0.904557
2.000000 0.951564 0.085417 0.371875 0.470832 0.901544
2.000000 0.918748 0.120832 0.387500 0.491667 0.906128
2.000000 0.884376 0.162499 0.406248 0.508332 0.896950
2.000000 0.846876 0.199999 0.425000 0.533334 0.895039
2.000000 0.806248 0.247918 0.443748 0.562500 0.908235
2.000000 0.762500 0.287500 0.468752 0.583332 0.875377
2.000000 0.715624 0.339583 0.493752 0.612501 0.884480
2.000000 0.665624 0.389584 0.518752 0.637500 0.914578
2.000000 0.612500 0.445834 0.550000 0.675000 0.914679
2.000000 0.551564 0.506251 0.584376 0.704166 0.907240
2.000000 0.489064 0.574999 0.621876 0.758334 0.869118
2.000000 0.421876 0.618751 0.656248 0.745833 0.848521
2.000000 0.350000 0.645832 0.693752 0.691668 0.822684
2.000000 0.320312 0.675001 0.640624 0.633333 0.731084
2.000000 0.289062 0.704167 0.571876 0.566667 0.502660
2.000000 0.892188 0.310417 0.453124 0.579168 0.513194
2.000000 0.843752 0.364582 0.475000 0.612501 0.505957
2.000000 0.792188 0.431251 0.509376 0.654168 0.675812
2.000000 0.735936 0.495832 0.540624 0.691668 0.762117
2.000000 0.673436 0.568750 0.578124 0.737499 0.640005
2.000000 0.607812 0.622918 0.615624 0.729168 0.549931
2.000000 0.532812 0.654166 0.659376 0.675000 0.575988
