2.000000 0.829688 0.135416 0.040625 0.037500 0.411046
2.000000 0.990624 0.095834 0.031250 0.033333 0.436327
2.000000 0.826564 0.227084 0.059375 0.070833 0.560969
2.000000 0.898436 0.168749 0.046875 0.062500 0.681909
2.000000 0.815624 0.272918 0.075000 0.095833 0.772226
2.000000 0.984376 0.100001 0.031250 0.041667 0.460998
2.000000 0.885936 0.177083 0.053125 0.062500 0.522805
2.000000 0.806248 0.239582 0.056250 0.062500 0.662727
2.000000 0.790624 0.297917 0.087500 0.104167 0.772466
2.000000 0.960936 0.135416 0.034375 0.029167 0.333933
2.000000 0.917188 0.149999 0.046875 0.058333 0.563401
2.000000 0.665624 0.370832 0.106250 0.133333 0.749915
2.000000 0.317188 0.708332 0.196875 0.250000 0.799801
2.000000 0.925000 0.247916 0.068750 0.062500 0.819442
2.000000 0.959376 0.133334 0.037500 0.033333 0.364583
2.000000 0.917188 0.147917 0.046875 0.062500 0.562104
2.000000 0.303124 0.718751 0.200000 0.262500 0.787266
2.000000 0.660936 0.374999 0.103125 0.133333 0.796001
2.000000 0.923436 0.250001 0.065625 0.066667 0.827664
2.000000 0.959376 0.133334 0.037500 0.033333 0.355364
2.000000 0.915624 0.152084 0.050000 0.062500 0.558383
2.000000 0.656248 0.379166 0.106250 0.133333 0.808520
2.000000 0.287500 0.735416 0.206250 0.262500 0.810823
2.000000 0.921876 0.250001 0.068750 0.066667 0.829486
2.000000 0.957812 0.133334 0.040625 0.033333 0.341129
2.000000 0.914064 0.152084 0.046875 0.062500 0.583892
2.000000 0.653124 0.383333 0.106250 0.133333 0.639779
2.000000 0.273436 0.752084 0.209375 0.270833 0.765505
2.000000 0.920312 0.252083 0.065625 0.070833 0.841700
2.000000 0.957812 0.133334 0.040625 0.033333 0.358305
2.000000 0.648436 0.387500 0.109375 0.133333 0.567649
2.000000 0.912500 0.152084 0.050000 0.062500 0.599862
2.000000 0.256252 0.766667 0.218750 0.275000 0.828890
2.000000 0.918752 0.254168 0.068750 0.066667 0.842210
2.000000 0.956248 0.133334 0.037500 0.033333 0.360176
2.000000 0.912500 0.152084 0.050000 0.062500 0.614993
2.000000 0.642188 0.389582 0.109375 0.137500 0.687576
2.000000 0.239064 0.787499 0.221875 0.291667 0.835120
2.000000 0.914064 0.256250 0.065625 0.070833 0.842565
2.000000 0.953124 0.135416 0.037500 0.037500 0.396059
2.000000 0.909376 0.154166 0.050000 0.058333 0.599670
2.000000 0.637500 0.393749 0.112500 0.137500 0.840131
2.000000 0.220312 0.804167 0.228125 0.291667 0.845263
2.000000 0.912500 0.258332 0.068750 0.066667 0.845613
2.000000 0.951564 0.135416 0.040625 0.037500 0.423158
2.000000 0.909376 0.156251 0.050000 0.062500 0.631709
2.000000 0.204688 0.820832 0.234375 0.300000 0.699570
2.000000 0.634376 0.400001 0.112500 0.141667 0.752120
2.000000 0.910936 0.260417 0.065625 0.070833 0.840996
2.000000 0.951564 0.135416 0.040625 0.037500 0.376742
2.000000 0.907812 0.156251 0.046875 0.062500 0.667832
2.000000 0.626564 0.404168 0.115625 0.141667 0.718231
2.000000 0.909376 0.262499 0.068750 0.066667 0.828782
2.000000 0.184376 0.841667 0.243750 0.308334 0.843848
2.000000 0.951564 0.135416 0.040625 0.037500 0.397870
2.000000 0.906248 0.158333 0.050000 0.058333 0.672463
2.000000 0.621876 0.406250 0.112500 0.145833 0.706613
2.000000 0.907812 0.266666 0.071875 0.066667 0.823841
2.000000 0.164064 0.862499 0.246875 0.316668 0.849315
2.000000 0.828124 0.137501 0.037500 0.033333 0.320196
2.000000 0.984376 0.100001 0.031250 0.041667 0.359997
2.000000 0.882812 0.175001 0.053125 0.066667 0.561828
2.000000 0.787500 0.302084 0.081250 0.104167 0.651559
2.000000 0.806248 0.243749 0.056250 0.070833 0.654250
2.000000 0.950000 0.137501 0.037500 0.041667 0.401385
2.000000 0.906248 0.158333 0.050000 0.058333 0.683482
2.000000 0.617188 0.414584 0.115625 0.145833 0.793522
2.000000 0.145312 0.885416 0.259375 0.329166 0.815034
2.000000 0.906248 0.268751 0.068750 0.070833 0.843959
2.000000 0.981252 0.102083 0.037500 0.037500 0.311929
2.000000 0.946876 0.139583 0.037500 0.037500 0.437060
2.000000 0.904688 0.158333 0.046875 0.058333 0.684246
2.000000 0.612500 0.416666 0.118750 0.150000 0.804735
2.000000 0.121876 0.906251 0.262500 0.337500 0.841194
2.000000 0.904688 0.272918 0.071875 0.070833 0.849655
2.000000 0.945312 0.139583 0.034375 0.037500 0.420745
2.000000 0.903124 0.160418 0.050000 0.062500 0.653633
2.000000 0.098436 0.931250 0.271875 0.354168 0.787234
2.000000 0.606252 0.418751 0.118750 0.154167 0.806053
2.000000 0.903124 0.277082 0.075000 0.070833 0.856034
2.000000 0.945312 0.139583 0.034375 0.037500 0.416818
2.000000 0.901564 0.160418 0.053125 0.062500 0.657733
2.000000 0.600000 0.427082 0.118750 0.154167 0.814228
2.000000 0.073436 0.956249 0.284375 0.362499 0.820811
2.000000 0.900000 0.281249 0.075000 0.070833 0.868580
2.000000 0.945312 0.143750 0.034375 0.037500 0.396982
2.000000 0.900000 0.162500 0.050000 0.058333 0.626017
2.000000 0.595312 0.429167 0.121875 0.158333 0.759011
2.000000 0.050000 0.981251 0.293750 0.370833 0.854975
2.000000 0.898436 0.281249 0.071875 0.070833 0.859403
2.000000 0.943752 0.143750 0.031250 0.037500 0.401880
2.000000 0.900000 0.164582 0.050000 0.062500 0.546178
2.000000 0.589064 0.437501 0.121875 0.158333 0.773812
2.000000 0.896876 0.285416 0.075000 0.070833 0.847528
2.000000 0.942188 0.143750 0.034375 0.037500 0.405157
2.000000 0.898436 0.166667 0.046875 0.058333 0.638617
2.000000 0.582812 0.443750 0.128125 0.154167 0.771398
2.000000 0.893748 0.287501 0.081250 0.075000 0.847780
2.000000 0.942188 0.143750 0.034375 0.037500 0.393347
2.000000 0.896876 0.166667 0.050000 0.058333 0.633486
2.000000 0.576564 0.449999 0.128125 0.158333 0.820541
2.000000 0.892188 0.287501 0.078125 0.075000 0.849644
2.000000 0.942188 0.143750 0.034375 0.037500 0.381219
2.000000 0.896876 0.166667 0.050000 0.058333 0.640485
2.000000 0.571876 0.456251 0.131250 0.162500 0.832518
2.000000 0.890624 0.293750 0.081250 0.070833 0.840128
2.000000 0.942188 0.143750 0.034375 0.037500 0.395363
2.000000 0.893748 0.168749 0.050000 0.062500 0.686453
2.000000 0.885936 0.295832 0.078125 0.075000 0.838795
2.000000 0.564064 0.462500 0.134375 0.166667 0.844902
2.000000 0.828124 0.137501 0.037500 0.033333 0.306144
2.000000 0.987500 0.095834 0.043750 0.041667 0.347560
2.000000 0.881252 0.179168 0.050000 0.066667 0.633538
2.000000 0.804688 0.245834 0.059375 0.075000 0.656690
2.000000 0.782812 0.304166 0.084375 0.108333 0.665181
2.000000 0.942188 0.145832 0.034375 0.033333 0.375276
2.000000 0.893748 0.168749 0.050000 0.062500 0.679815
2.000000 0.882812 0.299999 0.078125 0.075000 0.826340
2.000000 0.557812 0.466667 0.134375 0.166667 0.836534
2.000000 0.940624 0.145832 0.031250 0.041667 0.393821
2.000000 0.892188 0.170834 0.046875 0.058333 0.617418
2.000000 0.550000 0.472916 0.137500 0.170833 0.785163
2.000000 0.881252 0.304166 0.081250 0.075000 0.838870
2.000000 0.939064 0.145832 0.034375 0.041667 0.379249
2.000000 0.890624 0.172916 0.050000 0.062500 0.622826
2.000000 0.545312 0.481250 0.140625 0.170833 0.819860
2.000000 0.881252 0.308333 0.081250 0.075000 0.860763
2.000000 0.939064 0.147917 0.034375 0.037500 0.382020
2.000000 0.890624 0.172916 0.050000 0.062500 0.601341
2.000000 0.535936 0.487499 0.140625 0.175000 0.792542
2.000000 0.878124 0.310418 0.081250 0.079167 0.853529
2.000000 0.937500 0.152084 0.037500 0.037500 0.400447
2.000000 0.889064 0.172916 0.053125 0.062500 0.619421
2.000000 0.529688 0.493751 0.140625 0.179167 0.780431
2.000000 0.875000 0.314582 0.081250 0.079167 0.863621
2.000000 0.935936 0.149999 0.034375 0.033333 0.370599
2.000000 0.887500 0.172916 0.050000 0.062500 0.549994
2.000000 0.521876 0.497918 0.143750 0.179167 0.694978
2.000000 0.871876 0.318749 0.081250 0.079167 0.867480
2.000000 0.935936 0.152084 0.034375 0.037500 0.422527
2.000000 0.887500 0.175001 0.050000 0.066667 0.575071
2.000000 0.514064 0.508334 0.146875 0.183333 0.715873
2.000000 0.868748 0.322916 0.081250 0.079167 0.871868
2.000000 0.935936 0.152084 0.034375 0.037500 0.401063
2.000000 0.885936 0.179168 0.053125 0.066667 0.532411
2.000000 0.504688 0.514583 0.146875 0.187500 0.700640
2.000000 0.867188 0.325001 0.084375 0.075000 0.857556
2.000000 0.934376 0.152084 0.037500 0.037500 0.410266
2.000000 0.882812 0.179168 0.053125 0.066667 0.587783
2.000000 0.498436 0.522917 0.146875 0.187500 0.760283
2.000000 0.865624 0.329168 0.087500 0.083333 0.858742
2.000000 0.934376 0.156251 0.037500 0.037500 0.471556
2.000000 0.881252 0.179168 0.056250 0.066667 0.570432
2.000000 0.490624 0.533333 0.150000 0.191667 0.837159
2.000000 0.860936 0.333332 0.084375 0.083333 0.861837
2.000000 0.828124 0.137501 0.037500 0.033333 0.335015
2.000000 0.982812 0.100001 0.034375 0.041667 0.338282
2.000000 0.881252 0.179168 0.050000 0.066667 0.686557
2.000000 0.801564 0.250001 0.065625 0.075000 0.690667
2.000000 0.781248 0.310418 0.087500 0.104167 0.831405
2.000000 0.932812 0.156251 0.034375 0.037500 0.479714
2.000000 0.879688 0.181250 0.053125 0.070833 0.510971
2.000000 0.481252 0.537500 0.156250 0.191667 0.849002
2.000000 0.856252 0.337499 0.087500 0.083333 0.855857
2.000000 0.876564 0.181250 0.053125 0.070833 0.397081
2.000000 0.932812 0.156251 0.034375 0.037500 0.442633
2.000000 0.853124 0.341666 0.087500 0.083333 0.867614
2.000000 0.473436 0.547916 0.159375 0.195833 0.877294
2.000000 0.931248 0.156251 0.037500 0.037500 0.443503
2.000000 0.876564 0.183332 0.053125 0.066667 0.490166
2.000000 0.467188 0.556250 0.165625 0.204167 0.862512
2.000000 0.850000 0.347918 0.087500 0.087500 0.873366
2.000000 0.929688 0.158333 0.034375 0.041667 0.443725
2.000000 0.875000 0.183332 0.056250 0.066667 0.452762
2.000000 0.462500 0.566666 0.175000 0.208333 0.776265
2.000000 0.848436 0.352082 0.090625 0.087500 0.868546
2.000000 0.929688 0.158333 0.034375 0.041667 0.432745
2.000000 0.446876 0.575000 0.168750 0.208333 0.816538
2.000000 0.846876 0.352082 0.087500 0.087500 0.877484
2.000000 0.929688 0.158333 0.034375 0.041667 0.458495
2.000000 0.437500 0.581249 0.168750 0.212500 0.845892
2.000000 0.842188 0.358334 0.090625 0.091667 0.870181
2.000000 0.928124 0.158333 0.037500 0.041667 0.489288
2.000000 0.428124 0.591668 0.175000 0.216667 0.842962
2.000000 0.840624 0.362501 0.087500 0.091667 0.874106
2.000000 0.870312 0.187499 0.053125 0.075000 0.402297
2.000000 0.926564 0.158333 0.034375 0.041667 0.512480
2.000000 0.837500 0.366668 0.093750 0.091667 0.862700
2.000000 0.415624 0.604166 0.175000 0.216667 0.872887
2.000000 0.870312 0.189584 0.053125 0.070833 0.326949
2.000000 0.926564 0.158333 0.034375 0.041667 0.459292
2.000000 0.406248 0.614582 0.181250 0.229167 0.866793
2.000000 0.834376 0.370832 0.093750 0.091667 0.878595
2.000000 0.868748 0.189584 0.056250 0.070833 0.370233
2.000000 0.925000 0.158333 0.037500 0.041667 0.451505
2.000000 0.395312 0.622916 0.184375 0.229167 0.842476
2.000000 0.829688 0.377084 0.096875 0.095833 0.889161
2.000000 0.828124 0.137501 0.037500 0.033333 0.301359
2.000000 0.982812 0.100001 0.034375 0.041667 0.420380
2.000000 0.798436 0.250001 0.065625 0.075000 0.672528
2.000000 0.879688 0.181250 0.046875 0.062500 0.680401
2.000000 0.778124 0.312500 0.087500 0.108333 0.813729
2.000000 0.868748 0.189584 0.056250 0.079167 0.323497
2.000000 0.923436 0.158333 0.040625 0.041667 0.459698
2.000000 0.384376 0.635417 0.187500 0.237500 0.864264
2.000000 0.826564 0.381251 0.096875 0.095833 0.879281
2.000000 0.867188 0.191666 0.059375 0.075000 0.343291
2.000000 0.925000 0.160418 0.043750 0.045833 0.405752
2.000000 0.371876 0.645833 0.193750 0.241667 0.766260
2.000000 0.823436 0.387500 0.096875 0.100000 0.874642
2.000000 0.921876 0.160418 0.037500 0.045833 0.360797
2.000000 0.864064 0.191666 0.059375 0.075000 0.413322
2.000000 0.360936 0.662501 0.196875 0.250000 0.841051
2.000000 0.818752 0.391667 0.100000 0.100000 0.866648
2.000000 0.918752 0.164582 0.037500 0.045833 0.419810
2.000000 0.860936 0.195833 0.059375 0.075000 0.511931
2.000000 0.348436 0.672917 0.203125 0.254167 0.854163
2.000000 0.815624 0.397916 0.100000 0.104167 0.859714
2.000000 0.862500 0.195833 0.062500 0.075000 0.492688
2.000000 0.918752 0.166667 0.037500 0.041667 0.517904
2.000000 0.337500 0.689582 0.206250 0.262500 0.822537
2.000000 0.812500 0.402083 0.100000 0.104167 0.867690
2.000000 0.860936 0.195833 0.065625 0.083333 0.436927
2.000000 0.915624 0.166667 0.037500 0.041667 0.534337
2.000000 0.998436 0.139583 0.040625 0.054167 0.562925
2.000000 0.321876 0.700001 0.212500 0.266667 0.642731
2.000000 0.806248 0.406250 0.100000 0.104167 0.850830
2.000000 0.860936 0.197918 0.065625 0.079167 0.428246
2.000000 0.915624 0.168749 0.037500 0.045833 0.553459
2.000000 0.998436 0.139583 0.040625 0.054167 0.572375
2.000000 0.307812 0.714584 0.215625 0.270833 0.820901
2.000000 0.804688 0.412499 0.103125 0.100000 0.877719
2.000000 0.860936 0.197918 0.071875 0.079167 0.355251
2.000000 0.915624 0.168749 0.037500 0.045833 0.549773
2.000000 0.998436 0.141668 0.040625 0.050000 0.566703
2.000000 0.293752 0.729167 0.218750 0.283333 0.829859
2.000000 0.801564 0.418751 0.103125 0.104167 0.878132
2.000000 0.857812 0.200000 0.065625 0.075000 0.364074
2.000000 0.998436 0.143750 0.040625 0.054167 0.571697
2.000000 0.914064 0.168749 0.034375 0.045833 0.573364
2.000000 0.278124 0.745832 0.225000 0.291667 0.764218
2.000000 0.795312 0.425000 0.103125 0.108333 0.867373
2.000000 0.912500 0.170834 0.037500 0.041667 0.553992
2.000000 0.996876 0.143750 0.043750 0.054167 0.583573
2.000000 0.264064 0.762500 0.240625 0.291667 0.693437
2.000000 0.790624 0.431249 0.106250 0.104167 0.869747
2.000000 0.982812 0.100001 0.034375 0.041667 0.406128
2.000000 0.795312 0.254168 0.065625 0.075000 0.713127
2.000000 0.878124 0.183332 0.050000 0.066667 0.713536
2.000000 0.773436 0.318749 0.090625 0.112500 0.783487
2.000000 0.910936 0.170834 0.040625 0.041667 0.560304
2.000000 0.996876 0.143750 0.043750 0.054167 0.617413
2.000000 0.248436 0.781250 0.246875 0.304167 0.703830
2.000000 0.785936 0.437501 0.109375 0.108333 0.882727
2.000000 0.937500 0.141668 0.037500 0.033333 0.300673
2.000000 0.909376 0.170834 0.037500 0.041667 0.627517
2.000000 0.995312 0.143750 0.040625 0.054167 0.645712
2.000000 0.229688 0.797918 0.246875 0.312501 0.650314
2.000000 0.846876 0.208334 0.056250 0.075000 0.654165
2.000000 0.781248 0.443750 0.112500 0.112500 0.908277
2.000000 0.907812 0.172916 0.040625 0.045833 0.620065
2.000000 0.995312 0.145832 0.040625 0.058333 0.645511
2.000000 0.212500 0.814583 0.256250 0.320832 0.668380
2.000000 0.846876 0.208334 0.056250 0.075000 0.710158
2.000000 0.776564 0.452084 0.109375 0.112500 0.904195
2.000000 0.934376 0.143750 0.037500 0.037500 0.331133
2.000000 0.196876 0.837500 0.268750 0.341667 0.549178
2.000000 0.907812 0.172916 0.040625 0.045833 0.612135
2.000000 0.993748 0.145832 0.043750 0.058333 0.652358
2.000000 0.845312 0.208334 0.059375 0.075000 0.666732
2.000000 0.771876 0.456251 0.112500 0.112500 0.888209
2.000000 0.932812 0.147917 0.034375 0.045833 0.340798
2.000000 0.904688 0.172916 0.040625 0.045833 0.573137
2.000000 0.845312 0.208334 0.059375 0.083333 0.580395
2.000000 0.179688 0.854168 0.278125 0.341667 0.683021
2.000000 0.993748 0.145832 0.043750 0.058333 0.695244
2.000000 0.765624 0.464582 0.112500 0.112500 0.881527
2.000000 0.932812 0.149999 0.034375 0.041667 0.316545
2.000000 0.904688 0.172916 0.040625 0.045833 0.530779
2.000000 0.842188 0.212501 0.059375 0.083333 0.610919
2.000000 0.154688 0.877082 0.278125 0.354168 0.643016
2.000000 0.993748 0.145832 0.043750 0.058333 0.696494
2.000000 0.764064 0.472916 0.115625 0.120833 0.882241
2.000000 0.929688 0.149999 0.034375 0.041667 0.355274
2.000000 0.903124 0.177083 0.043750 0.045833 0.499062
2.000000 0.132812 0.902084 0.284375 0.370833 0.631425
2.000000 0.839064 0.216668 0.053125 0.075000 0.693541
2.000000 0.992188 0.149999 0.046875 0.058333 0.720795
2.000000 0.757812 0.479168 0.115625 0.116667 0.895636
2.000000 0.929688 0.152084 0.034375 0.045833 0.408458
2.000000 0.903124 0.177083 0.043750 0.045833 0.568079
2.000000 0.110936 0.925001 0.296875 0.375000 0.682641
2.000000 0.990624 0.149999 0.043750 0.058333 0.700693
2.000000 0.837500 0.218750 0.056250 0.070833 0.717463
2.000000 0.750000 0.489584 0.118750 0.120833 0.888389
2.000000 0.918752 0.162500 0.056250 0.050000 0.303262
2.000000 0.989064 0.104168 0.034375 0.033333 0.320406
2.000000 0.928124 0.152084 0.037500 0.037500 0.376584
2.000000 0.087500 0.950000 0.306250 0.391668 0.500353
2.000000 0.903124 0.179168 0.043750 0.050000 0.605891
2.000000 0.990624 0.152084 0.043750 0.054167 0.692670
2.000000 0.834376 0.220832 0.056250 0.075000 0.715316
2.000000 0.745312 0.493751 0.121875 0.120833 0.884979
2.000000 0.989064 0.106250 0.034375 0.037500 0.328580
2.000000 0.928124 0.152084 0.037500 0.045833 0.412418
2.000000 0.062500 0.977084 0.318750 0.404166 0.551034
2.000000 0.900000 0.179168 0.043750 0.050000 0.600798
2.000000 0.990624 0.154166 0.043750 0.058333 0.689196
2.000000 0.832812 0.222917 0.059375 0.070833 0.694146
2.000000 0.739064 0.504167 0.121875 0.125000 0.893765
2.000000 0.982812 0.100001 0.034375 0.041667 0.426555
2.000000 0.875000 0.183332 0.050000 0.066667 0.703993
2.000000 0.792188 0.256250 0.065625 0.079167 0.741501
2.000000 0.768748 0.320834 0.087500 0.108333 0.801132
2.000000 0.989064 0.106250 0.034375 0.037500 0.349471
2.000000 0.928124 0.154166 0.037500 0.041667 0.417304
2.000000 0.900000 0.181250 0.043750 0.045833 0.566265
2.000000 0.829688 0.220832 0.059375 0.075000 0.638325
2.000000 0.990624 0.156251 0.043750 0.054167 0.684268
2.000000 0.734376 0.512501 0.125000 0.125000 0.897967
2.000000 0.985936 0.106250 0.034375 0.037500 0.358240
2.000000 0.926564 0.158333 0.034375 0.041667 0.404402
2.000000 0.898436 0.179168 0.046875 0.050000 0.606281
2.000000 0.989064 0.156251 0.046875 0.054167 0.658248
2.000000 0.828124 0.224999 0.062500 0.075000 0.688155
2.000000 0.726564 0.520832 0.128125 0.133333 0.896104
2.000000 0.985936 0.106250 0.034375 0.037500 0.374526
2.000000 0.925000 0.158333 0.031250 0.041667 0.431019
2.000000 0.896876 0.181250 0.043750 0.054167 0.638425
2.000000 0.989064 0.156251 0.046875 0.054167 0.650675
2.000000 0.826564 0.224999 0.065625 0.075000 0.693397
2.000000 0.720312 0.529166 0.128125 0.133333 0.891587
2.000000 0.985936 0.106250 0.034375 0.037500 0.342503
2.000000 0.923436 0.158333 0.034375 0.041667 0.423212
2.000000 0.896876 0.183332 0.043750 0.050000 0.664610
2.000000 0.989064 0.158333 0.046875 0.058333 0.667172
2.000000 0.825000 0.229166 0.062500 0.075000 0.680598
2.000000 0.715624 0.539582 0.131250 0.137500 0.890831
2.000000 0.984376 0.106250 0.037500 0.037500 0.326042
2.000000 0.923436 0.158333 0.034375 0.041667 0.445340
2.000000 0.985936 0.158333 0.046875 0.058333 0.671575
2.000000 0.823436 0.229166 0.065625 0.075000 0.699878
2.000000 0.895312 0.183332 0.046875 0.050000 0.708436
2.000000 0.707812 0.550001 0.134375 0.141667 0.893930
2.000000 0.982812 0.108332 0.040625 0.041667 0.336724
2.000000 0.923436 0.160418 0.034375 0.037500 0.429396
2.000000 0.985936 0.158333 0.046875 0.058333 0.637672
2.000000 0.820312 0.231251 0.065625 0.079167 0.695459
2.000000 0.895312 0.185417 0.046875 0.054167 0.743867
2.000000 0.700000 0.562499 0.137500 0.141667 0.878212
2.000000 0.920312 0.160418 0.034375 0.037500 0.358437
2.000000 0.985936 0.158333 0.046875 0.058333 0.635750
2.000000 0.892188 0.185417 0.046875 0.054167 0.716471
2.000000 0.818752 0.233333 0.068750 0.083333 0.733896
2.000000 0.693752 0.572918 0.137500 0.145833 0.894938
2.000000 0.920312 0.162500 0.034375 0.041667 0.341818
2.000000 0.984376 0.158333 0.050000 0.058333 0.592202
2.000000 0.817188 0.233333 0.065625 0.083333 0.704162
2.000000 0.892188 0.187499 0.046875 0.050000 0.721277
2.000000 0.685936 0.583334 0.140625 0.150000 0.910029
2.000000 0.918752 0.162500 0.037500 0.041667 0.394912
2.000000 0.984376 0.158333 0.050000 0.066667 0.570965
2.000000 0.892188 0.187499 0.046875 0.050000 0.703420
2.000000 0.814064 0.237500 0.065625 0.083333 0.713435
2.000000 0.678124 0.593750 0.143750 0.154167 0.905803
2.000000 0.918752 0.164582 0.037500 0.045833 0.362874
2.000000 0.982812 0.162500 0.046875 0.066667 0.596998
2.000000 0.889064 0.191666 0.046875 0.050000 0.656080
2.000000 0.812500 0.237500 0.068750 0.083333 0.712769
2.000000 0.670312 0.606251 0.146875 0.162500 0.905327
2.000000 0.826564 0.137501 0.034375 0.033333 0.311488
2.000000 0.982812 0.100001 0.034375 0.041667 0.415068
2.000000 0.873436 0.185417 0.053125 0.062500 0.689918
2.000000 0.790624 0.258332 0.068750 0.075000 0.757064
2.000000 0.765624 0.322916 0.087500 0.112500 0.784709
2.000000 0.918752 0.166667 0.037500 0.041667 0.304624
2.000000 0.979688 0.162500 0.046875 0.066667 0.591994
2.000000 0.887500 0.191666 0.043750 0.050000 0.625516
2.000000 0.810936 0.239582 0.065625 0.079167 0.694414
2.000000 0.662500 0.614582 0.150000 0.162500 0.908631
2.000000 0.981252 0.112499 0.043750 0.050000 0.301885
2.000000 0.915624 0.166667 0.037500 0.041667 0.347544
2.000000 0.979688 0.162500 0.046875 0.066667 0.551304
2.000000 0.807812 0.241667 0.065625 0.083333 0.640605
2.000000 0.884376 0.193751 0.043750 0.045833 0.683975
2.000000 0.654688 0.631250 0.153125 0.170833 0.893450
2.000000 0.915624 0.175001 0.037500 0.041667 0.325097
2.000000 0.981252 0.114584 0.043750 0.054167 0.354967
2.000000 0.978124 0.166667 0.043750 0.058333 0.517850
2.000000 0.804688 0.245834 0.065625 0.083333 0.620577
2.000000 0.882812 0.193751 0.046875 0.054167 0.683755
2.000000 0.645312 0.643751 0.159375 0.179167 0.892743
2.000000 0.914064 0.175001 0.040625 0.041667 0.339654
2.000000 0.979688 0.116666 0.046875 0.050000 0.387632
2.000000 0.804688 0.245834 0.065625 0.083333 0.513696
2.000000 0.976564 0.170834 0.046875 0.058333 0.542825
2.000000 0.882812 0.195833 0.046875 0.050000 0.677931
2.000000 0.635936 0.658334 0.159375 0.175000 0.901812
2.000000 0.110936 0.341666 0.065625 0.058333 0.303167
2.000000 0.979688 0.116666 0.046875 0.050000 0.404129
2.000000 0.800000 0.247916 0.068750 0.087500 0.507787
2.000000 0.976564 0.170834 0.046875 0.058333 0.580219
2.000000 0.881252 0.195833 0.043750 0.058333 0.615672
2.000000 0.626564 0.672917 0.165625 0.179167 0.906460
2.000000 0.110936 0.341666 0.065625 0.058333 0.300763
2.000000 0.796876 0.250001 0.068750 0.083333 0.382436
2.000000 0.979688 0.116666 0.046875 0.050000 0.388526
2.000000 0.976564 0.172916 0.046875 0.062500 0.579407
2.000000 0.879688 0.197918 0.046875 0.054167 0.643076
2.000000 0.615624 0.685418 0.168750 0.179167 0.906775
2.000000 0.110936 0.341666 0.065625 0.058333 0.300859
2.000000 0.909376 0.179168 0.037500 0.041667 0.309483
2.000000 0.796876 0.252083 0.068750 0.087500 0.354544
2.000000 0.981252 0.112499 0.043750 0.050000 0.389489
2.000000 0.975000 0.172916 0.050000 0.062500 0.591722
2.000000 0.879688 0.200000 0.046875 0.058333 0.655596
2.000000 0.604688 0.702083 0.171875 0.187500 0.893475
2.000000 0.909376 0.179168 0.037500 0.041667 0.356054
2.000000 0.940624 0.137501 0.031250 0.041667 0.363377
2.000000 0.981252 0.110417 0.043750 0.045833 0.382273
2.000000 0.795312 0.250001 0.071875 0.091667 0.469528
2.000000 0.876564 0.200000 0.046875 0.058333 0.597054
2.000000 0.975000 0.172916 0.050000 0.062500 0.671684
2.000000 0.596876 0.720833 0.181250 0.191667 0.906965
2.000000 0.940624 0.137501 0.031250 0.041667 0.322051
2.000000 0.907812 0.179168 0.040625 0.041667 0.324307
2.000000 0.981252 0.108332 0.043750 0.041667 0.387180
2.000000 0.873436 0.197918 0.046875 0.054167 0.491610
2.000000 0.790624 0.258332 0.068750 0.083333 0.647539
2.000000 0.971876 0.175001 0.050000 0.066667 0.690159
2.000000 0.584376 0.735416 0.181250 0.195833 0.914793
2.000000 0.904688 0.175001 0.040625 0.041667 0.384703
2.000000 0.940624 0.137501 0.031250 0.041667 0.388611
2.000000 0.979688 0.106250 0.040625 0.037500 0.389759
2.000000 0.871876 0.200000 0.043750 0.058333 0.591076
2.000000 0.789064 0.260417 0.071875 0.087500 0.682654
2.000000 0.971876 0.177083 0.050000 0.062500 0.688645
2.000000 0.575000 0.758333 0.187500 0.208333 0.909824
2.000000 0.981252 0.102083 0.037500 0.045833 0.411386
2.000000 0.873436 0.187499 0.053125 0.066667 0.630396
2.000000 0.762500 0.327083 0.087500 0.112500 0.752579
2.000000 0.789064 0.260417 0.065625 0.079167 0.765433
2.000000 0.939064 0.137501 0.034375 0.041667 0.323582
2.000000 0.981252 0.106250 0.037500 0.037500 0.346068
2.000000 0.903124 0.179168 0.037500 0.041667 0.407838
2.000000 0.870312 0.200000 0.046875 0.058333 0.601396
2.000000 0.971876 0.179168 0.050000 0.066667 0.690163
2.000000 0.785936 0.262499 0.071875 0.083333 0.744950
2.000000 0.560936 0.775001 0.190625 0.216667 0.912361
2.000000 0.979688 0.104168 0.034375 0.033333 0.314464
2.000000 0.939064 0.137501 0.034375 0.041667 0.322625
2.000000 0.901564 0.179168 0.040625 0.041667 0.447592
2.000000 0.868748 0.202082 0.043750 0.062500 0.600118
2.000000 0.968752 0.179168 0.050000 0.066667 0.672939
2.000000 0.782812 0.264584 0.071875 0.087500 0.730125
2.000000 0.548436 0.791666 0.196875 0.233333 0.911565
2.000000 0.978124 0.104168 0.037500 0.033333 0.345262
2.000000 0.937500 0.137501 0.037500 0.041667 0.370808
2.000000 0.901564 0.179168 0.040625 0.050000 0.442861
2.000000 0.867188 0.204167 0.046875 0.058333 0.647166
2.000000 0.968752 0.179168 0.050000 0.066667 0.694235
2.000000 0.779688 0.266666 0.071875 0.091667 0.704717
2.000000 0.535936 0.818750 0.209375 0.229167 0.915213
2.000000 0.937500 0.137501 0.037500 0.041667 0.314792
2.000000 0.979688 0.104168 0.040625 0.033333 0.337202
2.000000 0.900000 0.181250 0.043750 0.045833 0.475193
2.000000 0.778124 0.268751 0.075000 0.087500 0.650598
2.000000 0.967188 0.181250 0.053125 0.070833 0.660882
2.000000 0.865624 0.204167 0.043750 0.058333 0.671711
2.000000 0.520312 0.841667 0.209375 0.241667 0.916179
2.000000 0.978124 0.104168 0.037500 0.033333 0.337508
2.000000 0.898436 0.183332 0.040625 0.041667 0.483813
2.000000 0.865624 0.208334 0.043750 0.058333 0.679643
2.000000 0.967188 0.181250 0.053125 0.070833 0.706974
2.000000 0.775000 0.270833 0.075000 0.091667 0.726064
2.000000 0.507812 0.868751 0.215625 0.245833 0.927569
2.000000 0.979688 0.102083 0.034375 0.037500 0.307266
2.000000 0.898436 0.183332 0.040625 0.041667 0.484188
2.000000 0.864064 0.208334 0.046875 0.058333 0.642399
2.000000 0.967188 0.181250 0.053125 0.070833 0.654032
2.000000 0.771876 0.270833 0.075000 0.091667 0.761565
2.000000 0.493748 0.893750 0.225000 0.254167 0.912151
2.000000 0.978124 0.104168 0.037500 0.041667 0.312137
2.000000 0.898436 0.187499 0.040625 0.050000 0.465187
2.000000 0.862500 0.210416 0.043750 0.054167 0.608279
2.000000 0.965624 0.185417 0.050000 0.070833 0.697814
2.000000 0.770312 0.272918 0.078125 0.095833 0.769339
2.000000 0.478124 0.918749 0.231250 0.270833 0.922279
2.000000 0.931248 0.141668 0.031250 0.041667 0.300317
2.000000 0.896876 0.193751 0.043750 0.062500 0.423639
2.000000 0.859376 0.212501 0.043750 0.058333 0.591157
2.000000 0.964064 0.185417 0.053125 0.070833 0.708389
2.000000 0.767188 0.277082 0.078125 0.095833 0.768056
2.000000 0.460936 0.945833 0.240625 0.275000 0.921191
2.000000 0.929688 0.141668 0.034375 0.041667 0.401131
2.000000 0.893748 0.189584 0.043750 0.062500 0.446734
2.000000 0.764064 0.279167 0.078125 0.100000 0.598174
2.000000 0.857812 0.212501 0.046875 0.058333 0.685755
2.000000 0.964064 0.187499 0.053125 0.066667 0.704222
2.000000 0.445312 0.979166 0.246875 0.291667 0.918663
2.000000 0.928124 0.143750 0.037500 0.045833 0.433531
2.000000 0.893748 0.183332 0.043750 0.050000 0.493875
2.000000 0.762500 0.281249 0.075000 0.095833 0.618567
2.000000 0.964064 0.187499 0.053125 0.075000 0.648984
2.000000 0.856252 0.216668 0.050000 0.058333 0.704421
2.000000 0.826564 0.137501 0.034375 0.033333 0.312814
2.000000 0.981252 0.102083 0.037500 0.045833 0.383432
2.000000 0.870312 0.187499 0.053125 0.066667 0.654735
2.000000 0.785936 0.264584 0.065625 0.079167 0.785016
2.000000 0.757812 0.333332 0.090625 0.116667 0.818865
2.000000 0.928124 0.143750 0.037500 0.045833 0.401655
2.000000 0.890624 0.185417 0.043750 0.054167 0.547073
2.000000 0.759376 0.283334 0.075000 0.100000 0.624456
2.000000 0.960936 0.189584 0.053125 0.070833 0.635485
2.000000 0.856252 0.216668 0.050000 0.058333 0.700424
2.000000 0.926564 0.147917 0.034375 0.045833 0.369800
2.000000 0.890624 0.187499 0.043750 0.050000 0.552404
2.000000 0.757812 0.287501 0.078125 0.100000 0.563946
2.000000 0.959376 0.193751 0.056250 0.070833 0.693791
2.000000 0.854688 0.220832 0.053125 0.058333 0.728092
2.000000 0.926564 0.147917 0.034375 0.045833 0.343858
2.000000 0.889064 0.187499 0.046875 0.050000 0.495763
2.000000 0.753124 0.287501 0.081250 0.091667 0.593600
2.000000 0.853124 0.220832 0.050000 0.058333 0.715199
2.000000 0.959376 0.193751 0.056250 0.070833 0.748335
2.000000 0.971876 0.108332 0.031250 0.033333 0.303126
2.000000 0.926564 0.147917 0.034375 0.045833 0.334738
2.000000 0.750000 0.289583 0.081250 0.095833 0.493870
2.000000 0.887500 0.187499 0.043750 0.050000 0.557544
2.000000 0.850000 0.222917 0.050000 0.062500 0.702644
2.000000 0.956248 0.193751 0.056250 0.070833 0.720675
2.000000 0.923436 0.152084 0.034375 0.045833 0.315898
2.000000 0.971876 0.108332 0.031250 0.033333 0.400979
2.000000 0.748436 0.293750 0.078125 0.095833 0.540215
2.000000 0.885936 0.187499 0.046875 0.050000 0.542258
2.000000 0.848436 0.224999 0.053125 0.058333 0.680174
2.000000 0.956248 0.195833 0.056250 0.075000 0.689291
2.000000 0.921876 0.152084 0.037500 0.045833 0.349419
2.000000 0.971876 0.110417 0.031250 0.037500 0.432463
2.000000 0.745312 0.295832 0.084375 0.100000 0.503002
2.000000 0.885936 0.191666 0.046875 0.050000 0.562287
2.000000 0.954688 0.197918 0.059375 0.070833 0.675478
2.000000 0.845312 0.227084 0.053125 0.062500 0.748133
2.000000 0.921876 0.152084 0.037500 0.045833 0.357774
2.000000 0.970312 0.110417 0.034375 0.037500 0.411506
2.000000 0.882812 0.193751 0.046875 0.054167 0.563312
2.000000 0.742188 0.299999 0.084375 0.100000 0.564161
2.000000 0.953124 0.200000 0.056250 0.075000 0.694333
2.000000 0.845312 0.227084 0.053125 0.062500 0.790047
2.000000 0.921876 0.154166 0.037500 0.041667 0.388069
2.000000 0.970312 0.110417 0.034375 0.037500 0.437378
2.000000 0.881252 0.193751 0.043750 0.054167 0.581988
2.000000 0.740624 0.304166 0.081250 0.100000 0.603857
2.000000 0.953124 0.204167 0.056250 0.075000 0.691216
2.000000 0.842188 0.229166 0.053125 0.058333 0.792699
2.000000 0.970312 0.110417 0.034375 0.037500 0.411327
2.000000 0.918752 0.158333 0.037500 0.041667 0.421048
2.000000 0.739064 0.306251 0.084375 0.104167 0.476707
2.000000 0.879688 0.193751 0.046875 0.054167 0.530581
2.000000 0.950000 0.206249 0.056250 0.079167 0.699331
2.000000 0.840624 0.231251 0.050000 0.062500 0.757945
2.000000 0.968752 0.114584 0.037500 0.037500 0.371829
2.000000 0.735936 0.306251 0.084375 0.104167 0.402543
2.000000 0.918752 0.154166 0.037500 0.041667 0.403747
2.000000 0.878124 0.193751 0.043750 0.054167 0.521184
2.000000 0.950000 0.208334 0.056250 0.075000 0.713553
2.000000 0.839064 0.231251 0.053125 0.062500 0.763086
2.000000 0.828124 0.135416 0.037500 0.037500 0.385935
2.000000 0.821876 0.220832 0.056250 0.058333 0.388740
2.000000 0.990624 0.095834 0.031250 0.033333 0.435853
2.000000 0.895312 0.168749 0.046875 0.062500 0.679951
2.000000 0.814064 0.270833 0.071875 0.108333 0.754030
2.000000 0.979688 0.104168 0.034375 0.041667 0.344474
2.000000 0.868748 0.187499 0.050000 0.066667 0.728142
2.000000 0.782812 0.264584 0.065625 0.079167 0.765402
2.000000 0.751564 0.335417 0.090625 0.112500 0.793790
2.000000 0.970312 0.114584 0.040625 0.037500 0.382627
2.000000 0.731252 0.310418 0.087500 0.104167 0.388197
2.000000 0.918752 0.156251 0.037500 0.045833 0.471959
2.000000 0.876564 0.195833 0.046875 0.058333 0.525207
2.000000 0.948436 0.208334 0.059375 0.075000 0.746361
2.000000 0.837500 0.233333 0.050000 0.058333 0.747600
2.000000 0.968752 0.116666 0.037500 0.041667 0.357805
2.000000 0.875000 0.204167 0.050000 0.058333 0.420027
2.000000 0.728124 0.314582 0.087500 0.104167 0.441695
2.000000 0.915624 0.156251 0.037500 0.045833 0.459348
2.000000 0.832812 0.235418 0.053125 0.062500 0.734181
2.000000 0.948436 0.212501 0.059375 0.075000 0.763429
2.000000 0.725000 0.316667 0.087500 0.108333 0.337859
2.000000 0.970312 0.116666 0.040625 0.041667 0.354060
2.000000 0.871876 0.212501 0.050000 0.066667 0.428636
2.000000 0.915624 0.158333 0.037500 0.041667 0.542025
2.000000 0.829688 0.237500 0.053125 0.058333 0.714245
2.000000 0.945312 0.214583 0.059375 0.070833 0.786166
2.000000 0.968752 0.116666 0.037500 0.041667 0.366600
2.000000 0.720312 0.320834 0.084375 0.108333 0.447671
2.000000 0.871876 0.208334 0.050000 0.066667 0.451143
2.000000 0.914064 0.158333 0.034375 0.041667 0.518306
2.000000 0.828124 0.239582 0.056250 0.062500 0.693770
2.000000 0.945312 0.216668 0.059375 0.075000 0.794882
2.000000 0.967188 0.118751 0.040625 0.037500 0.343499
2.000000 0.870312 0.220832 0.053125 0.083333 0.462792
2.000000 0.914064 0.160418 0.034375 0.045833 0.517085
2.000000 0.826564 0.241667 0.059375 0.058333 0.701289
2.000000 0.718752 0.320834 0.087500 0.108333 0.718887
2.000000 0.943752 0.216668 0.056250 0.075000 0.793726
2.000000 0.967188 0.118751 0.040625 0.037500 0.332606
2.000000 0.868748 0.206249 0.050000 0.054167 0.486776
2.000000 0.912500 0.162500 0.037500 0.041667 0.524971
2.000000 0.826564 0.243749 0.059375 0.062500 0.725330
2.000000 0.715624 0.325001 0.087500 0.108333 0.763539
2.000000 0.942188 0.218750 0.059375 0.079167 0.780447
2.000000 0.828124 0.135416 0.037500 0.029167 0.341522
2.000000 0.965624 0.118751 0.037500 0.037500 0.354811
2.000000 0.867188 0.206249 0.046875 0.054167 0.459248
2.000000 0.910936 0.160418 0.034375 0.045833 0.533660
2.000000 0.825000 0.247916 0.062500 0.062500 0.703484
2.000000 0.712500 0.329168 0.087500 0.108333 0.730751
2.000000 0.940624 0.218750 0.062500 0.079167 0.732974
2.000000 0.965624 0.118751 0.037500 0.037500 0.343740
2.000000 0.909376 0.162500 0.037500 0.041667 0.483371
2.000000 0.865624 0.206249 0.050000 0.054167 0.525972
2.000000 0.707812 0.333332 0.090625 0.108333 0.666934
2.000000 0.940624 0.220832 0.062500 0.075000 0.710901
2.000000 0.820312 0.247916 0.059375 0.062500 0.743651
2.000000 0.907812 0.162500 0.040625 0.041667 0.492179
2.000000 0.862500 0.208334 0.050000 0.050000 0.505015
2.000000 0.704688 0.337499 0.090625 0.108333 0.723366
2.000000 0.937500 0.220832 0.062500 0.075000 0.745435
2.000000 0.818752 0.247916 0.056250 0.062500 0.771688
2.000000 0.109376 0.343751 0.062500 0.054167 0.304730
2.000000 0.828124 0.135416 0.037500 0.029167 0.320818
2.000000 0.906248 0.162500 0.037500 0.041667 0.486871
2.000000 0.860936 0.212501 0.053125 0.050000 0.528680
2.000000 0.935936 0.224999 0.059375 0.075000 0.750488
2.000000 0.815624 0.250001 0.056250 0.066667 0.786089
2.000000 0.703124 0.339584 0.093750 0.112500 0.823012
2.000000 0.828124 0.137501 0.037500 0.033333 0.306280
2.000000 0.979688 0.104168 0.034375 0.041667 0.370299
2.000000 0.750000 0.341666 0.093750 0.116667 0.722856
2.000000 0.781248 0.264584 0.068750 0.079167 0.758982
2.000000 0.867188 0.187499 0.053125 0.066667 0.775300
2.000000 0.907812 0.162500 0.040625 0.041667 0.472895
2.000000 0.859376 0.212501 0.050000 0.050000 0.490539
2.000000 0.814064 0.252083 0.059375 0.062500 0.769940
2.000000 0.934376 0.227084 0.062500 0.079167 0.779763
2.000000 0.696876 0.343751 0.093750 0.112500 0.788975
2.000000 0.904688 0.164582 0.040625 0.037500 0.416180
2.000000 0.856252 0.212501 0.050000 0.050000 0.596702
2.000000 0.934376 0.229166 0.062500 0.083333 0.731430
2.000000 0.814064 0.254168 0.059375 0.066667 0.757569
2.000000 0.693752 0.347918 0.093750 0.112500 0.782146
2.000000 0.903124 0.166667 0.043750 0.041667 0.307985
2.000000 0.964064 0.118751 0.040625 0.037500 0.319238
2.000000 0.854688 0.216668 0.053125 0.050000 0.605333
2.000000 0.931248 0.233333 0.062500 0.083333 0.689732
2.000000 0.690624 0.352082 0.093750 0.112500 0.768025
2.000000 0.810936 0.256250 0.059375 0.070833 0.784827
2.000000 0.828124 0.133334 0.037500 0.033333 0.338005
2.000000 0.903124 0.166667 0.043750 0.041667 0.346739
2.000000 0.964064 0.118751 0.040625 0.037500 0.365625
2.000000 0.853124 0.214583 0.050000 0.054167 0.656330
2.000000 0.929688 0.233333 0.065625 0.083333 0.721556
2.000000 0.684376 0.354167 0.100000 0.116667 0.771427
2.000000 0.810936 0.258332 0.059375 0.066667 0.811308
2.000000 0.964064 0.120833 0.040625 0.041667 0.388135
2.000000 0.853124 0.214583 0.050000 0.054167 0.671806
2.000000 0.926564 0.235418 0.065625 0.087500 0.715645
2.000000 0.681248 0.358334 0.100000 0.116667 0.789808
2.000000 0.809376 0.262499 0.062500 0.066667 0.813315
2.000000 0.828124 0.135416 0.037500 0.029167 0.303696
2.000000 0.962500 0.120833 0.043750 0.041667 0.353881
2.000000 0.900000 0.172916 0.043750 0.045833 0.431444
2.000000 0.850000 0.214583 0.050000 0.054167 0.671554
2.000000 0.926564 0.237500 0.065625 0.091667 0.690189
2.000000 0.676564 0.360416 0.103125 0.120833 0.809171
2.000000 0.806248 0.262499 0.062500 0.066667 0.827408
2.000000 0.828124 0.135416 0.037500 0.029167 0.327048
2.000000 0.962500 0.120833 0.043750 0.041667 0.338091
2.000000 0.898436 0.172916 0.040625 0.045833 0.516257
2.000000 0.998436 0.152084 0.046875 0.054167 0.584923
2.000000 0.850000 0.216668 0.050000 0.058333 0.649943
2.000000 0.923436 0.239582 0.065625 0.087500 0.717316
2.000000 0.803124 0.264584 0.062500 0.070833 0.810042
2.000000 0.673436 0.364583 0.103125 0.120833 0.833505
2.000000 0.828124 0.135416 0.037500 0.029167 0.342831
2.000000 0.962500 0.120833 0.043750 0.041667 0.383237
2.000000 0.896876 0.172916 0.043750 0.045833 0.533492
2.000000 0.998436 0.152084 0.046875 0.054167 0.596174
2.000000 0.848436 0.220832 0.046875 0.058333 0.607791
2.000000 0.921876 0.239582 0.068750 0.087500 0.764125
2.000000 0.800000 0.264584 0.062500 0.070833 0.799187
2.000000 0.670312 0.368750 0.103125 0.120833 0.862432
2.000000 0.828124 0.137501 0.037500 0.033333 0.316297
2.000000 0.962500 0.120833 0.043750 0.041667 0.452853
2.000000 0.896876 0.172916 0.043750 0.045833 0.559683
2.000000 0.848436 0.222917 0.046875 0.054167 0.600089
2.000000 0.998436 0.152084 0.046875 0.054167 0.614475
2.000000 0.920312 0.241667 0.065625 0.091667 0.744998
2.000000 0.796876 0.266666 0.062500 0.075000 0.748100
2.000000 0.667188 0.370832 0.103125 0.125000 0.851423
2.000000 0.828124 0.135416 0.037500 0.029167 0.320191
2.000000 0.959376 0.120833 0.043750 0.041667 0.478837
2.000000 0.895312 0.177083 0.040625 0.045833 0.604515
2.000000 0.843752 0.222917 0.050000 0.054167 0.639392
2.000000 0.995312 0.152084 0.046875 0.054167 0.645525
2.000000 0.918752 0.245834 0.068750 0.091667 0.698518
2.000000 0.793752 0.270833 0.062500 0.066667 0.811511
2.000000 0.659376 0.374999 0.106250 0.125000 0.820493
2.000000 0.776564 0.268751 0.071875 0.079167 0.749063
2.000000 0.865624 0.191666 0.050000 0.066667 0.782438
2.000000 0.746876 0.341666 0.093750 0.116667 0.785532
2.000000 0.828124 0.135416 0.037500 0.029167 0.376542
2.000000 0.962500 0.122918 0.043750 0.045833 0.427858
2.000000 0.892188 0.177083 0.040625 0.045833 0.633915
2.000000 0.917188 0.250001 0.065625 0.091667 0.636295
2.000000 0.995312 0.154166 0.046875 0.058333 0.650757
2.000000 0.842188 0.224999 0.053125 0.058333 0.714480
2.000000 0.793752 0.270833 0.062500 0.075000 0.814402
2.000000 0.656248 0.379166 0.106250 0.125000 0.841810
2.000000 0.828124 0.135416 0.037500 0.029167 0.342785
2.000000 0.960936 0.122918 0.046875 0.045833 0.466043
2.000000 0.892188 0.177083 0.040625 0.045833 0.636245
2.000000 0.912500 0.250001 0.068750 0.091667 0.644549
2.000000 0.993748 0.154166 0.050000 0.058333 0.671488
2.000000 0.840624 0.227084 0.056250 0.062500 0.690768
2.000000 0.789064 0.272918 0.065625 0.070833 0.795701
2.000000 0.653124 0.385418 0.106250 0.129167 0.854463
2.000000 0.828124 0.135416 0.037500 0.029167 0.349221
2.000000 0.959376 0.122918 0.043750 0.045833 0.486819
2.000000 0.912500 0.252083 0.068750 0.095833 0.572178
2.000000 0.890624 0.179168 0.043750 0.050000 0.630084
2.000000 0.993748 0.154166 0.050000 0.058333 0.674976
2.000000 0.839064 0.229166 0.053125 0.058333 0.690076
2.000000 0.785936 0.277082 0.065625 0.070833 0.802051
2.000000 0.646876 0.389582 0.106250 0.129167 0.836631
2.000000 0.828124 0.133334 0.037500 0.033333 0.370593
2.000000 0.957812 0.122918 0.040625 0.045833 0.501461
2.000000 0.890624 0.179168 0.043750 0.050000 0.602535
2.000000 0.912500 0.256250 0.068750 0.095833 0.614608
2.000000 0.835936 0.229166 0.053125 0.058333 0.644001
2.000000 0.993748 0.156251 0.050000 0.062500 0.685542
2.000000 0.785936 0.279167 0.065625 0.066667 0.798004
2.000000 0.643748 0.393749 0.106250 0.137500 0.839512
2.000000 0.998436 0.118751 0.046875 0.054167 0.331190
2.000000 0.828124 0.133334 0.037500 0.033333 0.379725
2.000000 0.957812 0.122918 0.040625 0.045833 0.502176
2.000000 0.909376 0.258332 0.068750 0.100000 0.572513
2.000000 0.890624 0.179168 0.043750 0.050000 0.613835
2.000000 0.834376 0.231251 0.056250 0.062500 0.646443
2.000000 0.993748 0.156251 0.050000 0.062500 0.659619
2.000000 0.782812 0.281249 0.065625 0.070833 0.826684
2.000000 0.637500 0.395834 0.112500 0.133333 0.866901
2.000000 0.996876 0.118751 0.050000 0.054167 0.334334
2.000000 0.829688 0.135416 0.034375 0.029167 0.402335
2.000000 0.957812 0.122918 0.040625 0.045833 0.512560
2.000000 0.832812 0.233333 0.059375 0.066667 0.548030
2.000000 0.907812 0.262499 0.071875 0.100000 0.639478
2.000000 0.992188 0.156251 0.053125 0.062500 0.643508
2.000000 0.889064 0.183332 0.046875 0.050000 0.655155
2.000000 0.781248 0.285416 0.068750 0.070833 0.833895
2.000000 0.634376 0.402083 0.112500 0.137500 0.871280
2.000000 0.996876 0.120833 0.050000 0.050000 0.327636
2.000000 0.829688 0.135416 0.034375 0.029167 0.390689
2.000000 0.904688 0.266666 0.071875 0.100000 0.476117
2.000000 0.957812 0.122918 0.040625 0.045833 0.546948
2.000000 0.831248 0.235418 0.056250 0.062500 0.579196
2.000000 0.887500 0.183332 0.043750 0.050000 0.614850
2.000000 0.992188 0.156251 0.053125 0.062500 0.634536
2.000000 0.778124 0.287501 0.068750 0.075000 0.820495
2.000000 0.629688 0.408332 0.115625 0.141667 0.868867
2.000000 0.995312 0.120833 0.053125 0.050000 0.319788
2.000000 0.829688 0.135416 0.034375 0.029167 0.359550
2.000000 0.828124 0.239582 0.056250 0.054167 0.569140
2.000000 0.956248 0.122918 0.043750 0.045833 0.585889
2.000000 0.903124 0.266666 0.075000 0.100000 0.607703
2.000000 0.884376 0.185417 0.043750 0.054167 0.617535
2.000000 0.992188 0.158333 0.053125 0.066667 0.649710
2.000000 0.775000 0.291668 0.068750 0.075000 0.827413
2.000000 0.625000 0.410417 0.112500 0.145833 0.843658
2.000000 0.828124 0.133334 0.037500 0.033333 0.359309
2.000000 0.903124 0.268751 0.075000 0.104167 0.495089
2.000000 0.884376 0.185417 0.043750 0.054167 0.596043
2.000000 0.825000 0.241667 0.056250 0.058333 0.607111
2.000000 0.956248 0.122918 0.043750 0.045833 0.618293
2.000000 0.990624 0.158333 0.056250 0.066667 0.647212
2.000000 0.620312 0.414584 0.115625 0.145833 0.793723
2.000000 0.773436 0.291668 0.071875 0.075000 0.799961
2.000000 0.828124 0.133334 0.037500 0.033333 0.391946
2.000000 0.900000 0.272918 0.075000 0.104167 0.568608
2.000000 0.882812 0.185417 0.046875 0.054167 0.605306
2.000000 0.954688 0.122918 0.040625 0.045833 0.625393
2.000000 0.823436 0.243749 0.053125 0.054167 0.634961
2.000000 0.989064 0.158333 0.053125 0.066667 0.642640
2.000000 0.768748 0.293750 0.068750 0.079167 0.794570
2.000000 0.614064 0.420833 0.121875 0.150000 0.828976
2.000000 0.773436 0.270833 0.071875 0.083333 0.756217
2.000000 0.743748 0.347918 0.093750 0.120833 0.764672
2.000000 0.864064 0.191666 0.053125 0.066667 0.780450
2.000000 0.828124 0.133334 0.037500 0.033333 0.301783
2.000000 0.881252 0.187499 0.043750 0.050000 0.623061
2.000000 0.954688 0.125000 0.040625 0.050000 0.625844
2.000000 0.987500 0.158333 0.056250 0.066667 0.628225
2.000000 0.821876 0.243749 0.056250 0.054167 0.648928
2.000000 0.896876 0.275000 0.075000 0.100000 0.657050
2.000000 0.767188 0.295832 0.065625 0.075000 0.798779
2.000000 0.609376 0.420833 0.118750 0.150000 0.859662
2.000000 0.990624 0.122918 0.050000 0.054167 0.357616
2.000000 0.987500 0.158333 0.056250 0.066667 0.580673
2.000000 0.879688 0.187499 0.046875 0.050000 0.617620
2.000000 0.951564 0.125000 0.040625 0.050000 0.620222
2.000000 0.895312 0.275000 0.078125 0.100000 0.691364
2.000000 0.818752 0.245834 0.056250 0.058333 0.714915
2.000000 0.765624 0.297917 0.068750 0.079167 0.769661
2.000000 0.604688 0.429167 0.121875 0.150000 0.824499
2.000000 0.990624 0.125000 0.050000 0.050000 0.339899
2.000000 0.985936 0.164582 0.053125 0.062500 0.550767
2.000000 0.950000 0.127082 0.037500 0.045833 0.576545
2.000000 0.878124 0.187499 0.043750 0.050000 0.636221
2.000000 0.893748 0.281249 0.075000 0.104167 0.652718
2.000000 0.815624 0.245834 0.056250 0.058333 0.716313
2.000000 0.764064 0.299999 0.065625 0.075000 0.763132
2.000000 0.598436 0.437501 0.121875 0.150000 0.801501
2.000000 0.990624 0.125000 0.050000 0.050000 0.376795
2.000000 0.984376 0.166667 0.050000 0.058333 0.532658
2.000000 0.890624 0.283334 0.075000 0.108333 0.562711
2.000000 0.950000 0.127082 0.037500 0.045833 0.569154
2.000000 0.878124 0.189584 0.043750 0.054167 0.639712
2.000000 0.815624 0.250001 0.062500 0.058333 0.731093
2.000000 0.759376 0.302084 0.075000 0.079167 0.800640
2.000000 0.592188 0.439583 0.121875 0.154167 0.867989
2.000000 0.990624 0.125000 0.050000 0.050000 0.346379
2.000000 0.889064 0.287501 0.078125 0.108333 0.540522
2.000000 0.950000 0.127082 0.037500 0.045833 0.564508
2.000000 0.984376 0.166667 0.056250 0.066667 0.595802
2.000000 0.875000 0.191666 0.043750 0.050000 0.640770
2.000000 0.814064 0.252083 0.059375 0.062500 0.700388
2.000000 0.754688 0.306251 0.071875 0.079167 0.798583
2.000000 0.587500 0.447917 0.125000 0.154167 0.863646
2.000000 0.990624 0.127082 0.050000 0.054167 0.342307
2.000000 0.871876 0.191666 0.043750 0.050000 0.511993
2.000000 0.982812 0.168749 0.053125 0.062500 0.552490
2.000000 0.950000 0.127082 0.037500 0.045833 0.554476
2.000000 0.884376 0.291668 0.081250 0.108333 0.688256
2.000000 0.812500 0.254168 0.062500 0.066667 0.701113
2.000000 0.751564 0.308333 0.071875 0.083333 0.802634
2.000000 0.581248 0.454166 0.125000 0.158333 0.874520
2.000000 0.989064 0.149999 0.059375 0.075000 0.311999
2.000000 0.990624 0.127082 0.050000 0.054167 0.368945
2.000000 0.950000 0.129167 0.037500 0.050000 0.478833
2.000000 0.981252 0.175001 0.050000 0.050000 0.561877
2.000000 0.873436 0.193751 0.046875 0.054167 0.625726
2.000000 0.810936 0.256250 0.059375 0.062500 0.754721
2.000000 0.882812 0.295832 0.084375 0.108333 0.770064
2.000000 0.746876 0.310418 0.075000 0.079167 0.784305
2.000000 0.576564 0.460418 0.128125 0.162500 0.795408
2.000000 0.990624 0.125000 0.050000 0.050000 0.395679
2.000000 0.950000 0.129167 0.037500 0.050000 0.458971
2.000000 0.870312 0.193751 0.046875 0.054167 0.587441
2.000000 0.981252 0.175001 0.050000 0.058333 0.597247
2.000000 0.807812 0.258332 0.059375 0.066667 0.780479
2.000000 0.881252 0.299999 0.081250 0.108333 0.792156
2.000000 0.568752 0.466667 0.131250 0.166667 0.818889
2.000000 0.745312 0.316667 0.078125 0.075000 0.832930
2.000000 0.990624 0.127082 0.050000 0.054167 0.379726
2.000000 0.946876 0.131249 0.037500 0.045833 0.430515
2.000000 0.979688 0.175001 0.053125 0.058333 0.607151
2.000000 0.868748 0.195833 0.050000 0.058333 0.615983
2.000000 0.806248 0.258332 0.062500 0.066667 0.767824
2.000000 0.878124 0.302084 0.081250 0.112500 0.786475
2.000000 0.742188 0.318749 0.078125 0.079167 0.848672
2.000000 0.562500 0.472916 0.131250 0.162500 0.875618
2.000000 0.989064 0.129167 0.053125 0.058333 0.333156
2.000000 0.945312 0.131249 0.034375 0.045833 0.438212
2.000000 0.979688 0.177083 0.053125 0.054167 0.578896
2.000000 0.867188 0.195833 0.046875 0.058333 0.657347
2.000000 0.803124 0.262499 0.062500 0.066667 0.730087
2.000000 0.876564 0.306251 0.084375 0.104167 0.806814
2.000000 0.737500 0.320834 0.075000 0.083333 0.821155
2.000000 0.556248 0.477083 0.137500 0.170833 0.851531
2.000000 0.978124 0.104168 0.031250 0.041667 0.303154
2.000000 0.864064 0.193751 0.053125 0.070833 0.782146
2.000000 0.770312 0.272918 0.071875 0.087500 0.783785
2.000000 0.737500 0.352082 0.093750 0.120833 0.787454
2.000000 0.987500 0.152084 0.062500 0.079167 0.303642
2.000000 0.989064 0.127082 0.053125 0.054167 0.347570
2.000000 0.946876 0.131249 0.037500 0.045833 0.482037
2.000000 0.979688 0.179168 0.053125 0.058333 0.599385
2.000000 0.800000 0.262499 0.056250 0.066667 0.672566
2.000000 0.867188 0.195833 0.046875 0.058333 0.673688
2.000000 0.876564 0.310418 0.084375 0.112500 0.774096
2.000000 0.735936 0.322916 0.078125 0.079167 0.819147
2.000000 0.548436 0.485417 0.140625 0.170833 0.873767
2.000000 0.987500 0.129167 0.050000 0.050000 0.307866
2.000000 0.946876 0.131249 0.037500 0.045833 0.521752
2.000000 0.976564 0.177083 0.053125 0.062500 0.598597
2.000000 0.796876 0.264584 0.056250 0.062500 0.667448
2.000000 0.865624 0.200000 0.050000 0.058333 0.693209
2.000000 0.871876 0.314582 0.081250 0.112500 0.788697
2.000000 0.731252 0.329168 0.075000 0.083333 0.796683
2.000000 0.540624 0.491666 0.143750 0.175000 0.834811
2.000000 0.987500 0.129167 0.050000 0.050000 0.316630
2.000000 0.982812 0.154166 0.059375 0.083333 0.369443
2.000000 0.945312 0.131249 0.040625 0.045833 0.523003
2.000000 0.976564 0.177083 0.053125 0.062500 0.628405
2.000000 0.865624 0.200000 0.050000 0.058333 0.693590
2.000000 0.795312 0.268751 0.059375 0.062500 0.695615
2.000000 0.870312 0.318749 0.084375 0.112500 0.791624
2.000000 0.728124 0.329168 0.081250 0.083333 0.806934
2.000000 0.535936 0.495833 0.140625 0.183333 0.876295
2.000000 0.987500 0.129167 0.050000 0.050000 0.336249
2.000000 0.982812 0.149999 0.059375 0.075000 0.366675
2.000000 0.945312 0.131249 0.040625 0.045833 0.529267
2.000000 0.975000 0.179168 0.056250 0.066667 0.625929
2.000000 0.867188 0.322916 0.084375 0.112500 0.657721
2.000000 0.793752 0.266666 0.056250 0.066667 0.688517
2.000000 0.862500 0.200000 0.050000 0.058333 0.704413
2.000000 0.528124 0.504167 0.143750 0.183333 0.753222
2.000000 0.723436 0.331250 0.078125 0.087500 0.775711
2.000000 0.987500 0.129167 0.050000 0.050000 0.308711
2.000000 0.982812 0.147917 0.059375 0.070833 0.362790
2.000000 0.945312 0.133334 0.040625 0.050000 0.530663
2.000000 0.865624 0.325001 0.087500 0.116667 0.609954
2.000000 0.975000 0.179168 0.056250 0.066667 0.616016
2.000000 0.859376 0.200000 0.050000 0.058333 0.691828
2.000000 0.790624 0.270833 0.056250 0.066667 0.722959
2.000000 0.521876 0.512501 0.143750 0.183333 0.778969
2.000000 0.721876 0.335417 0.081250 0.087500 0.793926
2.000000 0.982812 0.145832 0.059375 0.066667 0.353072
2.000000 0.945312 0.133334 0.040625 0.050000 0.547493
2.000000 0.860936 0.329168 0.090625 0.116667 0.555499
2.000000 0.973436 0.179168 0.059375 0.066667 0.644269
2.000000 0.857812 0.202082 0.053125 0.062500 0.725432
2.000000 0.785936 0.272918 0.059375 0.070833 0.730623
2.000000 0.717188 0.339584 0.084375 0.087500 0.842077
2.000000 0.514064 0.518750 0.146875 0.187500 0.874442
2.000000 0.981252 0.145832 0.056250 0.058333 0.340734
2.000000 0.940624 0.135416 0.037500 0.045833 0.502655
2.000000 0.971876 0.181250 0.056250 0.062500 0.624390
2.000000 0.857812 0.202082 0.053125 0.062500 0.659333
2.000000 0.857812 0.333332 0.090625 0.116667 0.729866
2.000000 0.782812 0.275000 0.059375 0.066667 0.767393
2.000000 0.712500 0.343751 0.081250 0.087500 0.852029
2.000000 0.503124 0.527084 0.150000 0.187500 0.873618
2.000000 0.982812 0.129167 0.046875 0.050000 0.353756
2.000000 0.940624 0.135416 0.037500 0.045833 0.541200
2.000000 0.973436 0.183332 0.059375 0.066667 0.656651
2.000000 0.853124 0.210416 0.050000 0.054167 0.666349
2.000000 0.854688 0.335417 0.090625 0.120833 0.768513
2.000000 0.782812 0.279167 0.059375 0.066667 0.794842
2.000000 0.709376 0.343751 0.081250 0.087500 0.844411
2.000000 0.495312 0.535418 0.153125 0.187500 0.892491
2.000000 0.981252 0.145832 0.050000 0.058333 0.353151
2.000000 0.939064 0.139583 0.034375 0.045833 0.472641
2.000000 0.970312 0.183332 0.059375 0.066667 0.659369
2.000000 0.851564 0.210416 0.046875 0.054167 0.687643
2.000000 0.851564 0.341666 0.090625 0.116667 0.687699
2.000000 0.779688 0.281249 0.059375 0.070833 0.758540
2.000000 0.706248 0.347918 0.081250 0.087500 0.837144
2.000000 0.487500 0.545834 0.156250 0.191667 0.867234
2.000000 0.982812 0.147917 0.053125 0.062500 0.330071
2.000000 0.937500 0.139583 0.037500 0.045833 0.487801
2.000000 0.848436 0.347918 0.090625 0.129167 0.622998
2.000000 0.968752 0.187499 0.056250 0.066667 0.641742
2.000000 0.850000 0.212501 0.050000 0.058333 0.686903
2.000000 0.776564 0.285416 0.059375 0.070833 0.757642
2.000000 0.703124 0.352082 0.081250 0.087500 0.852731
2.000000 0.481252 0.552083 0.162500 0.204167 0.883540
2.000000 0.978124 0.104168 0.031250 0.041667 0.362685
2.000000 0.862500 0.195833 0.056250 0.066667 0.800697
2.000000 0.734376 0.354167 0.100000 0.125000 0.821390
2.000000 0.767188 0.277082 0.071875 0.087500 0.823779
2.000000 0.982812 0.147917 0.053125 0.062500 0.342655
2.000000 0.937500 0.139583 0.037500 0.045833 0.470573
2.000000 0.967188 0.187499 0.059375 0.066667 0.661721
2.000000 0.848436 0.212501 0.046875 0.058333 0.708797
2.000000 0.845312 0.354167 0.090625 0.125000 0.717152
2.000000 0.775000 0.285416 0.062500 0.070833 0.745679
2.000000 0.701564 0.356249 0.084375 0.087500 0.829077
2.000000 0.471876 0.560417 0.162500 0.212500 0.877110
2.000000 0.981252 0.149999 0.056250 0.066667 0.336334
2.000000 0.937500 0.141668 0.037500 0.050000 0.477753
2.000000 0.846876 0.212501 0.043750 0.058333 0.571595
2.000000 0.965624 0.191666 0.056250 0.066667 0.683162
2.000000 0.773436 0.285416 0.065625 0.070833 0.762985
2.000000 0.696876 0.362501 0.087500 0.091667 0.801945
2.000000 0.842188 0.356249 0.090625 0.129167 0.827058
2.000000 0.467188 0.564584 0.171875 0.220833 0.847465
2.000000 0.975000 0.145832 0.062500 0.058333 0.328582
2.000000 0.937500 0.141668 0.037500 0.050000 0.512721
2.000000 0.845312 0.214583 0.046875 0.054167 0.628441
2.000000 0.965624 0.189584 0.056250 0.070833 0.641079
2.000000 0.768748 0.287501 0.062500 0.075000 0.772912
2.000000 0.459376 0.570833 0.181250 0.233333 0.796420
2.000000 0.693752 0.366668 0.093750 0.091667 0.810250
2.000000 0.840624 0.360416 0.093750 0.129167 0.838020
2.000000 0.978124 0.145832 0.056250 0.058333 0.371695
2.000000 0.935936 0.141668 0.040625 0.050000 0.515774
2.000000 0.965624 0.193751 0.062500 0.070833 0.657904
2.000000 0.842188 0.216668 0.046875 0.058333 0.671933
2.000000 0.767188 0.289583 0.065625 0.070833 0.787559
2.000000 0.687500 0.366668 0.087500 0.091667 0.813243
2.000000 0.835936 0.362501 0.096875 0.133333 0.861357
2.000000 0.448436 0.583334 0.178125 0.225000 0.867176
2.000000 0.978124 0.145832 0.056250 0.058333 0.385224
2.000000 0.935936 0.141668 0.040625 0.050000 0.538368
2.000000 0.965624 0.193751 0.062500 0.070833 0.683578
2.000000 0.842188 0.216668 0.046875 0.058333 0.705775
2.000000 0.764064 0.291668 0.065625 0.075000 0.802859
2.000000 0.682812 0.370832 0.090625 0.091667 0.805594
2.000000 0.440624 0.591668 0.187500 0.233333 0.831781
2.000000 0.832812 0.370832 0.096875 0.133333 0.846485
2.000000 0.979688 0.145832 0.059375 0.058333 0.406798
2.000000 0.935936 0.141668 0.040625 0.050000 0.524277
2.000000 0.962500 0.193751 0.062500 0.070833 0.676827
2.000000 0.840624 0.218750 0.050000 0.062500 0.749126
2.000000 0.760936 0.295832 0.065625 0.075000 0.793834
2.000000 0.675000 0.372917 0.093750 0.095833 0.831844
2.000000 0.829688 0.377084 0.103125 0.137500 0.839631
2.000000 0.423436 0.604166 0.178125 0.233333 0.868753
2.000000 0.978124 0.145832 0.056250 0.058333 0.403399
2.000000 0.934376 0.139583 0.037500 0.045833 0.500000
2.000000 0.960936 0.193751 0.059375 0.070833 0.654977
2.000000 0.840624 0.222917 0.050000 0.062500 0.763851
2.000000 0.759376 0.297917 0.068750 0.079167 0.800890
2.000000 0.673436 0.379166 0.096875 0.100000 0.860086
2.000000 0.826564 0.381251 0.103125 0.137500 0.867440
2.000000 0.417188 0.616667 0.184375 0.241667 0.899899
2.000000 0.932812 0.143750 0.034375 0.045833 0.395835
2.000000 0.978124 0.149999 0.056250 0.058333 0.419935
2.000000 0.960936 0.193751 0.059375 0.070833 0.632285
2.000000 0.839064 0.222917 0.053125 0.062500 0.747879
2.000000 0.757812 0.299999 0.071875 0.075000 0.779731
2.000000 0.821876 0.387500 0.106250 0.141667 0.848730
2.000000 0.404688 0.625001 0.184375 0.241667 0.864866
2.000000 0.668752 0.383333 0.093750 0.100000 0.878806
2.000000 0.931248 0.143750 0.037500 0.045833 0.366130
2.000000 0.976564 0.152084 0.059375 0.062500 0.398715
2.000000 0.957812 0.195833 0.059375 0.075000 0.571490
2.000000 0.835936 0.227084 0.053125 0.062500 0.732165
2.000000 0.751564 0.304166 0.071875 0.075000 0.770082
2.000000 0.818752 0.389582 0.106250 0.137500 0.826862
2.000000 0.665624 0.387500 0.093750 0.108333 0.857868
2.000000 0.392188 0.639584 0.190625 0.245833 0.877855
2.000000 0.931248 0.143750 0.037500 0.045833 0.340381
2.000000 0.976564 0.152084 0.053125 0.054167 0.399466
2.000000 0.959376 0.200000 0.062500 0.075000 0.626813
2.000000 0.834376 0.227084 0.056250 0.062500 0.743477
2.000000 0.750000 0.306251 0.075000 0.079167 0.790750
2.000000 0.660936 0.389582 0.096875 0.104167 0.866397
2.000000 0.815624 0.395834 0.106250 0.141667 0.870096
2.000000 0.381252 0.652082 0.200000 0.254167 0.873347
2.000000 0.978124 0.104168 0.031250 0.041667 0.365874
2.000000 0.860936 0.197918 0.059375 0.070833 0.804128
2.000000 0.731252 0.358334 0.100000 0.125000 0.812400
2.000000 0.765624 0.281249 0.075000 0.087500 0.822253
2.000000 0.929688 0.143750 0.034375 0.045833 0.339034
2.000000 0.973436 0.149999 0.053125 0.050000 0.419804
2.000000 0.957812 0.202082 0.065625 0.070833 0.647312
2.000000 0.812500 0.402083 0.106250 0.145833 0.747834
2.000000 0.832812 0.227084 0.059375 0.062500 0.765908
2.000000 0.746876 0.310418 0.075000 0.079167 0.831551
2.000000 0.367188 0.662501 0.196875 0.258333 0.850407
2.000000 0.656248 0.393749 0.100000 0.104167 0.862660
2.000000 0.929688 0.143750 0.034375 0.045833 0.342469
2.000000 0.973436 0.149999 0.053125 0.050000 0.445143
2.000000 0.957812 0.204167 0.071875 0.075000 0.665929
2.000000 0.831248 0.229166 0.062500 0.066667 0.764501
2.000000 0.807812 0.410417 0.109375 0.145833 0.802841
2.000000 0.651564 0.400001 0.096875 0.108333 0.842287
2.000000 0.742188 0.314582 0.078125 0.079167 0.848269
2.000000 0.356252 0.677084 0.206250 0.262500 0.894462
2.000000 0.928124 0.145832 0.037500 0.050000 0.319967
2.000000 0.973436 0.152084 0.053125 0.054167 0.423718
2.000000 0.953124 0.204167 0.062500 0.075000 0.622496
2.000000 0.828124 0.231251 0.062500 0.062500 0.748801
2.000000 0.804688 0.414584 0.109375 0.145833 0.809689
2.000000 0.648436 0.404168 0.096875 0.108333 0.854701
2.000000 0.740624 0.314582 0.075000 0.079167 0.864329
2.000000 0.342188 0.687500 0.209375 0.275000 0.892493
2.000000 0.928124 0.145832 0.037500 0.050000 0.300903
2.000000 0.973436 0.154166 0.053125 0.058333 0.390966
2.000000 0.951564 0.206249 0.059375 0.070833 0.671924
2.000000 0.826564 0.233333 0.059375 0.066667 0.697644
2.000000 0.800000 0.418751 0.112500 0.145833 0.832875
2.000000 0.642188 0.410417 0.103125 0.104167 0.847934
2.000000 0.328124 0.700001 0.212500 0.275000 0.849661
2.000000 0.737500 0.318749 0.075000 0.079167 0.852862
2.000000 0.928124 0.145832 0.037500 0.050000 0.333610
2.000000 0.964064 0.175001 0.065625 0.075000 0.337611
2.000000 0.971876 0.154166 0.050000 0.058333 0.424245
2.000000 0.825000 0.233333 0.062500 0.066667 0.636475
2.000000 0.950000 0.208334 0.056250 0.075000 0.697732
2.000000 0.795312 0.427082 0.115625 0.154167 0.798043
2.000000 0.637500 0.412499 0.106250 0.108333 0.830220
2.000000 0.734376 0.322916 0.075000 0.079167 0.837491
2.000000 0.317188 0.712499 0.221875 0.291667 0.902103
2.000000 0.926564 0.147917 0.040625 0.054167 0.330726
2.000000 0.970312 0.158333 0.053125 0.058333 0.437062
2.000000 0.820312 0.239582 0.059375 0.062500 0.686437
2.000000 0.948436 0.208334 0.059375 0.075000 0.696666
2.000000 0.792188 0.431249 0.115625 0.162500 0.819987
2.000000 0.731252 0.322916 0.075000 0.079167 0.828223
2.000000 0.632812 0.420833 0.103125 0.108333 0.867299
2.000000 0.300000 0.731249 0.225000 0.287500 0.879338
2.000000 0.925000 0.152084 0.037500 0.054167 0.344204
2.000000 0.968752 0.164582 0.062500 0.070833 0.454952
2.000000 0.948436 0.208334 0.059375 0.075000 0.687652
2.000000 0.820312 0.239582 0.059375 0.062500 0.693106
2.000000 0.728124 0.325001 0.075000 0.083333 0.829860
2.000000 0.787500 0.439583 0.118750 0.162500 0.861821
2.000000 0.628124 0.425000 0.106250 0.108333 0.867614
2.000000 0.287500 0.741668 0.231250 0.300000 0.888689
2.000000 0.925000 0.152084 0.037500 0.054167 0.318304
2.000000 0.967188 0.160418 0.059375 0.062500 0.430194
2.000000 0.817188 0.241667 0.059375 0.066667 0.688609
2.000000 0.946876 0.212501 0.062500 0.075000 0.693123
2.000000 0.725000 0.327083 0.081250 0.087500 0.806856
2.000000 0.270312 0.762500 0.234375 0.300000 0.833732
2.000000 0.782812 0.447917 0.121875 0.162500 0.843751
2.000000 0.623436 0.429167 0.103125 0.116667 0.872804
2.000000 0.967188 0.162500 0.059375 0.066667 0.469366
2.000000 0.815624 0.245834 0.062500 0.066667 0.667418
2.000000 0.946876 0.212501 0.062500 0.075000 0.681894
2.000000 0.253124 0.779168 0.243750 0.316668 0.792670
2.000000 0.721876 0.333332 0.081250 0.091667 0.802306
2.000000 0.778124 0.454166 0.125000 0.166667 0.864855
2.000000 0.618748 0.435416 0.106250 0.112500 0.892914
2.000000 0.965624 0.166667 0.062500 0.075000 0.400204
2.000000 0.815624 0.245834 0.068750 0.066667 0.667687
2.000000 0.943752 0.216668 0.062500 0.075000 0.697140
2.000000 0.773436 0.460418 0.121875 0.162500 0.774867
2.000000 0.235936 0.795833 0.253125 0.324999 0.816090
2.000000 0.715624 0.337499 0.081250 0.091667 0.829982
2.000000 0.612500 0.439583 0.112500 0.112500 0.888109
2.000000 0.976564 0.106250 0.034375 0.037500 0.464560
2.000000 0.860936 0.197918 0.059375 0.070833 0.776391
2.000000 0.726564 0.364583 0.103125 0.129167 0.803899
2.000000 0.760936 0.281249 0.071875 0.087500 0.813181
2.000000 0.965624 0.164582 0.062500 0.070833 0.419663
2.000000 0.943752 0.216668 0.062500 0.075000 0.678442
2.000000 0.815624 0.247916 0.068750 0.070833 0.692517
2.000000 0.217188 0.812501 0.253125 0.333333 0.814535
2.000000 0.768748 0.468749 0.125000 0.170833 0.820786
2.000000 0.712500 0.339584 0.081250 0.087500 0.858466
2.000000 0.607812 0.445832 0.109375 0.116667 0.897907
2.000000 0.965624 0.164582 0.062500 0.070833 0.402296
2.000000 0.815624 0.245834 0.075000 0.075000 0.654762
2.000000 0.942188 0.218750 0.065625 0.079167 0.694929
2.000000 0.200000 0.827084 0.268750 0.345834 0.733189
2.000000 0.765624 0.475001 0.125000 0.175000 0.798621
2.000000 0.710936 0.343751 0.084375 0.087500 0.856388
2.000000 0.601564 0.449999 0.109375 0.116667 0.876046
2.000000 0.918752 0.154166 0.037500 0.050000 0.317269
2.000000 0.962500 0.164582 0.056250 0.070833 0.372381
2.000000 0.939064 0.218750 0.065625 0.079167 0.685811
2.000000 0.810936 0.250001 0.071875 0.066667 0.693411
2.000000 0.759376 0.483332 0.131250 0.183333 0.772580
2.000000 0.179688 0.852083 0.271875 0.345834 0.815127
2.000000 0.707812 0.345833 0.084375 0.091667 0.851083
2.000000 0.596876 0.456251 0.112500 0.120833 0.874821
2.000000 0.960936 0.166667 0.059375 0.066667 0.363750
2.000000 0.807812 0.252083 0.071875 0.070833 0.593016
2.000000 0.939064 0.222917 0.065625 0.079167 0.639583
2.000000 0.756252 0.493751 0.131250 0.179167 0.699869
2.000000 0.706248 0.347918 0.087500 0.087500 0.859504
2.000000 0.160936 0.872918 0.278125 0.354168 0.864736
2.000000 0.590624 0.462500 0.112500 0.116667 0.886600
2.000000 0.960936 0.166667 0.059375 0.066667 0.380753
2.000000 0.806248 0.256250 0.068750 0.070833 0.453812
2.000000 0.748436 0.500000 0.134375 0.183333 0.660979
2.000000 0.935936 0.222917 0.065625 0.079167 0.661209
2.000000 0.135936 0.895832 0.290625 0.366666 0.833088
2.000000 0.700000 0.354167 0.087500 0.083333 0.840667
2.000000 0.584376 0.468749 0.112500 0.120833 0.873344
2.000000 0.915624 0.158333 0.037500 0.050000 0.350156
2.000000 0.806248 0.258332 0.075000 0.075000 0.452135
2.000000 0.960936 0.168749 0.059375 0.070833 0.461100
2.000000 0.935936 0.224999 0.065625 0.075000 0.672663
2.000000 0.743748 0.508334 0.137500 0.183333 0.849622
2.000000 0.696876 0.356249 0.087500 0.087500 0.851077
2.000000 0.115624 0.916667 0.300000 0.375000 0.874726
2.000000 0.579688 0.475001 0.115625 0.125000 0.884737
2.000000 0.915624 0.158333 0.037500 0.050000 0.352044
2.000000 0.959376 0.172916 0.062500 0.070833 0.442167
2.000000 0.800000 0.260417 0.068750 0.070833 0.623088
2.000000 0.935936 0.227084 0.071875 0.079167 0.633996
2.000000 0.734376 0.520832 0.143750 0.191667 0.793107
2.000000 0.693752 0.360416 0.087500 0.087500 0.858597
2.000000 0.571876 0.481250 0.118750 0.129167 0.861593
2.000000 0.090624 0.941666 0.306250 0.399999 0.903518
2.000000 0.914064 0.158333 0.040625 0.050000 0.369126
2.000000 0.959376 0.175001 0.062500 0.066667 0.469306
2.000000 0.932812 0.229166 0.065625 0.083333 0.597243
2.000000 0.796876 0.262499 0.068750 0.075000 0.625254
2.000000 0.729688 0.531251 0.140625 0.195833 0.743668
2.000000 0.687500 0.362501 0.087500 0.091667 0.860396
2.000000 0.565624 0.489584 0.118750 0.129167 0.866730
2.000000 0.064064 0.966668 0.321875 0.408333 0.882995
2.000000 0.114064 0.347918 0.065625 0.054167 0.333954
2.000000 0.914064 0.160418 0.040625 0.045833 0.365137
2.000000 0.959376 0.179168 0.062500 0.075000 0.452912
2.000000 0.929688 0.231251 0.065625 0.079167 0.572772
2.000000 0.792188 0.264584 0.065625 0.070833 0.705260
2.000000 0.726564 0.539582 0.146875 0.195833 0.806624
2.000000 0.682812 0.366668 0.090625 0.091667 0.840240
2.000000 0.557812 0.493751 0.121875 0.129167 0.879465
2.000000 0.040624 0.997916 0.331250 0.420834 0.883357
2.000000 0.912500 0.160418 0.037500 0.045833 0.332165
2.000000 0.957812 0.175001 0.059375 0.066667 0.407372
2.000000 0.929688 0.233333 0.065625 0.083333 0.526977
2.000000 0.789064 0.268751 0.065625 0.070833 0.746070
2.000000 0.720312 0.547916 0.146875 0.195833 0.787608
2.000000 0.551564 0.504167 0.121875 0.133333 0.833223
2.000000 0.676564 0.372917 0.096875 0.095833 0.843736
2.000000 0.976564 0.108332 0.034375 0.041667 0.539866
2.000000 0.998436 0.145832 0.046875 0.041667 0.561100
2.000000 0.721876 0.368750 0.100000 0.129167 0.738394
2.000000 0.857812 0.200000 0.059375 0.075000 0.789414
2.000000 0.759376 0.287501 0.075000 0.091667 0.813989
2.000000 0.909376 0.160418 0.037500 0.045833 0.332034
2.000000 0.957812 0.181250 0.065625 0.070833 0.458951
2.000000 0.928124 0.233333 0.062500 0.083333 0.553053
2.000000 0.787500 0.270833 0.068750 0.075000 0.732583
2.000000 0.714064 0.562499 0.153125 0.208333 0.798881
2.000000 0.673436 0.372917 0.096875 0.095833 0.866889
2.000000 0.545312 0.508334 0.121875 0.133333 0.871903
2.000000 0.114064 0.345833 0.065625 0.058333 0.313969
2.000000 0.909376 0.162500 0.037500 0.050000 0.342007
2.000000 0.956248 0.185417 0.068750 0.079167 0.466642
2.000000 0.925000 0.237500 0.068750 0.083333 0.594486
2.000000 0.785936 0.270833 0.065625 0.075000 0.743747
2.000000 0.706248 0.568751 0.150000 0.212500 0.857602
2.000000 0.670312 0.377084 0.090625 0.095833 0.874426
2.000000 0.537500 0.516668 0.125000 0.133333 0.878989
2.000000 0.909376 0.162500 0.037500 0.050000 0.346470
2.000000 0.956248 0.187499 0.068750 0.083333 0.461659
2.000000 0.921876 0.239582 0.068750 0.087500 0.615512
2.000000 0.784376 0.272918 0.068750 0.079167 0.716416
2.000000 0.701564 0.581249 0.153125 0.220833 0.766228
2.000000 0.665624 0.381251 0.093750 0.095833 0.874487
2.000000 0.531248 0.522917 0.125000 0.137500 0.893238
2.000000 0.906248 0.164582 0.037500 0.045833 0.329887
2.000000 0.954688 0.187499 0.065625 0.075000 0.453836
2.000000 0.921876 0.239582 0.068750 0.087500 0.603838
2.000000 0.781248 0.275000 0.068750 0.075000 0.705121
2.000000 0.693752 0.593750 0.156250 0.220833 0.853437
2.000000 0.660936 0.383333 0.096875 0.100000 0.859956
2.000000 0.523436 0.529166 0.128125 0.141667 0.883208
2.000000 0.906248 0.162500 0.037500 0.050000 0.334944
2.000000 0.953124 0.187499 0.068750 0.075000 0.445504
2.000000 0.779688 0.277082 0.071875 0.079167 0.558307
2.000000 0.920312 0.241667 0.065625 0.083333 0.602598
2.000000 0.685936 0.608333 0.159375 0.225000 0.846753
2.000000 0.657812 0.389582 0.096875 0.104167 0.854127
2.000000 0.515624 0.537500 0.131250 0.141667 0.880544
2.000000 0.906248 0.162500 0.037500 0.050000 0.372305
2.000000 0.951564 0.185417 0.071875 0.070833 0.408299
2.000000 0.778124 0.279167 0.068750 0.075000 0.509682
2.000000 0.920312 0.245834 0.065625 0.083333 0.584619
2.000000 0.681248 0.620834 0.162500 0.233333 0.825790
2.000000 0.653124 0.389582 0.100000 0.104167 0.841463
2.000000 0.507812 0.543749 0.134375 0.145833 0.883385
2.000000 0.904688 0.166667 0.040625 0.050000 0.325057
2.000000 0.951564 0.183332 0.071875 0.066667 0.429972
2.000000 0.917188 0.247916 0.065625 0.087500 0.603589
2.000000 0.775000 0.285416 0.068750 0.070833 0.635484
2.000000 0.671876 0.631250 0.162500 0.229167 0.793293
2.000000 0.650000 0.395834 0.100000 0.108333 0.833392
2.000000 0.500000 0.550001 0.137500 0.150000 0.866138
2.000000 0.903124 0.166667 0.037500 0.050000 0.316195
2.000000 0.950000 0.191666 0.075000 0.083333 0.421598
2.000000 0.915624 0.247916 0.068750 0.087500 0.608203
2.000000 0.771876 0.285416 0.068750 0.070833 0.650972
2.000000 0.659376 0.647918 0.175000 0.245833 0.814987
2.000000 0.493748 0.556250 0.137500 0.162500 0.860575
2.000000 0.642188 0.400001 0.096875 0.108333 0.861935
2.000000 0.946876 0.197918 0.075000 0.087500 0.388645
2.000000 0.768748 0.287501 0.068750 0.075000 0.559792
2.000000 0.914064 0.252083 0.065625 0.087500 0.610063
2.000000 0.654688 0.662501 0.171875 0.250000 0.832923
2.000000 0.639064 0.404168 0.096875 0.108333 0.853555
2.000000 0.484376 0.568751 0.137500 0.154167 0.858536
2.000000 0.946876 0.200000 0.081250 0.091667 0.411729
2.000000 0.767188 0.291668 0.071875 0.075000 0.492943
2.000000 0.912500 0.252083 0.068750 0.087500 0.604437
2.000000 0.478124 0.564584 0.143750 0.179167 0.795474
2.000000 0.645312 0.679166 0.178125 0.258333 0.866743
2.000000 0.632812 0.410417 0.103125 0.104167 0.871744
2.000000 0.996876 0.147917 0.043750 0.037500 0.579058
2.000000 0.975000 0.108332 0.037500 0.041667 0.592880
2.000000 0.860936 0.200000 0.065625 0.075000 0.703400
2.000000 0.717188 0.374999 0.103125 0.133333 0.771134
2.000000 0.756252 0.287501 0.075000 0.091667 0.777387
2.000000 0.900000 0.175001 0.037500 0.058333 0.322852
2.000000 0.945312 0.200000 0.078125 0.091667 0.349917
2.000000 0.762500 0.291668 0.068750 0.075000 0.525445
2.000000 0.910936 0.254168 0.071875 0.091667 0.559001
2.000000 0.468752 0.589583 0.143750 0.154167 0.796245
2.000000 0.635936 0.691667 0.184375 0.275000 0.814291
2.000000 0.629688 0.416666 0.103125 0.108333 0.875519
2.000000 0.945312 0.200000 0.078125 0.091667 0.320000
2.000000 0.898436 0.175001 0.040625 0.058333 0.334550
2.000000 0.909376 0.256250 0.075000 0.095833 0.486976
2.000000 0.762500 0.295832 0.068750 0.075000 0.490470
2.000000 0.626564 0.710417 0.190625 0.270833 0.864265
2.000000 0.623436 0.420833 0.103125 0.108333 0.871260
2.000000 0.459376 0.599999 0.143750 0.158333 0.886108
2.000000 0.898436 0.175001 0.040625 0.058333 0.349742
2.000000 0.909376 0.258332 0.075000 0.091667 0.444716
2.000000 0.760936 0.297917 0.071875 0.079167 0.599726
2.000000 0.615624 0.727082 0.193750 0.287500 0.743235
2.000000 0.618748 0.425000 0.106250 0.108333 0.885302
2.000000 0.448436 0.608333 0.146875 0.158333 0.896332
2.000000 0.898436 0.175001 0.040625 0.058333 0.383786
2.000000 0.756252 0.297917 0.075000 0.079167 0.556507
2.000000 0.906248 0.262499 0.075000 0.091667 0.563476
2.000000 0.606252 0.745832 0.200000 0.291667 0.847739
2.000000 0.614064 0.429167 0.103125 0.108333 0.877140
2.000000 0.440624 0.620834 0.150000 0.166667 0.898783
2.000000 0.934376 0.206249 0.068750 0.095833 0.300887
2.000000 0.895312 0.177083 0.040625 0.054167 0.354869
2.000000 0.753124 0.302084 0.075000 0.079167 0.489693
2.000000 0.904688 0.264584 0.071875 0.095833 0.637038
2.000000 0.593752 0.768749 0.206250 0.295833 0.775772
2.000000 0.607812 0.435416 0.109375 0.112500 0.878751
2.000000 0.429688 0.629168 0.153125 0.166667 0.897086
2.000000 0.895312 0.179168 0.040625 0.058333 0.411588
2.000000 0.748436 0.304166 0.071875 0.083333 0.570193
2.000000 0.903124 0.266666 0.075000 0.091667 0.620959
2.000000 0.585936 0.783332 0.221875 0.300000 0.781924
2.000000 0.603124 0.439583 0.106250 0.112500 0.881135
2.000000 0.418752 0.639584 0.156250 0.170833 0.888572
2.000000 0.893748 0.179168 0.037500 0.058333 0.390281
2.000000 0.901564 0.268751 0.078125 0.095833 0.649516
2.000000 0.745312 0.306251 0.071875 0.079167 0.659123
2.000000 0.568752 0.808334 0.218750 0.316668 0.782500
2.000000 0.598436 0.447917 0.109375 0.112500 0.893185
2.000000 0.407812 0.654167 0.159375 0.175000 0.894829
2.000000 0.892188 0.181250 0.040625 0.054167 0.425516
2.000000 0.900000 0.272918 0.075000 0.095833 0.666641
2.000000 0.742188 0.308333 0.071875 0.083333 0.688839
2.000000 0.556248 0.835418 0.237500 0.329166 0.743484
2.000000 0.592188 0.452084 0.109375 0.112500 0.888889
2.000000 0.398436 0.666668 0.165625 0.183333 0.907405
2.000000 0.892188 0.179168 0.046875 0.058333 0.411571
2.000000 0.898436 0.272918 0.078125 0.095833 0.687302
2.000000 0.740624 0.312500 0.075000 0.083333 0.702735
2.000000 0.542188 0.847916 0.240625 0.337500 0.745361
2.000000 0.587500 0.458333 0.112500 0.116667 0.885264
2.000000 0.387500 0.677084 0.168750 0.187500 0.906555
2.000000 0.895312 0.277082 0.071875 0.095833 0.572678
2.000000 0.528124 0.881249 0.243750 0.362499 0.613707
2.000000 0.735936 0.316667 0.071875 0.083333 0.615801
2.000000 0.581248 0.462500 0.112500 0.116667 0.887636
2.000000 0.375000 0.689582 0.175000 0.187500 0.899744
2.000000 0.828124 0.135416 0.037500 0.037500 0.400194
2.000000 0.990624 0.095834 0.031250 0.033333 0.433689
2.000000 0.820312 0.218750 0.053125 0.054167 0.444564
2.000000 0.895312 0.168749 0.046875 0.062500 0.720766
2.000000 0.812500 0.279167 0.075000 0.108333 0.786450
2.000000 0.975000 0.108332 0.037500 0.041667 0.599980
2.000000 0.998436 0.145832 0.040625 0.041667 0.600563
2.000000 0.859376 0.200000 0.062500 0.075000 0.700964
2.000000 0.753124 0.291668 0.075000 0.091667 0.773840
2.000000 0.712500 0.379166 0.106250 0.133333 0.831158
2.000000 0.892188 0.281249 0.071875 0.095833 0.577836
2.000000 0.734376 0.320834 0.075000 0.083333 0.609680
2.000000 0.514064 0.910418 0.253125 0.370833 0.697928
2.000000 0.362500 0.702083 0.175000 0.195833 0.861027
2.000000 0.575000 0.466667 0.112500 0.116667 0.872109
2.000000 0.112500 0.343751 0.062500 0.054167 0.339527
2.000000 0.975000 0.108332 0.037500 0.041667 0.584003
2.000000 0.748436 0.295832 0.078125 0.091667 0.623229
2.000000 0.996876 0.147917 0.037500 0.037500 0.634916
2.000000 0.854688 0.204167 0.059375 0.075000 0.742614
2.000000 0.707812 0.383333 0.103125 0.133333 0.807048
2.000000 0.112500 0.343751 0.062500 0.054167 0.323664
2.000000 0.973436 0.108332 0.034375 0.041667 0.593737
2.000000 0.996876 0.149999 0.037500 0.041667 0.601973
2.000000 0.854688 0.202082 0.065625 0.079167 0.617317
2.000000 0.703124 0.385418 0.106250 0.137500 0.804448
2.000000 0.746876 0.295832 0.081250 0.091667 0.809235
2.000000 0.998436 0.091667 0.034375 0.033333 0.319251
2.000000 0.112500 0.343751 0.062500 0.054167 0.370681
2.000000 0.971876 0.108332 0.031250 0.041667 0.607031
2.000000 0.995312 0.149999 0.040625 0.041667 0.621940
2.000000 0.850000 0.204167 0.062500 0.075000 0.714563
2.000000 0.743748 0.297917 0.075000 0.087500 0.827161
2.000000 0.698436 0.389582 0.109375 0.137500 0.839122
2.000000 0.998436 0.093749 0.034375 0.037500 0.339904
2.000000 0.112500 0.343751 0.062500 0.054167 0.348557
2.000000 0.971876 0.108332 0.031250 0.041667 0.572187
2.000000 0.995312 0.152084 0.040625 0.037500 0.621032
2.000000 0.846876 0.206249 0.056250 0.070833 0.698387
2.000000 0.690624 0.395834 0.112500 0.141667 0.792273
2.000000 0.739064 0.299999 0.078125 0.091667 0.798904
2.000000 0.996876 0.095834 0.037500 0.041667 0.352825
2.000000 0.112500 0.343751 0.062500 0.054167 0.355034
2.000000 0.970312 0.108332 0.034375 0.041667 0.540973
2.000000 0.995312 0.154166 0.040625 0.041667 0.649606
2.000000 0.846876 0.210416 0.056250 0.070833 0.756607
2.000000 0.737500 0.304166 0.081250 0.091667 0.797201
2.000000 0.685936 0.404168 0.109375 0.141667 0.834778
2.000000 0.112500 0.343751 0.062500 0.054167 0.307498
2.000000 0.996876 0.093749 0.037500 0.037500 0.381920
2.000000 0.970312 0.108332 0.034375 0.041667 0.543415
2.000000 0.993748 0.154166 0.037500 0.041667 0.632904
2.000000 0.681248 0.406250 0.112500 0.145833 0.731580
2.000000 0.735936 0.306251 0.078125 0.095833 0.790946
2.000000 0.845312 0.212501 0.059375 0.075000 0.793083
2.000000 0.112500 0.343751 0.062500 0.054167 0.313165
2.000000 0.995312 0.095834 0.034375 0.033333 0.347631
2.000000 0.970312 0.110417 0.034375 0.045833 0.562003
2.000000 0.993748 0.154166 0.037500 0.041667 0.638164
2.000000 0.676564 0.414584 0.115625 0.145833 0.749209
2.000000 0.842188 0.212501 0.059375 0.075000 0.759078
2.000000 0.731252 0.308333 0.081250 0.091667 0.810529
2.000000 0.112500 0.343751 0.062500 0.054167 0.305337
2.000000 0.996876 0.091667 0.037500 0.033333 0.371234
2.000000 0.968752 0.112499 0.031250 0.041667 0.605200
2.000000 0.992188 0.158333 0.040625 0.041667 0.641338
2.000000 0.670312 0.418751 0.115625 0.145833 0.770962
2.000000 0.842188 0.212501 0.059375 0.075000 0.776931
2.000000 0.728124 0.314582 0.081250 0.095833 0.837129
2.000000 0.112500 0.343751 0.062500 0.054167 0.311245
2.000000 0.995312 0.091667 0.034375 0.033333 0.372236
2.000000 0.968752 0.112499 0.031250 0.041667 0.607035
2.000000 0.992188 0.158333 0.040625 0.041667 0.657153
2.000000 0.840624 0.214583 0.062500 0.079167 0.736020
2.000000 0.667188 0.422918 0.121875 0.154167 0.773134
2.000000 0.725000 0.314582 0.081250 0.095833 0.833921
2.000000 0.990624 0.095834 0.037500 0.033333 0.384037
2.000000 0.828124 0.135416 0.037500 0.037500 0.417406
2.000000 0.818752 0.233333 0.056250 0.083333 0.443434
2.000000 0.893748 0.168749 0.043750 0.062500 0.654726
2.000000 0.810936 0.275000 0.078125 0.108333 0.706394
2.000000 0.995312 0.093749 0.034375 0.037500 0.366764
2.000000 0.967188 0.112499 0.034375 0.041667 0.544718
2.000000 0.659376 0.427082 0.118750 0.154167 0.635949
2.000000 0.992188 0.158333 0.040625 0.041667 0.675240
2.000000 0.835936 0.216668 0.059375 0.075000 0.685772
2.000000 0.721876 0.316667 0.081250 0.100000 0.844867
2.000000 0.995312 0.095834 0.034375 0.033333 0.373483
2.000000 0.653124 0.433334 0.125000 0.158333 0.501507
2.000000 0.967188 0.112499 0.034375 0.041667 0.547095
2.000000 0.992188 0.158333 0.040625 0.041667 0.687405
2.000000 0.832812 0.220832 0.059375 0.075000 0.772971
2.000000 0.717188 0.318749 0.084375 0.095833 0.837901
2.000000 0.648436 0.443750 0.121875 0.162500 0.363092
2.000000 0.995312 0.095834 0.034375 0.033333 0.404422
2.000000 0.967188 0.112499 0.034375 0.041667 0.512344
2.000000 0.992188 0.158333 0.040625 0.041667 0.695650
2.000000 0.832812 0.220832 0.059375 0.075000 0.797008
2.000000 0.714064 0.322916 0.084375 0.095833 0.822801
2.000000 0.995312 0.097916 0.034375 0.037500 0.392134
2.000000 0.967188 0.114584 0.034375 0.045833 0.433154
2.000000 0.642188 0.449999 0.121875 0.158333 0.592158
2.000000 0.989064 0.162500 0.040625 0.041667 0.696246
2.000000 0.831248 0.220832 0.062500 0.075000 0.828640
2.000000 0.710936 0.329168 0.084375 0.100000 0.842920
2.000000 0.829688 0.131249 0.040625 0.037500 0.318807
2.000000 0.993748 0.095834 0.037500 0.033333 0.364945
2.000000 0.965624 0.114584 0.031250 0.045833 0.393633
2.000000 0.635936 0.456251 0.121875 0.162500 0.592034
2.000000 0.989064 0.162500 0.040625 0.041667 0.713960
2.000000 0.828124 0.224999 0.062500 0.075000 0.795782
2.000000 0.707812 0.331250 0.084375 0.104167 0.843114
2.000000 0.993748 0.095834 0.037500 0.033333 0.366466
2.000000 0.964064 0.114584 0.034375 0.045833 0.414767
2.000000 0.629688 0.462500 0.128125 0.166667 0.657220
2.000000 0.989064 0.164582 0.040625 0.037500 0.690941
2.000000 0.826564 0.224999 0.065625 0.075000 0.791044
2.000000 0.704688 0.333332 0.090625 0.100000 0.828688
2.000000 0.829688 0.133334 0.040625 0.041667 0.301191
2.000000 0.993748 0.095834 0.037500 0.033333 0.389772
2.000000 0.964064 0.114584 0.034375 0.045833 0.390156
2.000000 0.623436 0.468749 0.128125 0.170833 0.549936
2.000000 0.987500 0.164582 0.043750 0.037500 0.688557
2.000000 0.825000 0.227084 0.062500 0.079167 0.737345
2.000000 0.698436 0.337499 0.090625 0.100000 0.850871
2.000000 0.829688 0.133334 0.040625 0.041667 0.340702
2.000000 0.993748 0.095834 0.037500 0.033333 0.367178
2.000000 0.964064 0.116666 0.034375 0.050000 0.373329
2.000000 0.615624 0.475001 0.131250 0.175000 0.566242
2.000000 0.987500 0.166667 0.043750 0.041667 0.655464
2.000000 0.821876 0.229166 0.062500 0.075000 0.724317
2.000000 0.693752 0.341666 0.093750 0.100000 0.855823
2.000000 0.829688 0.133334 0.040625 0.041667 0.311117
2.000000 0.993748 0.095834 0.037500 0.033333 0.317768
2.000000 0.960936 0.118751 0.034375 0.045833 0.359412
2.000000 0.609376 0.481250 0.131250 0.179167 0.532669
2.000000 0.987500 0.166667 0.043750 0.041667 0.663437
2.000000 0.820312 0.231251 0.065625 0.079167 0.759516
2.000000 0.692188 0.343751 0.090625 0.104167 0.870478
2.000000 0.829688 0.133334 0.040625 0.041667 0.313212
2.000000 0.993748 0.095834 0.037500 0.033333 0.317504
2.000000 0.604688 0.491666 0.140625 0.183333 0.619082
2.000000 0.985936 0.166667 0.046875 0.041667 0.640041
2.000000 0.818752 0.233333 0.062500 0.083333 0.756655
2.000000 0.685936 0.347918 0.090625 0.104167 0.864896
2.000000 0.989064 0.095834 0.034375 0.033333 0.381629
2.000000 0.829688 0.135416 0.040625 0.037500 0.467553
2.000000 0.817188 0.233333 0.053125 0.075000 0.480234
2.000000 0.892188 0.172916 0.046875 0.062500 0.654291
2.000000 0.807812 0.281249 0.078125 0.104167 0.729495
2.000000 0.993748 0.095834 0.037500 0.033333 0.334524
2.000000 0.960936 0.116666 0.034375 0.050000 0.374534
2.000000 0.985936 0.166667 0.046875 0.041667 0.661139
2.000000 0.595312 0.497918 0.140625 0.187500 0.724075
2.000000 0.815624 0.235418 0.062500 0.079167 0.802753
2.000000 0.681248 0.350000 0.093750 0.108333 0.867748
2.000000 0.829688 0.131249 0.040625 0.037500 0.325091
2.000000 0.959376 0.118751 0.031250 0.045833 0.348980
2.000000 0.990624 0.097916 0.037500 0.029167 0.376231
2.000000 0.984376 0.170834 0.050000 0.041667 0.702209
2.000000 0.814064 0.235418 0.065625 0.087500 0.790295
2.000000 0.587500 0.506249 0.143750 0.187500 0.793760
2.000000 0.679688 0.354167 0.096875 0.108333 0.879661
2.000000 0.829688 0.131249 0.040625 0.037500 0.334824
2.000000 0.990624 0.100001 0.037500 0.033333 0.368760
2.000000 0.959376 0.118751 0.031250 0.045833 0.372644
2.000000 0.984376 0.170834 0.050000 0.041667 0.697368
2.000000 0.810936 0.237500 0.065625 0.083333 0.726852
2.000000 0.579688 0.512501 0.146875 0.191667 0.751468
2.000000 0.675000 0.358334 0.100000 0.116667 0.877724
2.000000 0.829688 0.133334 0.040625 0.041667 0.351174
2.000000 0.989064 0.100001 0.040625 0.033333 0.393125
2.000000 0.957812 0.118751 0.034375 0.045833 0.410084
2.000000 0.982812 0.172916 0.046875 0.045833 0.726767
2.000000 0.809376 0.239582 0.068750 0.087500 0.761386
2.000000 0.573436 0.524999 0.146875 0.191667 0.786859
2.000000 0.670312 0.362501 0.096875 0.116667 0.872986
2.000000 0.829688 0.133334 0.040625 0.041667 0.364356
2.000000 0.987500 0.100001 0.037500 0.033333 0.424710
2.000000 0.957812 0.120833 0.034375 0.050000 0.458429
2.000000 0.981252 0.172916 0.043750 0.045833 0.780058
2.000000 0.806248 0.241667 0.068750 0.083333 0.791421
2.000000 0.565624 0.535418 0.156250 0.195833 0.823362
2.000000 0.667188 0.368750 0.096875 0.120833 0.883228
2.000000 0.987500 0.100001 0.037500 0.033333 0.400099
2.000000 0.957812 0.122918 0.034375 0.045833 0.539502
2.000000 0.981252 0.175001 0.050000 0.041667 0.782838
2.000000 0.553124 0.541667 0.150000 0.200000 0.787454
2.000000 0.804688 0.243749 0.065625 0.087500 0.798376
2.000000 0.664064 0.370832 0.096875 0.116667 0.875284
2.000000 0.987500 0.100001 0.037500 0.033333 0.428018
2.000000 0.954688 0.122918 0.034375 0.045833 0.519503
2.000000 0.546876 0.554168 0.156250 0.208333 0.785753
2.000000 0.978124 0.175001 0.050000 0.041667 0.787893
2.000000 0.803124 0.245834 0.068750 0.083333 0.799382
2.000000 0.657812 0.377084 0.096875 0.120833 0.865395
2.000000 0.987500 0.100001 0.037500 0.033333 0.399907
2.000000 0.954688 0.125000 0.034375 0.050000 0.507537
2.000000 0.800000 0.247916 0.068750 0.087500 0.783715
2.000000 0.978124 0.177083 0.050000 0.045833 0.792909
2.000000 0.537500 0.562499 0.156250 0.208333 0.802139
2.000000 0.654688 0.381251 0.096875 0.120833 0.875133
2.000000 0.829688 0.135416 0.040625 0.037500 0.312289
2.000000 0.985936 0.100001 0.034375 0.033333 0.387496
2.000000 0.954688 0.125000 0.034375 0.050000 0.527538
2.000000 0.526564 0.570833 0.159375 0.216667 0.707974
2.000000 0.796876 0.250001 0.068750 0.083333 0.782439
2.000000 0.976564 0.177083 0.053125 0.045833 0.791357
2.000000 0.650000 0.385418 0.100000 0.120833 0.878663
2.000000 0.829688 0.135416 0.040625 0.037500 0.316218
2.000000 0.984376 0.100001 0.031250 0.033333 0.360967
2.000000 0.953124 0.125000 0.037500 0.050000 0.506232
2.000000 0.517188 0.581249 0.165625 0.220833 0.731898
2.000000 0.795312 0.252083 0.071875 0.087500 0.762055
2.000000 0.976564 0.177083 0.053125 0.045833 0.793878
2.000000 0.643748 0.389582 0.100000 0.129167 0.881941
2.000000 0.817188 0.224999 0.053125 0.050000 0.323276
2.000000 0.828124 0.135416 0.037500 0.037500 0.388413
2.000000 0.989064 0.095834 0.034375 0.033333 0.408978
2.000000 0.804688 0.275000 0.084375 0.125000 0.589889
2.000000 0.892188 0.172916 0.046875 0.062500 0.600487
2.000000 0.987500 0.102083 0.037500 0.029167 0.331272
2.000000 0.829688 0.135416 0.040625 0.037500 0.364948
2.000000 0.953124 0.125000 0.037500 0.050000 0.518376
2.000000 0.509376 0.587501 0.168750 0.225000 0.763667
2.000000 0.792188 0.254168 0.071875 0.083333 0.781668
2.000000 0.976564 0.177083 0.053125 0.045833 0.793044
2.000000 0.640624 0.391667 0.100000 0.125000 0.868657
2.000000 0.829688 0.131249 0.040625 0.037500 0.330506
2.000000 0.985936 0.104168 0.034375 0.033333 0.345437
2.000000 0.953124 0.125000 0.037500 0.050000 0.573094
2.000000 0.498436 0.599999 0.171875 0.241667 0.782834
2.000000 0.975000 0.179168 0.056250 0.050000 0.796030
2.000000 0.790624 0.256250 0.068750 0.087500 0.810651
2.000000 0.634376 0.395834 0.106250 0.125000 0.860269
2.000000 0.987500 0.104168 0.037500 0.033333 0.346130
2.000000 0.951564 0.125000 0.034375 0.050000 0.596797
2.000000 0.487500 0.614582 0.175000 0.245833 0.726727
2.000000 0.975000 0.181250 0.056250 0.045833 0.782010
2.000000 0.789064 0.260417 0.071875 0.087500 0.812904
2.000000 0.631252 0.400001 0.106250 0.125000 0.874758
2.000000 0.829688 0.131249 0.040625 0.037500 0.310289
2.000000 0.984376 0.104168 0.037500 0.033333 0.337683
2.000000 0.950000 0.125000 0.037500 0.050000 0.569470
2.000000 0.476564 0.629168 0.178125 0.233333 0.717080
2.000000 0.975000 0.183332 0.056250 0.050000 0.787203
2.000000 0.785936 0.262499 0.071875 0.091667 0.831110
2.000000 0.625000 0.406250 0.106250 0.129167 0.878544
2.000000 0.829688 0.131249 0.040625 0.037500 0.323835
2.000000 0.950000 0.125000 0.037500 0.050000 0.576961
2.000000 0.464064 0.645833 0.184375 0.241667 0.621600
2.000000 0.784376 0.262499 0.075000 0.091667 0.768977
2.000000 0.975000 0.185417 0.056250 0.054167 0.787282
2.000000 0.620312 0.410417 0.109375 0.129167 0.873511
2.000000 0.950000 0.127082 0.037500 0.054167 0.547833
2.000000 0.453124 0.656249 0.187500 0.245833 0.711189
2.000000 0.781248 0.264584 0.075000 0.095833 0.751625
2.000000 0.973436 0.187499 0.053125 0.050000 0.798331
2.000000 0.615624 0.414584 0.106250 0.137500 0.856590
2.000000 0.948436 0.129167 0.034375 0.050000 0.553150
2.000000 0.778124 0.268751 0.075000 0.095833 0.727575
2.000000 0.440624 0.674999 0.193750 0.258333 0.748570
2.000000 0.970312 0.189584 0.053125 0.054167 0.795889
2.000000 0.610936 0.416666 0.109375 0.141667 0.847610
2.000000 0.946876 0.129167 0.037500 0.050000 0.547876
2.000000 0.426564 0.685418 0.196875 0.262500 0.653639
2.000000 0.775000 0.268751 0.075000 0.095833 0.766974
2.000000 0.968752 0.189584 0.056250 0.054167 0.793454
2.000000 0.604688 0.425000 0.109375 0.141667 0.854974
2.000000 0.946876 0.129167 0.037500 0.050000 0.547323
2.000000 0.414064 0.702083 0.203125 0.270833 0.732276
2.000000 0.771876 0.272918 0.075000 0.095833 0.742766
2.000000 0.600000 0.431249 0.112500 0.137500 0.771088
2.000000 0.968752 0.189584 0.056250 0.054167 0.787761
2.000000 0.946876 0.129167 0.037500 0.050000 0.529286
2.000000 0.968752 0.189584 0.056250 0.054167 0.779140
2.000000 0.771876 0.272918 0.075000 0.095833 0.808538
2.000000 0.401564 0.718751 0.209375 0.270833 0.831800
2.000000 0.593752 0.439583 0.112500 0.137500 0.852208
2.000000 0.985936 0.097916 0.034375 0.037500 0.453469
2.000000 0.815624 0.233333 0.056250 0.066667 0.466368
2.000000 0.801564 0.289583 0.084375 0.104167 0.609306
2.000000 0.889064 0.172916 0.046875 0.062500 0.671789
2.000000 0.945312 0.129167 0.034375 0.050000 0.535728
2.000000 0.967188 0.191666 0.053125 0.058333 0.768285
2.000000 0.385936 0.735416 0.215625 0.279167 0.774565
2.000000 0.768748 0.277082 0.075000 0.095833 0.841130
2.000000 0.589064 0.443750 0.115625 0.137500 0.879366
2.000000 0.945312 0.129167 0.034375 0.050000 0.569237
2.000000 0.370312 0.749999 0.221875 0.283333 0.657580
2.000000 0.964064 0.193751 0.059375 0.054167 0.760571
2.000000 0.765624 0.279167 0.075000 0.100000 0.843307
2.000000 0.582812 0.449999 0.115625 0.141667 0.882151
2.000000 0.943752 0.131249 0.037500 0.054167 0.587125
2.000000 0.356252 0.770834 0.231250 0.300000 0.604737
2.000000 0.962500 0.193751 0.062500 0.054167 0.760672
2.000000 0.764064 0.283334 0.078125 0.100000 0.843485
2.000000 0.576564 0.454166 0.121875 0.141667 0.873917
2.000000 0.943752 0.133334 0.037500 0.050000 0.589876
2.000000 0.339064 0.789584 0.240625 0.312501 0.600273
2.000000 0.962500 0.195833 0.062500 0.058333 0.747228
2.000000 0.760936 0.283334 0.078125 0.100000 0.773569
2.000000 0.568752 0.458333 0.118750 0.150000 0.859253
2.000000 0.318752 0.806249 0.243750 0.320832 0.535785
2.000000 0.943752 0.133334 0.037500 0.050000 0.571438
2.000000 0.757812 0.287501 0.078125 0.100000 0.749771
2.000000 0.959376 0.197918 0.062500 0.054167 0.770680
2.000000 0.564064 0.464582 0.121875 0.154167 0.865225
2.000000 0.940624 0.133334 0.037500 0.050000 0.601950
2.000000 0.303124 0.831251 0.256250 0.329166 0.649925
2.000000 0.754688 0.287501 0.078125 0.100000 0.719650
2.000000 0.959376 0.200000 0.062500 0.058333 0.758836
2.000000 0.557812 0.470834 0.121875 0.158333 0.854308
2.000000 0.750000 0.291668 0.081250 0.100000 0.612109
2.000000 0.940624 0.133334 0.037500 0.050000 0.626286
2.000000 0.285936 0.850001 0.259375 0.333333 0.686365
2.000000 0.959376 0.200000 0.062500 0.058333 0.753112
2.000000 0.551564 0.475001 0.128125 0.158333 0.872483
2.000000 0.971876 0.116666 0.037500 0.033333 0.429447
2.000000 0.260936 0.872918 0.265625 0.345834 0.549131
2.000000 0.939064 0.137501 0.040625 0.050000 0.590263
2.000000 0.746876 0.295832 0.081250 0.100000 0.663827
2.000000 0.957812 0.202082 0.059375 0.062500 0.759669
2.000000 0.543752 0.485417 0.125000 0.162500 0.883677
2.000000 0.971876 0.116666 0.037500 0.033333 0.437281
2.000000 0.240624 0.897917 0.287500 0.362499 0.553314
2.000000 0.939064 0.135416 0.040625 0.054167 0.579913
2.000000 0.745312 0.299999 0.084375 0.100000 0.735714
2.000000 0.957812 0.204167 0.059375 0.058333 0.776079
2.000000 0.535936 0.491666 0.128125 0.166667 0.891299
2.000000 0.971876 0.116666 0.037500 0.033333 0.448355
2.000000 0.217188 0.925001 0.284375 0.375000 0.478760
2.000000 0.935936 0.135416 0.040625 0.054167 0.606494
2.000000 0.742188 0.299999 0.084375 0.100000 0.699507
2.000000 0.957812 0.204167 0.059375 0.058333 0.753571
2.000000 0.529688 0.497918 0.128125 0.170833 0.891853
2.000000 0.985936 0.097916 0.034375 0.037500 0.472487
2.000000 0.889064 0.172916 0.046875 0.062500 0.517244
2.000000 0.810936 0.239582 0.059375 0.070833 0.531851
2.000000 0.798436 0.293750 0.084375 0.104167 0.688439
2.000000 0.971876 0.116666 0.037500 0.033333 0.430151
2.000000 0.742188 0.302084 0.090625 0.104167 0.556805
2.000000 0.935936 0.135416 0.040625 0.054167 0.613314
2.000000 0.956248 0.206249 0.062500 0.062500 0.742411
2.000000 0.521876 0.504167 0.131250 0.166667 0.882834
2.000000 0.737500 0.304166 0.087500 0.108333 0.347379
2.000000 0.971876 0.116666 0.037500 0.033333 0.415730
2.000000 0.168752 0.985418 0.312500 0.404166 0.517858
2.000000 0.935936 0.135416 0.040625 0.054167 0.604147
2.000000 0.956248 0.208334 0.062500 0.058333 0.741441
2.000000 0.514064 0.510416 0.134375 0.170833 0.882529
2.000000 0.734376 0.306251 0.087500 0.104167 0.414477
2.000000 0.971876 0.116666 0.037500 0.033333 0.437087
2.000000 0.934376 0.135416 0.037500 0.054167 0.573843
2.000000 0.954688 0.208334 0.059375 0.058333 0.748550
2.000000 0.507812 0.520832 0.134375 0.175000 0.891249
2.000000 0.970312 0.118751 0.040625 0.037500 0.442113
2.000000 0.729688 0.308333 0.084375 0.108333 0.529158
2.000000 0.932812 0.135416 0.040625 0.054167 0.560538
2.000000 0.954688 0.210416 0.059375 0.062500 0.744824
2.000000 0.498436 0.529166 0.140625 0.175000 0.897909
2.000000 0.968752 0.118751 0.037500 0.037500 0.437638
2.000000 0.932812 0.135416 0.040625 0.054167 0.560852
2.000000 0.729688 0.314582 0.096875 0.112500 0.633536
2.000000 0.951564 0.214583 0.059375 0.062500 0.734916
2.000000 0.492188 0.537500 0.140625 0.175000 0.885736
2.000000 0.968752 0.120833 0.043750 0.041667 0.424548
2.000000 0.931248 0.137501 0.043750 0.058333 0.563296
2.000000 0.723436 0.318749 0.090625 0.112500 0.625316
2.000000 0.951564 0.216668 0.059375 0.058333 0.729692
2.000000 0.482812 0.543749 0.146875 0.179167 0.882333
2.000000 0.968752 0.114584 0.043750 0.037500 0.355996
2.000000 0.965624 0.127082 0.037500 0.037500 0.405638
2.000000 0.929688 0.139583 0.040625 0.054167 0.500290
2.000000 0.950000 0.218750 0.062500 0.062500 0.734593
2.000000 0.718752 0.318749 0.087500 0.112500 0.795639
2.000000 0.473436 0.552083 0.146875 0.187500 0.892555
2.000000 0.965624 0.127082 0.037500 0.037500 0.429259
2.000000 0.929688 0.139583 0.040625 0.054167 0.513882
2.000000 0.948436 0.218750 0.065625 0.062500 0.734757
2.000000 0.715624 0.322916 0.087500 0.112500 0.826538
2.000000 0.465624 0.560417 0.150000 0.187500 0.884226
2.000000 0.968752 0.114584 0.043750 0.037500 0.334088
2.000000 0.965624 0.127082 0.037500 0.037500 0.426172
2.000000 0.928124 0.139583 0.043750 0.054167 0.502241
2.000000 0.945312 0.222917 0.059375 0.062500 0.741228
2.000000 0.712500 0.327083 0.087500 0.112500 0.793409
2.000000 0.457812 0.568751 0.159375 0.195833 0.842598
2.000000 0.965624 0.127082 0.037500 0.037500 0.429637
2.000000 0.926564 0.143750 0.040625 0.054167 0.497117
2.000000 0.942188 0.222917 0.059375 0.062500 0.766262
2.000000 0.709376 0.331250 0.093750 0.112500 0.816135
2.000000 0.445312 0.577082 0.153125 0.195833 0.887134
2.000000 0.828124 0.139583 0.037500 0.037500 0.324802
2.000000 0.984376 0.097916 0.031250 0.037500 0.523566
2.000000 0.887500 0.177083 0.050000 0.062500 0.549511
2.000000 0.809376 0.231251 0.056250 0.054167 0.660737
2.000000 0.793752 0.297917 0.087500 0.104167 0.811614
2.000000 0.964064 0.127082 0.040625 0.037500 0.476934
2.000000 0.926564 0.143750 0.040625 0.054167 0.500321
2.000000 0.940624 0.224999 0.062500 0.066667 0.772357
2.000000 0.706248 0.333332 0.093750 0.116667 0.807892
2.000000 0.435936 0.589583 0.159375 0.204167 0.885925
2.000000 0.965624 0.127082 0.037500 0.037500 0.516935
2.000000 0.926564 0.143750 0.040625 0.054167 0.593915
2.000000 0.703124 0.335417 0.093750 0.112500 0.795267
2.000000 0.939064 0.224999 0.065625 0.066667 0.800189
2.000000 0.426564 0.599999 0.159375 0.200000 0.884836
2.000000 0.964064 0.125000 0.040625 0.033333 0.545800
2.000000 0.925000 0.143750 0.043750 0.054167 0.588564
2.000000 0.937500 0.224999 0.062500 0.066667 0.782482
2.000000 0.698436 0.339584 0.096875 0.112500 0.809223
2.000000 0.415624 0.610418 0.162500 0.204167 0.872988
2.000000 0.964064 0.125000 0.040625 0.033333 0.566151
2.000000 0.923436 0.145832 0.046875 0.058333 0.576327
2.000000 0.693752 0.343751 0.093750 0.112500 0.771195
2.000000 0.934376 0.227084 0.062500 0.062500 0.773388
2.000000 0.406248 0.618749 0.168750 0.212500 0.884439
2.000000 0.964064 0.125000 0.040625 0.033333 0.538233
2.000000 0.923436 0.145832 0.046875 0.058333 0.539390
2.000000 0.689064 0.345833 0.096875 0.116667 0.768959
2.000000 0.934376 0.233333 0.062500 0.058333 0.798889
2.000000 0.395312 0.629168 0.171875 0.216667 0.849266
2.000000 0.962500 0.125000 0.037500 0.033333 0.491229
2.000000 0.923436 0.145832 0.046875 0.058333 0.503227
2.000000 0.934376 0.235418 0.062500 0.062500 0.800984
2.000000 0.685936 0.347918 0.103125 0.120833 0.815766
2.000000 0.381252 0.639584 0.175000 0.220833 0.857758
2.000000 0.962500 0.129167 0.037500 0.033333 0.431180
2.000000 0.920312 0.145832 0.046875 0.058333 0.522411
2.000000 0.931248 0.237500 0.062500 0.058333 0.790337
2.000000 0.681248 0.352082 0.106250 0.120833 0.845108
2.000000 0.370312 0.654167 0.178125 0.225000 0.869532
2.000000 0.964064 0.133334 0.040625 0.033333 0.348302
2.000000 0.920312 0.145832 0.046875 0.058333 0.559533
2.000000 0.676564 0.358334 0.103125 0.125000 0.818821
2.000000 0.929688 0.239582 0.065625 0.062500 0.823425
2.000000 0.357812 0.666668 0.184375 0.233333 0.846960
2.000000 0.962500 0.133334 0.037500 0.033333 0.356265
2.000000 0.920312 0.147917 0.046875 0.062500 0.578762
2.000000 0.345312 0.681251 0.184375 0.245833 0.806052
2.000000 0.673436 0.362501 0.103125 0.125000 0.818941
2.000000 0.929688 0.239582 0.065625 0.062500 0.836646
2.000000 0.960936 0.133334 0.040625 0.033333 0.369596
2.000000 0.917188 0.147917 0.046875 0.062500 0.557655
2.000000 0.668752 0.364583 0.100000 0.129167 0.728668
2.000000 0.331248 0.693749 0.193750 0.245833 0.792305
2.000000 0.926564 0.245834 0.065625 0.066667 0.833311
