2.000000 0.221872 0.683332 0.131250 0.116666 0.303167
2.000000 0.221872 0.683332 0.131250 0.116666 0.300763
2.000000 0.221872 0.683332 0.131250 0.116666 0.300859
2.000000 0.218752 0.687502 0.125000 0.108334 0.304730
2.000000 0.228128 0.695836 0.131250 0.108334 0.333954
2.000000 0.228128 0.691666 0.131250 0.116666 0.313969
2.000000 0.225000 0.687502 0.125000 0.108334 0.339527
2.000000 0.225000 0.687502 0.125000 0.108334 0.323664
2.000000 0.225000 0.687502 0.125000 0.108334 0.370681
2.000000 0.225000 0.687502 0.125000 0.108334 0.348557
2.000000 0.225000 0.687502 0.125000 0.108334 0.355034
2.000000 0.225000 0.687502 0.125000 0.108334 0.307498
2.000000 0.225000 0.687502 0.125000 0.108334 0.313165
2.000000 0.225000 0.687502 0.125000 0.108334 0.305337
2.000000 0.225000 0.687502 0.125000 0.108334 0.311245
