2.000000 0.634376 0.416664 0.393750 0.500000 0.799801
2.000000 0.606248 0.437502 0.400000 0.525000 0.787266
2.000000 0.575000 0.470832 0.412500 0.525000 0.810823
2.000000 0.546872 0.504168 0.418750 0.541666 0.765505
2.000000 0.512504 0.533334 0.437500 0.550000 0.828890
2.000000 0.478128 0.574998 0.443750 0.583334 0.835120
2.000000 0.440624 0.608334 0.456250 0.583334 0.845263
2.000000 0.409376 0.641664 0.468750 0.600000 0.699570
2.000000 0.368752 0.683334 0.487500 0.616668 0.843848
2.000000 0.328128 0.724998 0.493750 0.633336 0.849315
2.000000 0.290624 0.770832 0.518750 0.658332 0.815034
2.000000 0.243752 0.812502 0.525000 0.675000 0.841194
2.000000 0.196872 0.862500 0.543750 0.708336 0.787234
2.000000 0.146872 0.912498 0.568750 0.724998 0.820811
2.000000 0.100000 0.962502 0.587500 0.741666 0.854975
2.000000 0.996872 0.045834 0.293750 0.375000 0.760283
2.000000 0.981248 0.066666 0.300000 0.383334 0.837159
2.000000 0.962504 0.075000 0.312500 0.383334 0.849002
2.000000 0.946872 0.095832 0.318750 0.391666 0.877294
2.000000 0.934376 0.112500 0.331250 0.408334 0.862512
2.000000 0.925000 0.133332 0.350000 0.416666 0.776265
2.000000 0.893752 0.150000 0.337500 0.416666 0.816538
2.000000 0.875000 0.162498 0.337500 0.425000 0.845892
2.000000 0.856248 0.183336 0.350000 0.433334 0.842962
2.000000 0.831248 0.208332 0.350000 0.433334 0.872887
2.000000 0.812496 0.229164 0.362500 0.458334 0.866793
2.000000 0.790624 0.245832 0.368750 0.458334 0.842476
2.000000 0.768752 0.270834 0.375000 0.475000 0.864264
2.000000 0.743752 0.291666 0.387500 0.483334 0.766260
2.000000 0.721872 0.325002 0.393750 0.500000 0.841051
2.000000 0.696872 0.345834 0.406250 0.508334 0.854163
2.000000 0.675000 0.379164 0.412500 0.525000 0.822537
2.000000 0.643752 0.400002 0.425000 0.533334 0.642731
2.000000 0.615624 0.429168 0.431250 0.541666 0.820901
2.000000 0.587504 0.458334 0.437500 0.566666 0.829859
2.000000 0.556248 0.491664 0.450000 0.583334 0.764218
2.000000 0.528128 0.525000 0.481250 0.583334 0.693437
2.000000 0.496872 0.562500 0.493750 0.608334 0.703830
2.000000 0.459376 0.595836 0.493750 0.625002 0.650314
2.000000 0.425000 0.629166 0.512500 0.641664 0.668380
2.000000 0.393752 0.675000 0.537500 0.683334 0.549178
2.000000 0.359376 0.708336 0.556250 0.683334 0.683021
2.000000 0.309376 0.754164 0.556250 0.708336 0.643016
2.000000 0.265624 0.804168 0.568750 0.741666 0.631425
2.000000 0.221872 0.850002 0.593750 0.750000 0.682641
2.000000 0.175000 0.900000 0.612500 0.783336 0.500353
2.000000 0.125000 0.954168 0.637500 0.808332 0.551034
2.000000 0.987496 0.787500 0.450000 0.508334 0.912151
2.000000 0.956248 0.837498 0.462500 0.541666 0.922279
2.000000 0.921872 0.891666 0.481250 0.550000 0.921191
2.000000 0.890624 0.958332 0.493750 0.583334 0.918663
2.000000 0.990624 0.070836 0.306250 0.375000 0.892491
2.000000 0.975000 0.091668 0.312500 0.383334 0.867234
2.000000 0.962504 0.104166 0.325000 0.408334 0.883540
2.000000 0.943752 0.120834 0.325000 0.425000 0.877110
2.000000 0.934376 0.129168 0.343750 0.441666 0.847465
2.000000 0.918752 0.141666 0.362500 0.466666 0.796420
2.000000 0.896872 0.166668 0.356250 0.450000 0.867176
2.000000 0.881248 0.183336 0.375000 0.466666 0.831781
2.000000 0.846872 0.208332 0.356250 0.466666 0.868753
2.000000 0.834376 0.233334 0.368750 0.483334 0.899899
2.000000 0.809376 0.250002 0.368750 0.483334 0.864866
2.000000 0.784376 0.279168 0.381250 0.491666 0.877855
2.000000 0.762504 0.304164 0.400000 0.508334 0.873347
2.000000 0.734376 0.325002 0.393750 0.516666 0.850407
2.000000 0.712504 0.354168 0.412500 0.525000 0.894462
2.000000 0.684376 0.375000 0.418750 0.550000 0.892493
2.000000 0.656248 0.400002 0.425000 0.550000 0.849661
2.000000 0.634376 0.424998 0.443750 0.583334 0.902103
2.000000 0.600000 0.462498 0.450000 0.575000 0.879338
2.000000 0.575000 0.483336 0.462500 0.600000 0.888689
2.000000 0.540624 0.525000 0.468750 0.600000 0.833732
2.000000 0.506248 0.558336 0.487500 0.633336 0.792670
2.000000 0.471872 0.591666 0.506250 0.649998 0.816090
2.000000 0.434376 0.625002 0.506250 0.666666 0.814535
2.000000 0.400000 0.654168 0.537500 0.691668 0.733189
2.000000 0.359376 0.704166 0.543750 0.691668 0.815127
2.000000 0.321872 0.745836 0.556250 0.708336 0.864736
2.000000 0.271872 0.791664 0.581250 0.733332 0.833088
2.000000 0.231248 0.833334 0.600000 0.750000 0.874726
2.000000 0.181248 0.883332 0.612500 0.799998 0.903518
2.000000 0.128128 0.933336 0.643750 0.816666 0.882995
2.000000 0.081248 0.995832 0.662500 0.841668 0.883357
2.000000 0.987496 0.112500 0.275000 0.325000 0.860575
2.000000 0.968752 0.137502 0.275000 0.308334 0.858536
2.000000 0.956248 0.129168 0.287500 0.358334 0.795474
2.000000 0.937504 0.179166 0.287500 0.308334 0.796245
2.000000 0.918752 0.199998 0.287500 0.316666 0.886108
2.000000 0.896872 0.216666 0.293750 0.316666 0.896332
2.000000 0.881248 0.241668 0.300000 0.333334 0.898783
2.000000 0.859376 0.258336 0.306250 0.333334 0.897086
2.000000 0.837504 0.279168 0.312500 0.341666 0.888572
2.000000 0.815624 0.308334 0.318750 0.350000 0.894829
2.000000 0.796872 0.333336 0.331250 0.366666 0.907405
2.000000 0.775000 0.354168 0.337500 0.375000 0.906555
2.000000 0.750000 0.379164 0.350000 0.375000 0.899744
2.000000 0.725000 0.404166 0.350000 0.391666 0.861027
2.000000 0.996872 0.199998 0.343750 0.483334 0.782834
2.000000 0.975000 0.229164 0.350000 0.491666 0.726727
2.000000 0.953128 0.258336 0.356250 0.466666 0.717080
2.000000 0.928128 0.291666 0.368750 0.483334 0.621600
2.000000 0.906248 0.312498 0.375000 0.491666 0.711189
2.000000 0.881248 0.349998 0.387500 0.516666 0.748570
2.000000 0.853128 0.370836 0.393750 0.525000 0.653639
2.000000 0.828128 0.404166 0.406250 0.541666 0.732276
2.000000 0.803128 0.437502 0.418750 0.541666 0.831800
2.000000 0.771872 0.470832 0.431250 0.558334 0.774565
2.000000 0.740624 0.499998 0.443750 0.566666 0.657580
2.000000 0.712504 0.541668 0.462500 0.600000 0.604737
2.000000 0.678128 0.579168 0.481250 0.625002 0.600273
2.000000 0.637504 0.612498 0.487500 0.641664 0.535785
2.000000 0.606248 0.662502 0.512500 0.658332 0.649925
2.000000 0.571872 0.700002 0.518750 0.666666 0.686365
2.000000 0.521872 0.745836 0.531250 0.691668 0.549131
2.000000 0.481248 0.795834 0.575000 0.724998 0.553314
2.000000 0.434376 0.850002 0.568750 0.750000 0.478760
2.000000 0.337504 0.970836 0.625000 0.808332 0.517858
2.000000 0.996872 0.058332 0.281250 0.350000 0.897909
2.000000 0.984376 0.075000 0.281250 0.350000 0.885736
2.000000 0.965624 0.087498 0.293750 0.358334 0.882333
2.000000 0.946872 0.104166 0.293750 0.375000 0.892555
2.000000 0.931248 0.120834 0.300000 0.375000 0.884226
2.000000 0.915624 0.137502 0.318750 0.391666 0.842598
2.000000 0.890624 0.154164 0.306250 0.391666 0.887134
2.000000 0.871872 0.179166 0.318750 0.408334 0.885925
2.000000 0.853128 0.199998 0.318750 0.400000 0.884836
2.000000 0.831248 0.220836 0.325000 0.408334 0.872988
2.000000 0.812496 0.237498 0.337500 0.425000 0.884439
2.000000 0.790624 0.258336 0.343750 0.433334 0.849266
2.000000 0.762504 0.279168 0.350000 0.441666 0.857758
2.000000 0.740624 0.308334 0.356250 0.450000 0.869532
2.000000 0.715624 0.333336 0.368750 0.466666 0.846960
2.000000 0.690624 0.362502 0.368750 0.491666 0.806052
2.000000 0.662496 0.387498 0.387500 0.491666 0.792305
