2.000000 0.956256 0.149996 0.887500 1.166668 0.835120
2.000000 0.881248 0.216668 0.912500 1.166668 0.845263
2.000000 0.818752 0.283328 0.937500 1.200000 0.699570
2.000000 0.737504 0.366668 0.975000 1.233336 0.843848
2.000000 0.656256 0.449996 0.987500 1.266672 0.849315
2.000000 0.581248 0.541664 1.037500 1.316664 0.815034
2.000000 0.487504 0.625004 1.050000 1.350000 0.841194
2.000000 0.393744 0.725000 1.087500 1.416672 0.787234
2.000000 0.293744 0.824996 1.137500 1.449996 0.820811
2.000000 0.200000 0.925004 1.175000 1.483332 0.854975
2.000000 0.993744 0.125000 0.987500 1.216668 0.703830
2.000000 0.918752 0.191672 0.987500 1.250004 0.650314
2.000000 0.850000 0.258332 1.025000 1.283328 0.668380
2.000000 0.787504 0.350000 1.075000 1.366668 0.549178
2.000000 0.718752 0.416672 1.112500 1.366668 0.683021
2.000000 0.618752 0.508328 1.112500 1.416672 0.643016
2.000000 0.531248 0.608336 1.137500 1.483332 0.631425
2.000000 0.443744 0.700004 1.187500 1.500000 0.682641
2.000000 0.350000 0.800000 1.225000 1.566672 0.500353
2.000000 0.250000 0.908336 1.275000 1.616664 0.551034
2.000000 0.943744 0.183332 1.012500 1.299996 0.816090
2.000000 0.868752 0.250004 1.012500 1.333332 0.814535
2.000000 0.800000 0.308336 1.075000 1.383336 0.733189
2.000000 0.718752 0.408332 1.087500 1.383336 0.815127
2.000000 0.643744 0.491672 1.112500 1.416672 0.864736
2.000000 0.543744 0.583328 1.162500 1.466664 0.833088
2.000000 0.462496 0.666668 1.200000 1.500000 0.874726
2.000000 0.362496 0.766664 1.225000 1.599996 0.903518
2.000000 0.256256 0.866672 1.287500 1.633332 0.882995
2.000000 0.162496 0.991664 1.325000 1.683336 0.883357
2.000000 0.962496 0.591668 1.150000 1.449996 0.553314
2.000000 0.868752 0.700004 1.137500 1.500000 0.478760
2.000000 0.675008 0.941672 1.250000 1.616664 0.517858
