2.000000 0.268752 0.833328 0.787500 1.000000 0.799801
2.000000 0.212496 0.875004 0.800000 1.050000 0.787266
2.000000 0.150000 0.941664 0.825000 1.050000 0.810823
2.000000 0.993744 0.091668 0.587500 0.750000 0.760283
2.000000 0.962496 0.133332 0.600000 0.766668 0.837159
2.000000 0.925008 0.150000 0.625000 0.766668 0.849002
2.000000 0.893744 0.191664 0.637500 0.783332 0.877294
2.000000 0.868752 0.225000 0.662500 0.816668 0.862512
2.000000 0.850000 0.266664 0.700000 0.833332 0.776265
2.000000 0.787504 0.300000 0.675000 0.833332 0.816538
2.000000 0.750000 0.324996 0.675000 0.850000 0.845892
2.000000 0.712496 0.366672 0.700000 0.866668 0.842962
2.000000 0.662496 0.416664 0.700000 0.866668 0.872887
2.000000 0.624992 0.458328 0.725000 0.916668 0.866793
2.000000 0.581248 0.491664 0.737500 0.916668 0.842476
2.000000 0.537504 0.541668 0.750000 0.950000 0.864264
2.000000 0.487504 0.583332 0.775000 0.966668 0.766260
2.000000 0.443744 0.650004 0.787500 1.000000 0.841051
2.000000 0.393744 0.691668 0.812500 1.016668 0.854163
2.000000 0.350000 0.758328 0.825000 1.050000 0.822537
2.000000 0.287504 0.800004 0.850000 1.066668 0.642731
2.000000 0.231248 0.858336 0.862500 1.083332 0.820901
2.000000 0.175008 0.916668 0.875000 1.133332 0.829859
2.000000 0.112496 0.983328 0.900000 1.166668 0.764218
2.000000 0.981248 0.141672 0.612500 0.750000 0.892491
2.000000 0.950000 0.183336 0.625000 0.766668 0.867234
2.000000 0.925008 0.208332 0.650000 0.816668 0.883540
2.000000 0.887504 0.241668 0.650000 0.850000 0.877110
2.000000 0.868752 0.258336 0.687500 0.883332 0.847465
2.000000 0.837504 0.283332 0.725000 0.933332 0.796420
2.000000 0.793744 0.333336 0.712500 0.900000 0.867176
2.000000 0.762496 0.366672 0.750000 0.933332 0.831781
2.000000 0.693744 0.416664 0.712500 0.933332 0.868753
2.000000 0.668752 0.466668 0.737500 0.966668 0.899899
2.000000 0.618752 0.500004 0.737500 0.966668 0.864866
2.000000 0.568752 0.558336 0.762500 0.983332 0.877855
2.000000 0.525008 0.608328 0.800000 1.016668 0.873347
2.000000 0.468752 0.650004 0.787500 1.033332 0.850407
2.000000 0.425008 0.708336 0.825000 1.050000 0.894462
2.000000 0.368752 0.750000 0.837500 1.100000 0.892493
2.000000 0.312496 0.800004 0.850000 1.100000 0.849661
2.000000 0.268752 0.849996 0.887500 1.166668 0.902103
2.000000 0.200000 0.924996 0.900000 1.150000 0.879338
2.000000 0.150000 0.966672 0.925000 1.200000 0.888689
2.000000 0.974992 0.225000 0.550000 0.650000 0.860575
2.000000 0.937504 0.275004 0.550000 0.616668 0.858536
2.000000 0.912496 0.258336 0.575000 0.716668 0.795474
2.000000 0.875008 0.358332 0.575000 0.616668 0.796245
2.000000 0.837504 0.399996 0.575000 0.633332 0.886108
2.000000 0.793744 0.433332 0.587500 0.633332 0.896332
2.000000 0.762496 0.483336 0.600000 0.666668 0.898783
2.000000 0.718752 0.516672 0.612500 0.666668 0.897086
2.000000 0.675008 0.558336 0.625000 0.683332 0.888572
2.000000 0.631248 0.616668 0.637500 0.700000 0.894829
2.000000 0.593744 0.666672 0.662500 0.733332 0.907405
2.000000 0.550000 0.708336 0.675000 0.750000 0.906555
2.000000 0.500000 0.758328 0.700000 0.750000 0.899744
2.000000 0.450000 0.808332 0.700000 0.783332 0.861027
2.000000 0.993744 0.399996 0.687500 0.966668 0.782834
2.000000 0.950000 0.458328 0.700000 0.983332 0.726727
2.000000 0.906256 0.516672 0.712500 0.933332 0.717080
2.000000 0.856256 0.583332 0.737500 0.966668 0.621600
2.000000 0.812496 0.624996 0.750000 0.983332 0.711189
2.000000 0.762496 0.699996 0.775000 1.033332 0.748570
2.000000 0.706256 0.741672 0.787500 1.050000 0.653639
2.000000 0.656256 0.808332 0.812500 1.083332 0.732276
2.000000 0.606256 0.875004 0.837500 1.083332 0.831800
2.000000 0.543744 0.941664 0.862500 1.116668 0.774565
2.000000 0.481248 0.999996 0.887500 1.133332 0.657580
2.000000 0.993744 0.116664 0.562500 0.700000 0.897909
2.000000 0.968752 0.150000 0.562500 0.700000 0.885736
2.000000 0.931248 0.174996 0.587500 0.716668 0.882333
2.000000 0.893744 0.208332 0.587500 0.750000 0.892555
2.000000 0.862496 0.241668 0.600000 0.750000 0.884226
2.000000 0.831248 0.275004 0.637500 0.783332 0.842598
2.000000 0.781248 0.308328 0.612500 0.783332 0.887134
2.000000 0.743744 0.358332 0.637500 0.816668 0.885925
2.000000 0.706256 0.399996 0.637500 0.800000 0.884836
2.000000 0.662496 0.441672 0.650000 0.816668 0.872988
2.000000 0.624992 0.474996 0.675000 0.850000 0.884439
2.000000 0.581248 0.516672 0.687500 0.866668 0.849266
2.000000 0.525008 0.558336 0.700000 0.883332 0.857758
2.000000 0.481248 0.616668 0.712500 0.900000 0.869532
2.000000 0.431248 0.666672 0.737500 0.933332 0.846960
2.000000 0.381248 0.725004 0.737500 0.983332 0.806052
2.000000 0.324992 0.774996 0.775000 0.983332 0.792305
