2.000000 0.093744 0.008336 0.837500 1.083332 0.765505
2.000000 0.025008 0.066668 0.875000 1.100000 0.828890
2.000000 0.056256 0.050000 0.962500 1.166668 0.693437
2.000000 0.974992 0.575000 0.900000 1.016668 0.912151
2.000000 0.912496 0.674996 0.925000 1.083332 0.922279
2.000000 0.843744 0.783332 0.962500 1.100000 0.921191
2.000000 0.781248 0.916664 0.987500 1.166668 0.918663
2.000000 0.081248 0.050000 0.937500 1.200000 0.833732
2.000000 0.012496 0.116672 0.975000 1.266672 0.792670
2.000000 0.425008 0.083336 0.925000 1.200000 0.604737
2.000000 0.356256 0.158336 0.962500 1.250004 0.600273
2.000000 0.275008 0.224996 0.975000 1.283328 0.535785
2.000000 0.212496 0.325004 1.025000 1.316664 0.649925
2.000000 0.143744 0.400004 1.037500 1.333332 0.686365
2.000000 0.043744 0.491672 1.062500 1.383336 0.549131
