2.000000 0.659376 0.270832 0.081250 0.075000 0.411046
2.000000 0.981248 0.191668 0.062500 0.066666 0.436327
2.000000 0.653128 0.454168 0.118750 0.141666 0.560969
2.000000 0.796872 0.337498 0.093750 0.125000 0.681909
2.000000 0.631248 0.545836 0.150000 0.191666 0.772226
2.000000 0.968752 0.200002 0.062500 0.083334 0.460998
2.000000 0.771872 0.354166 0.106250 0.125000 0.522805
2.000000 0.612496 0.479164 0.112500 0.125000 0.662727
2.000000 0.581248 0.595834 0.175000 0.208334 0.772466
2.000000 0.921872 0.270832 0.068750 0.058334 0.333933
2.000000 0.834376 0.299998 0.093750 0.116666 0.563401
2.000000 0.331248 0.741664 0.212500 0.266666 0.749915
2.000000 0.850000 0.495832 0.137500 0.125000 0.819442
2.000000 0.918752 0.266668 0.075000 0.066666 0.364583
2.000000 0.834376 0.295834 0.093750 0.125000 0.562104
2.000000 0.321872 0.749998 0.206250 0.266666 0.796001
2.000000 0.846872 0.500002 0.131250 0.133334 0.827664
2.000000 0.918752 0.266668 0.075000 0.066666 0.355364
2.000000 0.831248 0.304168 0.100000 0.125000 0.558383
2.000000 0.312496 0.758332 0.212500 0.266666 0.808520
2.000000 0.843752 0.500002 0.137500 0.133334 0.829486
2.000000 0.915624 0.266668 0.081250 0.066666 0.341129
2.000000 0.828128 0.304168 0.093750 0.125000 0.583892
2.000000 0.306248 0.766666 0.212500 0.266666 0.639779
2.000000 0.840624 0.504166 0.131250 0.141666 0.841700
2.000000 0.915624 0.266668 0.081250 0.066666 0.358305
2.000000 0.296872 0.775000 0.218750 0.266666 0.567649
2.000000 0.825000 0.304168 0.100000 0.125000 0.599862
2.000000 0.837504 0.508336 0.137500 0.133334 0.842210
2.000000 0.912496 0.266668 0.075000 0.066666 0.360176
2.000000 0.825000 0.304168 0.100000 0.125000 0.614993
2.000000 0.284376 0.779164 0.218750 0.275000 0.687576
2.000000 0.828128 0.512500 0.131250 0.141666 0.842565
2.000000 0.906248 0.270832 0.075000 0.075000 0.396059
2.000000 0.818752 0.308332 0.100000 0.116666 0.599670
2.000000 0.275000 0.787498 0.225000 0.275000 0.840131
2.000000 0.825000 0.516664 0.137500 0.133334 0.845613
2.000000 0.903128 0.270832 0.081250 0.075000 0.423158
2.000000 0.818752 0.312502 0.100000 0.125000 0.631709
2.000000 0.268752 0.800002 0.225000 0.283334 0.752120
2.000000 0.821872 0.520834 0.131250 0.141666 0.840996
2.000000 0.903128 0.270832 0.081250 0.075000 0.376742
2.000000 0.815624 0.312502 0.093750 0.125000 0.667832
2.000000 0.253128 0.808336 0.231250 0.283334 0.718231
2.000000 0.818752 0.524998 0.137500 0.133334 0.828782
2.000000 0.903128 0.270832 0.081250 0.075000 0.397870
2.000000 0.812496 0.316666 0.100000 0.116666 0.672463
2.000000 0.243752 0.812500 0.225000 0.291666 0.706613
2.000000 0.815624 0.533332 0.143750 0.133334 0.823841
2.000000 0.656248 0.275002 0.075000 0.066666 0.320196
2.000000 0.968752 0.200002 0.062500 0.083334 0.359997
2.000000 0.765624 0.350002 0.106250 0.133334 0.561828
2.000000 0.575000 0.604168 0.162500 0.208334 0.651559
2.000000 0.612496 0.487498 0.112500 0.141666 0.654250
2.000000 0.900000 0.275002 0.075000 0.083334 0.401385
2.000000 0.812496 0.316666 0.100000 0.116666 0.683482
2.000000 0.234376 0.829168 0.231250 0.291666 0.793522
2.000000 0.812496 0.537502 0.137500 0.141666 0.843959
2.000000 0.962504 0.204166 0.075000 0.075000 0.311929
2.000000 0.893752 0.279166 0.075000 0.075000 0.437060
2.000000 0.809376 0.316666 0.093750 0.116666 0.684246
2.000000 0.225000 0.833332 0.237500 0.300000 0.804735
2.000000 0.809376 0.545836 0.143750 0.141666 0.849655
2.000000 0.890624 0.279166 0.068750 0.075000 0.420745
2.000000 0.806248 0.320836 0.100000 0.125000 0.653633
2.000000 0.212504 0.837502 0.237500 0.308334 0.806053
2.000000 0.806248 0.554164 0.150000 0.141666 0.856034
2.000000 0.890624 0.279166 0.068750 0.075000 0.416818
2.000000 0.803128 0.320836 0.106250 0.125000 0.657733
2.000000 0.200000 0.854164 0.237500 0.308334 0.814228
2.000000 0.800000 0.562498 0.150000 0.141666 0.868580
2.000000 0.890624 0.287500 0.068750 0.075000 0.396982
2.000000 0.800000 0.325000 0.100000 0.116666 0.626017
2.000000 0.190624 0.858334 0.243750 0.316666 0.759011
2.000000 0.796872 0.562498 0.143750 0.141666 0.859403
2.000000 0.887504 0.287500 0.062500 0.075000 0.401880
2.000000 0.800000 0.329164 0.100000 0.125000 0.546178
2.000000 0.178128 0.875002 0.243750 0.316666 0.773812
2.000000 0.793752 0.570832 0.150000 0.141666 0.847528
2.000000 0.884376 0.287500 0.068750 0.075000 0.405157
2.000000 0.796872 0.333334 0.093750 0.116666 0.638617
2.000000 0.165624 0.887500 0.256250 0.308334 0.771398
2.000000 0.787496 0.575002 0.162500 0.150000 0.847780
2.000000 0.884376 0.287500 0.068750 0.075000 0.393347
2.000000 0.793752 0.333334 0.100000 0.116666 0.633486
2.000000 0.153128 0.899998 0.256250 0.316666 0.820541
2.000000 0.784376 0.575002 0.156250 0.150000 0.849644
2.000000 0.884376 0.287500 0.068750 0.075000 0.381219
2.000000 0.793752 0.333334 0.100000 0.116666 0.640485
2.000000 0.143752 0.912502 0.262500 0.325000 0.832518
2.000000 0.781248 0.587500 0.162500 0.141666 0.840128
2.000000 0.884376 0.287500 0.068750 0.075000 0.395363
2.000000 0.787496 0.337498 0.100000 0.125000 0.686453
2.000000 0.771872 0.591664 0.156250 0.150000 0.838795
2.000000 0.128128 0.925000 0.268750 0.333334 0.844902
2.000000 0.656248 0.275002 0.075000 0.066666 0.306144
2.000000 0.975000 0.191668 0.087500 0.083334 0.347560
2.000000 0.762504 0.358336 0.100000 0.133334 0.633538
2.000000 0.609376 0.491668 0.118750 0.150000 0.656690
2.000000 0.565624 0.608332 0.168750 0.216666 0.665181
2.000000 0.884376 0.291664 0.068750 0.066666 0.375276
2.000000 0.787496 0.337498 0.100000 0.125000 0.679815
2.000000 0.765624 0.599998 0.156250 0.150000 0.826340
2.000000 0.115624 0.933334 0.268750 0.333334 0.836534
2.000000 0.881248 0.291664 0.062500 0.083334 0.393821
2.000000 0.784376 0.341668 0.093750 0.116666 0.617418
2.000000 0.100000 0.945832 0.275000 0.341666 0.785163
2.000000 0.762504 0.608332 0.162500 0.150000 0.838870
2.000000 0.878128 0.291664 0.068750 0.083334 0.379249
2.000000 0.781248 0.345832 0.100000 0.125000 0.622826
2.000000 0.090624 0.962500 0.281250 0.341666 0.819860
2.000000 0.762504 0.616666 0.162500 0.150000 0.860763
2.000000 0.878128 0.295834 0.068750 0.075000 0.382020
2.000000 0.781248 0.345832 0.100000 0.125000 0.601341
2.000000 0.071872 0.974998 0.281250 0.350000 0.792542
2.000000 0.756248 0.620836 0.162500 0.158334 0.853529
2.000000 0.875000 0.304168 0.075000 0.075000 0.400447
2.000000 0.778128 0.345832 0.106250 0.125000 0.619421
2.000000 0.059376 0.987502 0.281250 0.358334 0.780431
2.000000 0.750000 0.629164 0.162500 0.158334 0.863621
2.000000 0.871872 0.299998 0.068750 0.066666 0.370599
2.000000 0.775000 0.345832 0.100000 0.125000 0.549994
2.000000 0.043752 0.995836 0.287500 0.358334 0.694978
2.000000 0.743752 0.637498 0.162500 0.158334 0.867480
2.000000 0.871872 0.304168 0.068750 0.075000 0.422527
2.000000 0.775000 0.350002 0.100000 0.133334 0.575071
2.000000 0.737496 0.645832 0.162500 0.158334 0.871868
2.000000 0.871872 0.304168 0.068750 0.075000 0.401063
2.000000 0.771872 0.358336 0.106250 0.133334 0.532411
2.000000 0.734376 0.650002 0.168750 0.150000 0.857556
2.000000 0.868752 0.304168 0.075000 0.075000 0.410266
2.000000 0.765624 0.358336 0.106250 0.133334 0.587783
2.000000 0.731248 0.658336 0.175000 0.166666 0.858742
2.000000 0.868752 0.312502 0.075000 0.075000 0.471556
2.000000 0.762504 0.358336 0.112500 0.133334 0.570432
2.000000 0.721872 0.666664 0.168750 0.166666 0.861837
2.000000 0.656248 0.275002 0.075000 0.066666 0.335015
2.000000 0.965624 0.200002 0.068750 0.083334 0.338282
2.000000 0.762504 0.358336 0.100000 0.133334 0.686557
2.000000 0.603128 0.500002 0.131250 0.150000 0.690667
2.000000 0.562496 0.620836 0.175000 0.208334 0.831405
2.000000 0.865624 0.312502 0.068750 0.075000 0.479714
2.000000 0.759376 0.362500 0.106250 0.141666 0.510971
2.000000 0.712504 0.674998 0.175000 0.166666 0.855857
2.000000 0.753128 0.362500 0.106250 0.141666 0.397081
2.000000 0.865624 0.312502 0.068750 0.075000 0.442633
2.000000 0.706248 0.683332 0.175000 0.166666 0.867614
2.000000 0.862496 0.312502 0.075000 0.075000 0.443503
2.000000 0.753128 0.366664 0.106250 0.133334 0.490166
2.000000 0.700000 0.695836 0.175000 0.175000 0.873366
2.000000 0.859376 0.316666 0.068750 0.083334 0.443725
2.000000 0.750000 0.366664 0.112500 0.133334 0.452762
2.000000 0.696872 0.704164 0.181250 0.175000 0.868546
2.000000 0.859376 0.316666 0.068750 0.083334 0.432745
2.000000 0.693752 0.704164 0.175000 0.175000 0.877484
2.000000 0.859376 0.316666 0.068750 0.083334 0.458495
2.000000 0.684376 0.716668 0.181250 0.183334 0.870181
2.000000 0.856248 0.316666 0.075000 0.083334 0.489288
2.000000 0.681248 0.725002 0.175000 0.183334 0.874106
2.000000 0.740624 0.374998 0.106250 0.150000 0.402297
2.000000 0.853128 0.316666 0.068750 0.083334 0.512480
2.000000 0.675000 0.733336 0.187500 0.183334 0.862700
2.000000 0.740624 0.379168 0.106250 0.141666 0.326949
2.000000 0.853128 0.316666 0.068750 0.083334 0.459292
2.000000 0.668752 0.741664 0.187500 0.183334 0.878595
2.000000 0.737496 0.379168 0.112500 0.141666 0.370233
2.000000 0.850000 0.316666 0.075000 0.083334 0.451505
2.000000 0.659376 0.754168 0.193750 0.191666 0.889161
2.000000 0.656248 0.275002 0.075000 0.066666 0.301359
2.000000 0.965624 0.200002 0.068750 0.083334 0.420380
2.000000 0.596872 0.500002 0.131250 0.150000 0.672528
2.000000 0.759376 0.362500 0.093750 0.125000 0.680401
2.000000 0.556248 0.625000 0.175000 0.216666 0.813729
2.000000 0.737496 0.379168 0.112500 0.158334 0.323497
2.000000 0.846872 0.316666 0.081250 0.083334 0.459698
2.000000 0.653128 0.762502 0.193750 0.191666 0.879281
2.000000 0.734376 0.383332 0.118750 0.150000 0.343291
2.000000 0.850000 0.320836 0.087500 0.091666 0.405752
2.000000 0.646872 0.775000 0.193750 0.200000 0.874642
2.000000 0.843752 0.320836 0.075000 0.091666 0.360797
2.000000 0.728128 0.383332 0.118750 0.150000 0.413322
2.000000 0.637504 0.783334 0.200000 0.200000 0.866648
2.000000 0.837504 0.329164 0.075000 0.091666 0.419810
2.000000 0.721872 0.391666 0.118750 0.150000 0.511931
2.000000 0.631248 0.795832 0.200000 0.208334 0.859714
2.000000 0.725000 0.391666 0.125000 0.150000 0.492688
2.000000 0.837504 0.333334 0.075000 0.083334 0.517904
2.000000 0.625000 0.804166 0.200000 0.208334 0.867690
2.000000 0.721872 0.391666 0.131250 0.166666 0.436927
2.000000 0.831248 0.333334 0.075000 0.083334 0.534337
2.000000 0.996872 0.279166 0.081250 0.108334 0.562925
2.000000 0.612496 0.812500 0.200000 0.208334 0.850830
2.000000 0.721872 0.395836 0.131250 0.158334 0.428246
2.000000 0.831248 0.337498 0.075000 0.091666 0.553459
2.000000 0.996872 0.279166 0.081250 0.108334 0.572375
2.000000 0.609376 0.824998 0.206250 0.200000 0.877719
2.000000 0.721872 0.395836 0.143750 0.158334 0.355251
2.000000 0.831248 0.337498 0.075000 0.091666 0.549773
2.000000 0.996872 0.283336 0.081250 0.100000 0.566703
2.000000 0.603128 0.837502 0.206250 0.208334 0.878132
2.000000 0.715624 0.400000 0.131250 0.150000 0.364074
2.000000 0.996872 0.287500 0.081250 0.108334 0.571697
2.000000 0.828128 0.337498 0.068750 0.091666 0.573364
2.000000 0.590624 0.850000 0.206250 0.216666 0.867373
2.000000 0.825000 0.341668 0.075000 0.083334 0.553992
2.000000 0.993752 0.287500 0.087500 0.108334 0.583573
2.000000 0.581248 0.862498 0.212500 0.208334 0.869747
2.000000 0.965624 0.200002 0.068750 0.083334 0.406128
2.000000 0.590624 0.508336 0.131250 0.150000 0.713127
2.000000 0.756248 0.366664 0.100000 0.133334 0.713536
2.000000 0.546872 0.637498 0.181250 0.225000 0.783487
2.000000 0.821872 0.341668 0.081250 0.083334 0.560304
2.000000 0.993752 0.287500 0.087500 0.108334 0.617413
2.000000 0.571872 0.875002 0.218750 0.216666 0.882727
2.000000 0.875000 0.283336 0.075000 0.066666 0.300673
2.000000 0.818752 0.341668 0.075000 0.083334 0.627517
2.000000 0.990624 0.287500 0.081250 0.108334 0.645712
2.000000 0.693752 0.416668 0.112500 0.150000 0.654165
2.000000 0.562496 0.887500 0.225000 0.225000 0.908277
2.000000 0.815624 0.345832 0.081250 0.091666 0.620065
2.000000 0.990624 0.291664 0.081250 0.116666 0.645511
2.000000 0.693752 0.416668 0.112500 0.150000 0.710158
2.000000 0.553128 0.904168 0.218750 0.225000 0.904195
2.000000 0.868752 0.287500 0.075000 0.075000 0.331133
2.000000 0.815624 0.345832 0.081250 0.091666 0.612135
2.000000 0.987496 0.291664 0.087500 0.116666 0.652358
2.000000 0.690624 0.416668 0.118750 0.150000 0.666732
2.000000 0.543752 0.912502 0.225000 0.225000 0.888209
2.000000 0.865624 0.295834 0.068750 0.091666 0.340798
2.000000 0.809376 0.345832 0.081250 0.091666 0.573137
2.000000 0.690624 0.416668 0.118750 0.166666 0.580395
2.000000 0.987496 0.291664 0.087500 0.116666 0.695244
2.000000 0.531248 0.929164 0.225000 0.225000 0.881527
2.000000 0.865624 0.299998 0.068750 0.083334 0.316545
2.000000 0.809376 0.345832 0.081250 0.091666 0.530779
2.000000 0.684376 0.425002 0.118750 0.166666 0.610919
2.000000 0.987496 0.291664 0.087500 0.116666 0.696494
2.000000 0.528128 0.945832 0.231250 0.241666 0.882241
2.000000 0.859376 0.299998 0.068750 0.083334 0.355274
2.000000 0.806248 0.354166 0.087500 0.091666 0.499062
2.000000 0.678128 0.433336 0.106250 0.150000 0.693541
2.000000 0.984376 0.299998 0.093750 0.116666 0.720795
2.000000 0.515624 0.958336 0.231250 0.233334 0.895636
2.000000 0.859376 0.304168 0.068750 0.091666 0.408458
2.000000 0.806248 0.354166 0.087500 0.091666 0.568079
2.000000 0.981248 0.299998 0.087500 0.116666 0.700693
2.000000 0.675000 0.437500 0.112500 0.141666 0.717463
2.000000 0.500000 0.979168 0.237500 0.241666 0.888389
2.000000 0.837504 0.325000 0.112500 0.100000 0.303262
2.000000 0.978128 0.208336 0.068750 0.066666 0.320406
2.000000 0.856248 0.304168 0.075000 0.075000 0.376584
2.000000 0.806248 0.358336 0.087500 0.100000 0.605891
2.000000 0.981248 0.304168 0.087500 0.108334 0.692670
2.000000 0.668752 0.441664 0.112500 0.150000 0.715316
2.000000 0.490624 0.987502 0.243750 0.241666 0.884979
2.000000 0.978128 0.212500 0.068750 0.075000 0.328580
2.000000 0.856248 0.304168 0.075000 0.091666 0.412418
2.000000 0.800000 0.358336 0.087500 0.100000 0.600798
2.000000 0.981248 0.308332 0.087500 0.116666 0.689196
2.000000 0.665624 0.445834 0.118750 0.141666 0.694146
2.000000 0.965624 0.200002 0.068750 0.083334 0.426555
2.000000 0.750000 0.366664 0.100000 0.133334 0.703993
2.000000 0.584376 0.512500 0.131250 0.158334 0.741501
2.000000 0.537496 0.641668 0.175000 0.216666 0.801132
2.000000 0.978128 0.212500 0.068750 0.075000 0.349471
2.000000 0.856248 0.308332 0.075000 0.083334 0.417304
2.000000 0.800000 0.362500 0.087500 0.091666 0.566265
2.000000 0.659376 0.441664 0.118750 0.150000 0.638325
2.000000 0.981248 0.312502 0.087500 0.108334 0.684268
2.000000 0.971872 0.212500 0.068750 0.075000 0.358240
2.000000 0.853128 0.316666 0.068750 0.083334 0.404402
2.000000 0.796872 0.358336 0.093750 0.100000 0.606281
2.000000 0.978128 0.312502 0.093750 0.108334 0.658248
2.000000 0.656248 0.449998 0.125000 0.150000 0.688155
2.000000 0.971872 0.212500 0.068750 0.075000 0.374526
2.000000 0.850000 0.316666 0.062500 0.083334 0.431019
2.000000 0.793752 0.362500 0.087500 0.108334 0.638425
2.000000 0.978128 0.312502 0.093750 0.108334 0.650675
2.000000 0.653128 0.449998 0.131250 0.150000 0.693397
2.000000 0.971872 0.212500 0.068750 0.075000 0.342503
2.000000 0.846872 0.316666 0.068750 0.083334 0.423212
2.000000 0.793752 0.366664 0.087500 0.100000 0.664610
2.000000 0.978128 0.316666 0.093750 0.116666 0.667172
2.000000 0.650000 0.458332 0.125000 0.150000 0.680598
2.000000 0.968752 0.212500 0.075000 0.075000 0.326042
2.000000 0.846872 0.316666 0.068750 0.083334 0.445340
2.000000 0.971872 0.316666 0.093750 0.116666 0.671575
2.000000 0.646872 0.458332 0.131250 0.150000 0.699878
2.000000 0.790624 0.366664 0.093750 0.100000 0.708436
2.000000 0.965624 0.216664 0.081250 0.083334 0.336724
2.000000 0.846872 0.320836 0.068750 0.075000 0.429396
2.000000 0.971872 0.316666 0.093750 0.116666 0.637672
2.000000 0.640624 0.462502 0.131250 0.158334 0.695459
2.000000 0.790624 0.370834 0.093750 0.108334 0.743867
2.000000 0.840624 0.320836 0.068750 0.075000 0.358437
2.000000 0.971872 0.316666 0.093750 0.116666 0.635750
2.000000 0.784376 0.370834 0.093750 0.108334 0.716471
2.000000 0.637504 0.466666 0.137500 0.166666 0.733896
2.000000 0.840624 0.325000 0.068750 0.083334 0.341818
2.000000 0.968752 0.316666 0.100000 0.116666 0.592202
2.000000 0.634376 0.466666 0.131250 0.166666 0.704162
2.000000 0.784376 0.374998 0.093750 0.100000 0.721277
2.000000 0.837504 0.325000 0.075000 0.083334 0.394912
2.000000 0.968752 0.316666 0.100000 0.133334 0.570965
2.000000 0.784376 0.374998 0.093750 0.100000 0.703420
2.000000 0.628128 0.475000 0.131250 0.166666 0.713435
2.000000 0.837504 0.329164 0.075000 0.091666 0.362874
2.000000 0.965624 0.325000 0.093750 0.133334 0.596998
2.000000 0.778128 0.383332 0.093750 0.100000 0.656080
2.000000 0.625000 0.475000 0.137500 0.166666 0.712769
2.000000 0.653128 0.275002 0.068750 0.066666 0.311488
2.000000 0.965624 0.200002 0.068750 0.083334 0.415068
2.000000 0.746872 0.370834 0.106250 0.125000 0.689918
2.000000 0.581248 0.516664 0.137500 0.150000 0.757064
2.000000 0.531248 0.645832 0.175000 0.225000 0.784709
2.000000 0.837504 0.333334 0.075000 0.083334 0.304624
2.000000 0.959376 0.325000 0.093750 0.133334 0.591994
2.000000 0.775000 0.383332 0.087500 0.100000 0.625516
2.000000 0.621872 0.479164 0.131250 0.158334 0.694414
2.000000 0.962504 0.224998 0.087500 0.100000 0.301885
2.000000 0.831248 0.333334 0.075000 0.083334 0.347544
2.000000 0.959376 0.325000 0.093750 0.133334 0.551304
2.000000 0.615624 0.483334 0.131250 0.166666 0.640605
2.000000 0.768752 0.387502 0.087500 0.091666 0.683975
2.000000 0.831248 0.350002 0.075000 0.083334 0.325097
2.000000 0.962504 0.229168 0.087500 0.108334 0.354967
2.000000 0.956248 0.333334 0.087500 0.116666 0.517850
2.000000 0.609376 0.491668 0.131250 0.166666 0.620577
2.000000 0.765624 0.387502 0.093750 0.108334 0.683755
2.000000 0.828128 0.350002 0.081250 0.083334 0.339654
2.000000 0.959376 0.233332 0.093750 0.100000 0.387632
2.000000 0.609376 0.491668 0.131250 0.166666 0.513696
2.000000 0.953128 0.341668 0.093750 0.116666 0.542825
2.000000 0.765624 0.391666 0.093750 0.100000 0.677931
2.000000 0.959376 0.233332 0.093750 0.100000 0.404129
2.000000 0.600000 0.495832 0.137500 0.175000 0.507787
2.000000 0.953128 0.341668 0.093750 0.116666 0.580219
2.000000 0.762504 0.391666 0.087500 0.116666 0.615672
2.000000 0.593752 0.500002 0.137500 0.166666 0.382436
2.000000 0.959376 0.233332 0.093750 0.100000 0.388526
2.000000 0.953128 0.345832 0.093750 0.125000 0.579407
2.000000 0.759376 0.395836 0.093750 0.108334 0.643076
2.000000 0.818752 0.358336 0.075000 0.083334 0.309483
2.000000 0.593752 0.504166 0.137500 0.175000 0.354544
2.000000 0.962504 0.224998 0.087500 0.100000 0.389489
2.000000 0.950000 0.345832 0.100000 0.125000 0.591722
2.000000 0.759376 0.400000 0.093750 0.116666 0.655596
2.000000 0.818752 0.358336 0.075000 0.083334 0.356054
2.000000 0.881248 0.275002 0.062500 0.083334 0.363377
2.000000 0.962504 0.220834 0.087500 0.091666 0.382273
2.000000 0.590624 0.500002 0.143750 0.183334 0.469528
2.000000 0.753128 0.400000 0.093750 0.116666 0.597054
2.000000 0.950000 0.345832 0.100000 0.125000 0.671684
2.000000 0.881248 0.275002 0.062500 0.083334 0.322051
2.000000 0.815624 0.358336 0.081250 0.083334 0.324307
2.000000 0.962504 0.216664 0.087500 0.083334 0.387180
2.000000 0.746872 0.395836 0.093750 0.108334 0.491610
2.000000 0.581248 0.516664 0.137500 0.166666 0.647539
2.000000 0.943752 0.350002 0.100000 0.133334 0.690159
2.000000 0.809376 0.350002 0.081250 0.083334 0.384703
2.000000 0.881248 0.275002 0.062500 0.083334 0.388611
2.000000 0.959376 0.212500 0.081250 0.075000 0.389759
2.000000 0.743752 0.400000 0.087500 0.116666 0.591076
2.000000 0.578128 0.520834 0.143750 0.175000 0.682654
2.000000 0.943752 0.354166 0.100000 0.125000 0.688645
2.000000 0.962504 0.204166 0.075000 0.091666 0.411386
2.000000 0.746872 0.374998 0.106250 0.133334 0.630396
2.000000 0.525000 0.654166 0.175000 0.225000 0.752579
2.000000 0.578128 0.520834 0.131250 0.158334 0.765433
2.000000 0.878128 0.275002 0.068750 0.083334 0.323582
2.000000 0.962504 0.212500 0.075000 0.075000 0.346068
2.000000 0.806248 0.358336 0.075000 0.083334 0.407838
2.000000 0.740624 0.400000 0.093750 0.116666 0.601396
2.000000 0.943752 0.358336 0.100000 0.133334 0.690163
2.000000 0.571872 0.524998 0.143750 0.166666 0.744950
2.000000 0.959376 0.208336 0.068750 0.066666 0.314464
2.000000 0.878128 0.275002 0.068750 0.083334 0.322625
2.000000 0.803128 0.358336 0.081250 0.083334 0.447592
2.000000 0.737496 0.404164 0.087500 0.125000 0.600118
2.000000 0.937504 0.358336 0.100000 0.133334 0.672939
2.000000 0.565624 0.529168 0.143750 0.175000 0.730125
2.000000 0.956248 0.208336 0.075000 0.066666 0.345262
2.000000 0.875000 0.275002 0.075000 0.083334 0.370808
2.000000 0.803128 0.358336 0.081250 0.100000 0.442861
2.000000 0.734376 0.408334 0.093750 0.116666 0.647166
2.000000 0.937504 0.358336 0.100000 0.133334 0.694235
2.000000 0.559376 0.533332 0.143750 0.183334 0.704717
2.000000 0.875000 0.275002 0.075000 0.083334 0.314792
2.000000 0.959376 0.208336 0.081250 0.066666 0.337202
2.000000 0.800000 0.362500 0.087500 0.091666 0.475193
2.000000 0.556248 0.537502 0.150000 0.175000 0.650598
2.000000 0.934376 0.362500 0.106250 0.141666 0.660882
2.000000 0.731248 0.408334 0.087500 0.116666 0.671711
2.000000 0.956248 0.208336 0.075000 0.066666 0.337508
2.000000 0.796872 0.366664 0.081250 0.083334 0.483813
2.000000 0.731248 0.416668 0.087500 0.116666 0.679643
2.000000 0.934376 0.362500 0.106250 0.141666 0.706974
2.000000 0.550000 0.541666 0.150000 0.183334 0.726064
2.000000 0.959376 0.204166 0.068750 0.075000 0.307266
2.000000 0.796872 0.366664 0.081250 0.083334 0.484188
2.000000 0.728128 0.416668 0.093750 0.116666 0.642399
2.000000 0.934376 0.362500 0.106250 0.141666 0.654032
2.000000 0.543752 0.541666 0.150000 0.183334 0.761565
2.000000 0.956248 0.208336 0.075000 0.083334 0.312137
2.000000 0.796872 0.374998 0.081250 0.100000 0.465187
2.000000 0.725000 0.420832 0.087500 0.108334 0.608279
2.000000 0.931248 0.370834 0.100000 0.141666 0.697814
2.000000 0.540624 0.545836 0.156250 0.191666 0.769339
2.000000 0.862496 0.283336 0.062500 0.083334 0.300317
2.000000 0.793752 0.387502 0.087500 0.125000 0.423639
2.000000 0.718752 0.425002 0.087500 0.116666 0.591157
2.000000 0.928128 0.370834 0.106250 0.141666 0.708389
2.000000 0.534376 0.554164 0.156250 0.191666 0.768056
2.000000 0.859376 0.283336 0.068750 0.083334 0.401131
2.000000 0.787496 0.379168 0.087500 0.125000 0.446734
2.000000 0.528128 0.558334 0.156250 0.200000 0.598174
2.000000 0.715624 0.425002 0.093750 0.116666 0.685755
2.000000 0.928128 0.374998 0.106250 0.133334 0.704222
2.000000 0.856248 0.287500 0.075000 0.091666 0.433531
2.000000 0.787496 0.366664 0.087500 0.100000 0.493875
2.000000 0.525000 0.562498 0.150000 0.191666 0.618567
2.000000 0.928128 0.374998 0.106250 0.150000 0.648984
2.000000 0.712504 0.433336 0.100000 0.116666 0.704421
2.000000 0.653128 0.275002 0.068750 0.066666 0.312814
2.000000 0.962504 0.204166 0.075000 0.091666 0.383432
2.000000 0.740624 0.374998 0.106250 0.133334 0.654735
2.000000 0.571872 0.529168 0.131250 0.158334 0.785016
2.000000 0.515624 0.666664 0.181250 0.233334 0.818865
2.000000 0.856248 0.287500 0.075000 0.091666 0.401655
2.000000 0.781248 0.370834 0.087500 0.108334 0.547073
2.000000 0.518752 0.566668 0.150000 0.200000 0.624456
2.000000 0.921872 0.379168 0.106250 0.141666 0.635485
2.000000 0.712504 0.433336 0.100000 0.116666 0.700424
2.000000 0.853128 0.295834 0.068750 0.091666 0.369800
2.000000 0.781248 0.374998 0.087500 0.100000 0.552404
2.000000 0.515624 0.575002 0.156250 0.200000 0.563946
2.000000 0.918752 0.387502 0.112500 0.141666 0.693791
2.000000 0.709376 0.441664 0.106250 0.116666 0.728092
2.000000 0.853128 0.295834 0.068750 0.091666 0.343858
2.000000 0.778128 0.374998 0.093750 0.100000 0.495763
2.000000 0.506248 0.575002 0.162500 0.183334 0.593600
2.000000 0.706248 0.441664 0.100000 0.116666 0.715199
2.000000 0.918752 0.387502 0.112500 0.141666 0.748335
2.000000 0.943752 0.216664 0.062500 0.066666 0.303126
2.000000 0.853128 0.295834 0.068750 0.091666 0.334738
2.000000 0.500000 0.579166 0.162500 0.191666 0.493870
2.000000 0.775000 0.374998 0.087500 0.100000 0.557544
2.000000 0.700000 0.445834 0.100000 0.125000 0.702644
2.000000 0.912496 0.387502 0.112500 0.141666 0.720675
2.000000 0.846872 0.304168 0.068750 0.091666 0.315898
2.000000 0.943752 0.216664 0.062500 0.066666 0.400979
2.000000 0.496872 0.587500 0.156250 0.191666 0.540215
2.000000 0.771872 0.374998 0.093750 0.100000 0.542258
2.000000 0.696872 0.449998 0.106250 0.116666 0.680174
2.000000 0.912496 0.391666 0.112500 0.150000 0.689291
2.000000 0.843752 0.304168 0.075000 0.091666 0.349419
2.000000 0.943752 0.220834 0.062500 0.075000 0.432463
2.000000 0.490624 0.591664 0.168750 0.200000 0.503002
2.000000 0.771872 0.383332 0.093750 0.100000 0.562287
2.000000 0.909376 0.395836 0.118750 0.141666 0.675478
2.000000 0.690624 0.454168 0.106250 0.125000 0.748133
2.000000 0.843752 0.304168 0.075000 0.091666 0.357774
2.000000 0.940624 0.220834 0.068750 0.075000 0.411506
2.000000 0.765624 0.387502 0.093750 0.108334 0.563312
2.000000 0.484376 0.599998 0.168750 0.200000 0.564161
2.000000 0.906248 0.400000 0.112500 0.150000 0.694333
2.000000 0.690624 0.454168 0.106250 0.125000 0.790047
2.000000 0.843752 0.308332 0.075000 0.083334 0.388069
2.000000 0.940624 0.220834 0.068750 0.075000 0.437378
2.000000 0.762504 0.387502 0.087500 0.108334 0.581988
2.000000 0.481248 0.608332 0.162500 0.200000 0.603857
2.000000 0.906248 0.408334 0.112500 0.150000 0.691216
2.000000 0.684376 0.458332 0.106250 0.116666 0.792699
2.000000 0.940624 0.220834 0.068750 0.075000 0.411327
2.000000 0.837504 0.316666 0.075000 0.083334 0.421048
2.000000 0.478128 0.612502 0.168750 0.208334 0.476707
2.000000 0.759376 0.387502 0.093750 0.108334 0.530581
2.000000 0.900000 0.412498 0.112500 0.158334 0.699331
2.000000 0.681248 0.462502 0.100000 0.125000 0.757945
2.000000 0.937504 0.229168 0.075000 0.075000 0.371829
2.000000 0.471872 0.612502 0.168750 0.208334 0.402543
2.000000 0.837504 0.308332 0.075000 0.083334 0.403747
2.000000 0.756248 0.387502 0.087500 0.108334 0.521184
2.000000 0.900000 0.416668 0.112500 0.150000 0.713553
2.000000 0.678128 0.462502 0.106250 0.125000 0.763086
2.000000 0.656248 0.270832 0.075000 0.075000 0.385935
2.000000 0.643752 0.441664 0.112500 0.116666 0.388740
2.000000 0.981248 0.191668 0.062500 0.066666 0.435853
2.000000 0.790624 0.337498 0.093750 0.125000 0.679951
2.000000 0.628128 0.541666 0.143750 0.216666 0.754030
2.000000 0.959376 0.208336 0.068750 0.083334 0.344474
2.000000 0.737496 0.374998 0.100000 0.133334 0.728142
2.000000 0.565624 0.529168 0.131250 0.158334 0.765402
2.000000 0.503128 0.670834 0.181250 0.225000 0.793790
2.000000 0.940624 0.229168 0.081250 0.075000 0.382627
2.000000 0.462504 0.620836 0.175000 0.208334 0.388197
2.000000 0.837504 0.312502 0.075000 0.091666 0.471959
2.000000 0.753128 0.391666 0.093750 0.116666 0.525207
2.000000 0.896872 0.416668 0.118750 0.150000 0.746361
2.000000 0.675000 0.466666 0.100000 0.116666 0.747600
2.000000 0.937504 0.233332 0.075000 0.083334 0.357805
2.000000 0.750000 0.408334 0.100000 0.116666 0.420027
2.000000 0.456248 0.629164 0.175000 0.208334 0.441695
2.000000 0.831248 0.312502 0.075000 0.091666 0.459348
2.000000 0.665624 0.470836 0.106250 0.125000 0.734181
2.000000 0.896872 0.425002 0.118750 0.150000 0.763429
2.000000 0.450000 0.633334 0.175000 0.216666 0.337859
2.000000 0.940624 0.233332 0.081250 0.083334 0.354060
2.000000 0.743752 0.425002 0.100000 0.133334 0.428636
2.000000 0.831248 0.316666 0.075000 0.083334 0.542025
2.000000 0.659376 0.475000 0.106250 0.116666 0.714245
2.000000 0.890624 0.429166 0.118750 0.141666 0.786166
2.000000 0.937504 0.233332 0.075000 0.083334 0.366600
2.000000 0.440624 0.641668 0.168750 0.216666 0.447671
2.000000 0.743752 0.416668 0.100000 0.133334 0.451143
2.000000 0.828128 0.316666 0.068750 0.083334 0.518306
2.000000 0.656248 0.479164 0.112500 0.125000 0.693770
2.000000 0.890624 0.433336 0.118750 0.150000 0.794882
2.000000 0.934376 0.237502 0.081250 0.075000 0.343499
2.000000 0.740624 0.441664 0.106250 0.166666 0.462792
2.000000 0.828128 0.320836 0.068750 0.091666 0.517085
2.000000 0.653128 0.483334 0.118750 0.116666 0.701289
2.000000 0.437504 0.641668 0.175000 0.216666 0.718887
2.000000 0.887504 0.433336 0.112500 0.150000 0.793726
2.000000 0.934376 0.237502 0.081250 0.075000 0.332606
2.000000 0.737496 0.412498 0.100000 0.108334 0.486776
2.000000 0.825000 0.325000 0.075000 0.083334 0.524971
2.000000 0.653128 0.487498 0.118750 0.125000 0.725330
2.000000 0.431248 0.650002 0.175000 0.216666 0.763539
2.000000 0.884376 0.437500 0.118750 0.158334 0.780447
2.000000 0.656248 0.270832 0.075000 0.058334 0.341522
2.000000 0.931248 0.237502 0.075000 0.075000 0.354811
2.000000 0.734376 0.412498 0.093750 0.108334 0.459248
2.000000 0.821872 0.320836 0.068750 0.091666 0.533660
2.000000 0.650000 0.495832 0.125000 0.125000 0.703484
2.000000 0.425000 0.658336 0.175000 0.216666 0.730751
2.000000 0.881248 0.437500 0.125000 0.158334 0.732974
2.000000 0.931248 0.237502 0.075000 0.075000 0.343740
2.000000 0.818752 0.325000 0.075000 0.083334 0.483371
2.000000 0.731248 0.412498 0.100000 0.108334 0.525972
2.000000 0.415624 0.666664 0.181250 0.216666 0.666934
2.000000 0.881248 0.441664 0.125000 0.150000 0.710901
2.000000 0.640624 0.495832 0.118750 0.125000 0.743651
2.000000 0.815624 0.325000 0.081250 0.083334 0.492179
2.000000 0.725000 0.416668 0.100000 0.100000 0.505015
2.000000 0.409376 0.674998 0.181250 0.216666 0.723366
2.000000 0.875000 0.441664 0.125000 0.150000 0.745435
2.000000 0.637504 0.495832 0.112500 0.125000 0.771688
2.000000 0.656248 0.270832 0.075000 0.058334 0.320818
2.000000 0.812496 0.325000 0.075000 0.083334 0.486871
2.000000 0.721872 0.425002 0.106250 0.100000 0.528680
2.000000 0.871872 0.449998 0.118750 0.150000 0.750488
2.000000 0.631248 0.500002 0.112500 0.133334 0.786089
2.000000 0.406248 0.679168 0.187500 0.225000 0.823012
2.000000 0.656248 0.275002 0.075000 0.066666 0.306280
2.000000 0.959376 0.208336 0.068750 0.083334 0.370299
2.000000 0.500000 0.683332 0.187500 0.233334 0.722856
2.000000 0.562496 0.529168 0.137500 0.158334 0.758982
2.000000 0.734376 0.374998 0.106250 0.133334 0.775300
2.000000 0.815624 0.325000 0.081250 0.083334 0.472895
2.000000 0.718752 0.425002 0.100000 0.100000 0.490539
2.000000 0.628128 0.504166 0.118750 0.125000 0.769940
2.000000 0.868752 0.454168 0.125000 0.158334 0.779763
2.000000 0.393752 0.687502 0.187500 0.225000 0.788975
2.000000 0.809376 0.329164 0.081250 0.075000 0.416180
2.000000 0.712504 0.425002 0.100000 0.100000 0.596702
2.000000 0.868752 0.458332 0.125000 0.166666 0.731430
2.000000 0.628128 0.508336 0.118750 0.133334 0.757569
2.000000 0.387504 0.695836 0.187500 0.225000 0.782146
2.000000 0.806248 0.333334 0.087500 0.083334 0.307985
2.000000 0.928128 0.237502 0.081250 0.075000 0.319238
2.000000 0.709376 0.433336 0.106250 0.100000 0.605333
2.000000 0.862496 0.466666 0.125000 0.166666 0.689732
2.000000 0.381248 0.704164 0.187500 0.225000 0.768025
2.000000 0.621872 0.512500 0.118750 0.141666 0.784827
2.000000 0.656248 0.266668 0.075000 0.066666 0.338005
2.000000 0.806248 0.333334 0.087500 0.083334 0.346739
2.000000 0.928128 0.237502 0.081250 0.075000 0.365625
2.000000 0.706248 0.429166 0.100000 0.108334 0.656330
2.000000 0.859376 0.466666 0.131250 0.166666 0.721556
2.000000 0.368752 0.708334 0.200000 0.233334 0.771427
2.000000 0.621872 0.516664 0.118750 0.133334 0.811308
2.000000 0.928128 0.241666 0.081250 0.083334 0.388135
2.000000 0.706248 0.429166 0.100000 0.108334 0.671806
2.000000 0.853128 0.470836 0.131250 0.175000 0.715645
2.000000 0.362496 0.716668 0.200000 0.233334 0.789808
2.000000 0.618752 0.524998 0.125000 0.133334 0.813315
2.000000 0.656248 0.270832 0.075000 0.058334 0.303696
2.000000 0.925000 0.241666 0.087500 0.083334 0.353881
2.000000 0.800000 0.345832 0.087500 0.091666 0.431444
2.000000 0.700000 0.429166 0.100000 0.108334 0.671554
2.000000 0.853128 0.475000 0.131250 0.183334 0.690189
2.000000 0.353128 0.720832 0.206250 0.241666 0.809171
2.000000 0.612496 0.524998 0.125000 0.133334 0.827408
2.000000 0.656248 0.270832 0.075000 0.058334 0.327048
2.000000 0.925000 0.241666 0.087500 0.083334 0.338091
2.000000 0.796872 0.345832 0.081250 0.091666 0.516257
2.000000 0.996872 0.304168 0.093750 0.108334 0.584923
2.000000 0.700000 0.433336 0.100000 0.116666 0.649943
2.000000 0.846872 0.479164 0.131250 0.175000 0.717316
2.000000 0.606248 0.529168 0.125000 0.141666 0.810042
2.000000 0.346872 0.729166 0.206250 0.241666 0.833505
2.000000 0.656248 0.270832 0.075000 0.058334 0.342831
2.000000 0.925000 0.241666 0.087500 0.083334 0.383237
2.000000 0.793752 0.345832 0.087500 0.091666 0.533492
2.000000 0.996872 0.304168 0.093750 0.108334 0.596174
2.000000 0.696872 0.441664 0.093750 0.116666 0.607791
2.000000 0.843752 0.479164 0.137500 0.175000 0.764125
2.000000 0.600000 0.529168 0.125000 0.141666 0.799187
2.000000 0.340624 0.737500 0.206250 0.241666 0.862432
2.000000 0.656248 0.275002 0.075000 0.066666 0.316297
2.000000 0.925000 0.241666 0.087500 0.083334 0.452853
2.000000 0.793752 0.345832 0.087500 0.091666 0.559683
2.000000 0.696872 0.445834 0.093750 0.108334 0.600089
2.000000 0.996872 0.304168 0.093750 0.108334 0.614475
2.000000 0.840624 0.483334 0.131250 0.183334 0.744998
2.000000 0.593752 0.533332 0.125000 0.150000 0.748100
2.000000 0.334376 0.741664 0.206250 0.250000 0.851423
2.000000 0.656248 0.270832 0.075000 0.058334 0.320191
2.000000 0.918752 0.241666 0.087500 0.083334 0.478837
2.000000 0.790624 0.354166 0.081250 0.091666 0.604515
2.000000 0.687504 0.445834 0.100000 0.108334 0.639392
2.000000 0.990624 0.304168 0.093750 0.108334 0.645525
2.000000 0.837504 0.491668 0.137500 0.183334 0.698518
2.000000 0.587504 0.541666 0.125000 0.133334 0.811511
2.000000 0.318752 0.749998 0.212500 0.250000 0.820493
2.000000 0.553128 0.537502 0.143750 0.158334 0.749063
2.000000 0.731248 0.383332 0.100000 0.133334 0.782438
2.000000 0.493752 0.683332 0.187500 0.233334 0.785532
2.000000 0.656248 0.270832 0.075000 0.058334 0.376542
2.000000 0.925000 0.245836 0.087500 0.091666 0.427858
2.000000 0.784376 0.354166 0.081250 0.091666 0.633915
2.000000 0.834376 0.500002 0.131250 0.183334 0.636295
2.000000 0.990624 0.308332 0.093750 0.116666 0.650757
2.000000 0.684376 0.449998 0.106250 0.116666 0.714480
2.000000 0.587504 0.541666 0.125000 0.150000 0.814402
2.000000 0.312496 0.758332 0.212500 0.250000 0.841810
2.000000 0.656248 0.270832 0.075000 0.058334 0.342785
2.000000 0.921872 0.245836 0.093750 0.091666 0.466043
2.000000 0.784376 0.354166 0.081250 0.091666 0.636245
2.000000 0.825000 0.500002 0.137500 0.183334 0.644549
2.000000 0.987496 0.308332 0.100000 0.116666 0.671488
2.000000 0.681248 0.454168 0.112500 0.125000 0.690768
2.000000 0.578128 0.545836 0.131250 0.141666 0.795701
2.000000 0.306248 0.770836 0.212500 0.258334 0.854463
2.000000 0.656248 0.270832 0.075000 0.058334 0.349221
2.000000 0.918752 0.245836 0.087500 0.091666 0.486819
2.000000 0.825000 0.504166 0.137500 0.191666 0.572178
2.000000 0.781248 0.358336 0.087500 0.100000 0.630084
2.000000 0.987496 0.308332 0.100000 0.116666 0.674976
2.000000 0.678128 0.458332 0.106250 0.116666 0.690076
2.000000 0.571872 0.554164 0.131250 0.141666 0.802051
2.000000 0.293752 0.779164 0.212500 0.258334 0.836631
2.000000 0.656248 0.266668 0.075000 0.066666 0.370593
2.000000 0.915624 0.245836 0.081250 0.091666 0.501461
2.000000 0.781248 0.358336 0.087500 0.100000 0.602535
2.000000 0.825000 0.512500 0.137500 0.191666 0.614608
2.000000 0.671872 0.458332 0.106250 0.116666 0.644001
2.000000 0.987496 0.312502 0.100000 0.125000 0.685542
2.000000 0.571872 0.558334 0.131250 0.133334 0.798004
2.000000 0.287496 0.787498 0.212500 0.275000 0.839512
2.000000 0.996872 0.237502 0.093750 0.108334 0.331190
2.000000 0.656248 0.266668 0.075000 0.066666 0.379725
2.000000 0.915624 0.245836 0.081250 0.091666 0.502176
2.000000 0.818752 0.516664 0.137500 0.200000 0.572513
2.000000 0.781248 0.358336 0.087500 0.100000 0.613835
2.000000 0.668752 0.462502 0.112500 0.125000 0.646443
2.000000 0.987496 0.312502 0.100000 0.125000 0.659619
2.000000 0.565624 0.562498 0.131250 0.141666 0.826684
2.000000 0.275000 0.791668 0.225000 0.266666 0.866901
2.000000 0.993752 0.237502 0.100000 0.108334 0.334334
2.000000 0.659376 0.270832 0.068750 0.058334 0.402335
2.000000 0.915624 0.245836 0.081250 0.091666 0.512560
2.000000 0.665624 0.466666 0.118750 0.133334 0.548030
2.000000 0.815624 0.524998 0.143750 0.200000 0.639478
2.000000 0.984376 0.312502 0.106250 0.125000 0.643508
2.000000 0.778128 0.366664 0.093750 0.100000 0.655155
2.000000 0.562496 0.570832 0.137500 0.141666 0.833895
2.000000 0.268752 0.804166 0.225000 0.275000 0.871280
2.000000 0.993752 0.241666 0.100000 0.100000 0.327636
2.000000 0.659376 0.270832 0.068750 0.058334 0.390689
2.000000 0.809376 0.533332 0.143750 0.200000 0.476117
2.000000 0.915624 0.245836 0.081250 0.091666 0.546948
2.000000 0.662496 0.470836 0.112500 0.125000 0.579196
2.000000 0.775000 0.366664 0.087500 0.100000 0.614850
2.000000 0.984376 0.312502 0.106250 0.125000 0.634536
2.000000 0.556248 0.575002 0.137500 0.150000 0.820495
2.000000 0.259376 0.816664 0.231250 0.283334 0.868867
2.000000 0.990624 0.241666 0.106250 0.100000 0.319788
2.000000 0.659376 0.270832 0.068750 0.058334 0.359550
2.000000 0.656248 0.479164 0.112500 0.108334 0.569140
2.000000 0.912496 0.245836 0.087500 0.091666 0.585889
2.000000 0.806248 0.533332 0.150000 0.200000 0.607703
2.000000 0.768752 0.370834 0.087500 0.108334 0.617535
2.000000 0.984376 0.316666 0.106250 0.133334 0.649710
2.000000 0.550000 0.583336 0.137500 0.150000 0.827413
2.000000 0.250000 0.820834 0.225000 0.291666 0.843658
2.000000 0.656248 0.266668 0.075000 0.066666 0.359309
2.000000 0.806248 0.537502 0.150000 0.208334 0.495089
2.000000 0.768752 0.370834 0.087500 0.108334 0.596043
2.000000 0.650000 0.483334 0.112500 0.116666 0.607111
2.000000 0.912496 0.245836 0.087500 0.091666 0.618293
2.000000 0.981248 0.316666 0.112500 0.133334 0.647212
2.000000 0.240624 0.829168 0.231250 0.291666 0.793723
2.000000 0.546872 0.583336 0.143750 0.150000 0.799961
2.000000 0.656248 0.266668 0.075000 0.066666 0.391946
2.000000 0.800000 0.545836 0.150000 0.208334 0.568608
2.000000 0.765624 0.370834 0.093750 0.108334 0.605306
2.000000 0.909376 0.245836 0.081250 0.091666 0.625393
2.000000 0.646872 0.487498 0.106250 0.108334 0.634961
2.000000 0.978128 0.316666 0.106250 0.133334 0.642640
2.000000 0.537496 0.587500 0.137500 0.158334 0.794570
2.000000 0.228128 0.841666 0.243750 0.300000 0.828976
2.000000 0.546872 0.541666 0.143750 0.166666 0.756217
2.000000 0.487496 0.695836 0.187500 0.241666 0.764672
2.000000 0.728128 0.383332 0.106250 0.133334 0.780450
2.000000 0.656248 0.266668 0.075000 0.066666 0.301783
2.000000 0.762504 0.374998 0.087500 0.100000 0.623061
2.000000 0.909376 0.250000 0.081250 0.100000 0.625844
2.000000 0.975000 0.316666 0.112500 0.133334 0.628225
2.000000 0.643752 0.487498 0.112500 0.108334 0.648928
2.000000 0.793752 0.550000 0.150000 0.200000 0.657050
2.000000 0.534376 0.591664 0.131250 0.150000 0.798779
2.000000 0.218752 0.841666 0.237500 0.300000 0.859662
2.000000 0.981248 0.245836 0.100000 0.108334 0.357616
2.000000 0.975000 0.316666 0.112500 0.133334 0.580673
2.000000 0.759376 0.374998 0.093750 0.100000 0.617620
2.000000 0.903128 0.250000 0.081250 0.100000 0.620222
2.000000 0.790624 0.550000 0.156250 0.200000 0.691364
2.000000 0.637504 0.491668 0.112500 0.116666 0.714915
2.000000 0.531248 0.595834 0.137500 0.158334 0.769661
2.000000 0.209376 0.858334 0.243750 0.300000 0.824499
2.000000 0.981248 0.250000 0.100000 0.100000 0.339899
2.000000 0.971872 0.329164 0.106250 0.125000 0.550767
2.000000 0.900000 0.254164 0.075000 0.091666 0.576545
2.000000 0.756248 0.374998 0.087500 0.100000 0.636221
2.000000 0.787496 0.562498 0.150000 0.208334 0.652718
2.000000 0.631248 0.491668 0.112500 0.116666 0.716313
2.000000 0.528128 0.599998 0.131250 0.150000 0.763132
2.000000 0.196872 0.875002 0.243750 0.300000 0.801501
2.000000 0.981248 0.250000 0.100000 0.100000 0.376795
2.000000 0.968752 0.333334 0.100000 0.116666 0.532658
2.000000 0.781248 0.566668 0.150000 0.216666 0.562711
2.000000 0.900000 0.254164 0.075000 0.091666 0.569154
2.000000 0.756248 0.379168 0.087500 0.108334 0.639712
2.000000 0.631248 0.500002 0.125000 0.116666 0.731093
2.000000 0.518752 0.604168 0.150000 0.158334 0.800640
2.000000 0.184376 0.879166 0.243750 0.308334 0.867989
2.000000 0.981248 0.250000 0.100000 0.100000 0.346379
2.000000 0.778128 0.575002 0.156250 0.216666 0.540522
2.000000 0.900000 0.254164 0.075000 0.091666 0.564508
2.000000 0.968752 0.333334 0.112500 0.133334 0.595802
2.000000 0.750000 0.383332 0.087500 0.100000 0.640770
2.000000 0.628128 0.504166 0.118750 0.125000 0.700388
2.000000 0.509376 0.612502 0.143750 0.158334 0.798583
2.000000 0.175000 0.895834 0.250000 0.308334 0.863646
2.000000 0.981248 0.254164 0.100000 0.108334 0.342307
2.000000 0.743752 0.383332 0.087500 0.100000 0.511993
2.000000 0.965624 0.337498 0.106250 0.125000 0.552490
2.000000 0.900000 0.254164 0.075000 0.091666 0.554476
2.000000 0.768752 0.583336 0.162500 0.216666 0.688256
2.000000 0.625000 0.508336 0.125000 0.133334 0.701113
2.000000 0.503128 0.616666 0.143750 0.166666 0.802634
2.000000 0.162496 0.908332 0.250000 0.316666 0.874520
2.000000 0.978128 0.299998 0.118750 0.150000 0.311999
2.000000 0.981248 0.254164 0.100000 0.108334 0.368945
2.000000 0.900000 0.258334 0.075000 0.100000 0.478833
2.000000 0.962504 0.350002 0.100000 0.100000 0.561877
2.000000 0.746872 0.387502 0.093750 0.108334 0.625726
2.000000 0.621872 0.512500 0.118750 0.125000 0.754721
2.000000 0.765624 0.591664 0.168750 0.216666 0.770064
2.000000 0.493752 0.620836 0.150000 0.158334 0.784305
2.000000 0.153128 0.920836 0.256250 0.325000 0.795408
2.000000 0.981248 0.250000 0.100000 0.100000 0.395679
2.000000 0.900000 0.258334 0.075000 0.100000 0.458971
2.000000 0.740624 0.387502 0.093750 0.108334 0.587441
2.000000 0.962504 0.350002 0.100000 0.116666 0.597247
2.000000 0.615624 0.516664 0.118750 0.133334 0.780479
2.000000 0.762504 0.599998 0.162500 0.216666 0.792156
2.000000 0.137504 0.933334 0.262500 0.333334 0.818889
2.000000 0.490624 0.633334 0.156250 0.150000 0.832930
2.000000 0.981248 0.254164 0.100000 0.108334 0.379726
2.000000 0.893752 0.262498 0.075000 0.091666 0.430515
2.000000 0.959376 0.350002 0.106250 0.116666 0.607151
2.000000 0.737496 0.391666 0.100000 0.116666 0.615983
2.000000 0.612496 0.516664 0.125000 0.133334 0.767824
2.000000 0.756248 0.604168 0.162500 0.225000 0.786475
2.000000 0.484376 0.637498 0.156250 0.158334 0.848672
2.000000 0.125000 0.945832 0.262500 0.325000 0.875618
2.000000 0.978128 0.258334 0.106250 0.116666 0.333156
2.000000 0.890624 0.262498 0.068750 0.091666 0.438212
2.000000 0.959376 0.354166 0.106250 0.108334 0.578896
2.000000 0.734376 0.391666 0.093750 0.116666 0.657347
2.000000 0.606248 0.524998 0.125000 0.133334 0.730087
2.000000 0.753128 0.612502 0.168750 0.208334 0.806814
2.000000 0.475000 0.641668 0.150000 0.166666 0.821155
2.000000 0.112496 0.954166 0.275000 0.341666 0.851531
2.000000 0.956248 0.208336 0.062500 0.083334 0.303154
2.000000 0.728128 0.387502 0.106250 0.141666 0.782146
2.000000 0.540624 0.545836 0.143750 0.175000 0.783785
2.000000 0.475000 0.704164 0.187500 0.241666 0.787454
2.000000 0.975000 0.304168 0.125000 0.158334 0.303642
2.000000 0.978128 0.254164 0.106250 0.108334 0.347570
2.000000 0.893752 0.262498 0.075000 0.091666 0.482037
2.000000 0.959376 0.358336 0.106250 0.116666 0.599385
2.000000 0.600000 0.524998 0.112500 0.133334 0.672566
2.000000 0.734376 0.391666 0.093750 0.116666 0.673688
2.000000 0.753128 0.620836 0.168750 0.225000 0.774096
2.000000 0.471872 0.645832 0.156250 0.158334 0.819147
2.000000 0.096872 0.970834 0.281250 0.341666 0.873767
2.000000 0.975000 0.258334 0.100000 0.100000 0.307866
2.000000 0.893752 0.262498 0.075000 0.091666 0.521752
2.000000 0.953128 0.354166 0.106250 0.125000 0.598597
2.000000 0.593752 0.529168 0.112500 0.125000 0.667448
2.000000 0.731248 0.400000 0.100000 0.116666 0.693209
2.000000 0.743752 0.629164 0.162500 0.225000 0.788697
2.000000 0.462504 0.658336 0.150000 0.166666 0.796683
2.000000 0.081248 0.983332 0.287500 0.350000 0.834811
2.000000 0.975000 0.258334 0.100000 0.100000 0.316630
2.000000 0.965624 0.308332 0.118750 0.166666 0.369443
2.000000 0.890624 0.262498 0.081250 0.091666 0.523003
2.000000 0.953128 0.354166 0.106250 0.125000 0.628405
2.000000 0.731248 0.400000 0.100000 0.116666 0.693590
2.000000 0.590624 0.537502 0.118750 0.125000 0.695615
2.000000 0.740624 0.637498 0.168750 0.225000 0.791624
2.000000 0.456248 0.658336 0.162500 0.166666 0.806934
2.000000 0.071872 0.991666 0.281250 0.366666 0.876295
2.000000 0.975000 0.258334 0.100000 0.100000 0.336249
2.000000 0.965624 0.299998 0.118750 0.150000 0.366675
2.000000 0.890624 0.262498 0.081250 0.091666 0.529267
2.000000 0.950000 0.358336 0.112500 0.133334 0.625929
2.000000 0.734376 0.645832 0.168750 0.225000 0.657721
2.000000 0.587504 0.533332 0.112500 0.133334 0.688517
2.000000 0.725000 0.400000 0.100000 0.116666 0.704413
2.000000 0.446872 0.662500 0.156250 0.175000 0.775711
2.000000 0.975000 0.258334 0.100000 0.100000 0.308711
2.000000 0.965624 0.295834 0.118750 0.141666 0.362790
2.000000 0.890624 0.266668 0.081250 0.100000 0.530663
2.000000 0.731248 0.650002 0.175000 0.233334 0.609954
2.000000 0.950000 0.358336 0.112500 0.133334 0.616016
2.000000 0.718752 0.400000 0.100000 0.116666 0.691828
2.000000 0.581248 0.541666 0.112500 0.133334 0.722959
2.000000 0.443752 0.670834 0.162500 0.175000 0.793926
2.000000 0.965624 0.291664 0.118750 0.133334 0.353072
2.000000 0.890624 0.266668 0.081250 0.100000 0.547493
2.000000 0.721872 0.658336 0.181250 0.233334 0.555499
2.000000 0.946872 0.358336 0.118750 0.133334 0.644269
2.000000 0.715624 0.404164 0.106250 0.125000 0.725432
2.000000 0.571872 0.545836 0.118750 0.141666 0.730623
2.000000 0.434376 0.679168 0.168750 0.175000 0.842077
2.000000 0.962504 0.291664 0.112500 0.116666 0.340734
2.000000 0.881248 0.270832 0.075000 0.091666 0.502655
2.000000 0.943752 0.362500 0.112500 0.125000 0.624390
2.000000 0.715624 0.404164 0.106250 0.125000 0.659333
2.000000 0.715624 0.666664 0.181250 0.233334 0.729866
2.000000 0.565624 0.550000 0.118750 0.133334 0.767393
2.000000 0.425000 0.687502 0.162500 0.175000 0.852029
2.000000 0.965624 0.258334 0.093750 0.100000 0.353756
2.000000 0.881248 0.270832 0.075000 0.091666 0.541200
2.000000 0.946872 0.366664 0.118750 0.133334 0.656651
2.000000 0.706248 0.420832 0.100000 0.108334 0.666349
2.000000 0.709376 0.670834 0.181250 0.241666 0.768513
2.000000 0.565624 0.558334 0.118750 0.133334 0.794842
2.000000 0.418752 0.687502 0.162500 0.175000 0.844411
2.000000 0.962504 0.291664 0.100000 0.116666 0.353151
2.000000 0.878128 0.279166 0.068750 0.091666 0.472641
2.000000 0.940624 0.366664 0.118750 0.133334 0.659369
2.000000 0.703128 0.420832 0.093750 0.108334 0.687643
2.000000 0.703128 0.683332 0.181250 0.233334 0.687699
2.000000 0.559376 0.562498 0.118750 0.141666 0.758540
2.000000 0.412496 0.695836 0.162500 0.175000 0.837144
2.000000 0.965624 0.295834 0.106250 0.125000 0.330071
2.000000 0.875000 0.279166 0.075000 0.091666 0.487801
2.000000 0.696872 0.695836 0.181250 0.258334 0.622998
2.000000 0.937504 0.374998 0.112500 0.133334 0.641742
2.000000 0.700000 0.425002 0.100000 0.116666 0.686903
2.000000 0.553128 0.570832 0.118750 0.141666 0.757642
2.000000 0.406248 0.704164 0.162500 0.175000 0.852731
2.000000 0.956248 0.208336 0.062500 0.083334 0.362685
2.000000 0.725000 0.391666 0.112500 0.133334 0.800697
2.000000 0.468752 0.708334 0.200000 0.250000 0.821390
2.000000 0.534376 0.554164 0.143750 0.175000 0.823779
2.000000 0.965624 0.295834 0.106250 0.125000 0.342655
2.000000 0.875000 0.279166 0.075000 0.091666 0.470573
2.000000 0.934376 0.374998 0.118750 0.133334 0.661721
2.000000 0.696872 0.425002 0.093750 0.116666 0.708797
2.000000 0.690624 0.708334 0.181250 0.250000 0.717152
2.000000 0.550000 0.570832 0.125000 0.141666 0.745679
2.000000 0.403128 0.712498 0.168750 0.175000 0.829077
2.000000 0.962504 0.299998 0.112500 0.133334 0.336334
2.000000 0.875000 0.283336 0.075000 0.100000 0.477753
2.000000 0.693752 0.425002 0.087500 0.116666 0.571595
2.000000 0.931248 0.383332 0.112500 0.133334 0.683162
2.000000 0.546872 0.570832 0.131250 0.141666 0.762985
2.000000 0.393752 0.725002 0.175000 0.183334 0.801945
2.000000 0.684376 0.712498 0.181250 0.258334 0.827058
2.000000 0.950000 0.291664 0.125000 0.116666 0.328582
2.000000 0.875000 0.283336 0.075000 0.100000 0.512721
2.000000 0.690624 0.429166 0.093750 0.108334 0.628441
2.000000 0.931248 0.379168 0.112500 0.141666 0.641079
2.000000 0.537496 0.575002 0.125000 0.150000 0.772912
2.000000 0.387504 0.733336 0.187500 0.183334 0.810250
2.000000 0.681248 0.720832 0.187500 0.258334 0.838020
2.000000 0.956248 0.291664 0.112500 0.116666 0.371695
2.000000 0.871872 0.283336 0.081250 0.100000 0.515774
2.000000 0.931248 0.387502 0.125000 0.141666 0.657904
2.000000 0.684376 0.433336 0.093750 0.116666 0.671933
2.000000 0.534376 0.579166 0.131250 0.141666 0.787559
2.000000 0.375000 0.733336 0.175000 0.183334 0.813243
2.000000 0.671872 0.725002 0.193750 0.266666 0.861357
2.000000 0.956248 0.291664 0.112500 0.116666 0.385224
2.000000 0.871872 0.283336 0.081250 0.100000 0.538368
2.000000 0.931248 0.387502 0.125000 0.141666 0.683578
2.000000 0.684376 0.433336 0.093750 0.116666 0.705775
2.000000 0.528128 0.583336 0.131250 0.150000 0.802859
2.000000 0.365624 0.741664 0.181250 0.183334 0.805594
2.000000 0.665624 0.741664 0.193750 0.266666 0.846485
2.000000 0.959376 0.291664 0.118750 0.116666 0.406798
2.000000 0.871872 0.283336 0.081250 0.100000 0.524277
2.000000 0.925000 0.387502 0.125000 0.141666 0.676827
2.000000 0.681248 0.437500 0.100000 0.125000 0.749126
2.000000 0.521872 0.591664 0.131250 0.150000 0.793834
2.000000 0.350000 0.745834 0.187500 0.191666 0.831844
2.000000 0.659376 0.754168 0.206250 0.275000 0.839631
2.000000 0.956248 0.291664 0.112500 0.116666 0.403399
2.000000 0.868752 0.279166 0.075000 0.091666 0.500000
2.000000 0.921872 0.387502 0.118750 0.141666 0.654977
2.000000 0.681248 0.445834 0.100000 0.125000 0.763851
2.000000 0.518752 0.595834 0.137500 0.158334 0.800890
2.000000 0.346872 0.758332 0.193750 0.200000 0.860086
2.000000 0.653128 0.762502 0.206250 0.275000 0.867440
2.000000 0.865624 0.287500 0.068750 0.091666 0.395835
2.000000 0.956248 0.299998 0.112500 0.116666 0.419935
2.000000 0.921872 0.387502 0.118750 0.141666 0.632285
2.000000 0.678128 0.445834 0.106250 0.125000 0.747879
2.000000 0.515624 0.599998 0.143750 0.150000 0.779731
2.000000 0.643752 0.775000 0.212500 0.283334 0.848730
2.000000 0.337504 0.766666 0.187500 0.200000 0.878806
2.000000 0.862496 0.287500 0.075000 0.091666 0.366130
2.000000 0.953128 0.304168 0.118750 0.125000 0.398715
2.000000 0.915624 0.391666 0.118750 0.150000 0.571490
2.000000 0.671872 0.454168 0.106250 0.125000 0.732165
2.000000 0.503128 0.608332 0.143750 0.150000 0.770082
2.000000 0.637504 0.779164 0.212500 0.275000 0.826862
2.000000 0.331248 0.775000 0.187500 0.216666 0.857868
2.000000 0.862496 0.287500 0.075000 0.091666 0.340381
2.000000 0.953128 0.304168 0.106250 0.108334 0.399466
2.000000 0.918752 0.400000 0.125000 0.150000 0.626813
2.000000 0.668752 0.454168 0.112500 0.125000 0.743477
2.000000 0.500000 0.612502 0.150000 0.158334 0.790750
2.000000 0.321872 0.779164 0.193750 0.208334 0.866397
2.000000 0.631248 0.791668 0.212500 0.283334 0.870096
2.000000 0.956248 0.208336 0.062500 0.083334 0.365874
2.000000 0.721872 0.395836 0.118750 0.141666 0.804128
2.000000 0.462504 0.716668 0.200000 0.250000 0.812400
2.000000 0.531248 0.562498 0.150000 0.175000 0.822253
2.000000 0.859376 0.287500 0.068750 0.091666 0.339034
2.000000 0.946872 0.299998 0.106250 0.100000 0.419804
2.000000 0.915624 0.404164 0.131250 0.141666 0.647312
2.000000 0.625000 0.804166 0.212500 0.291666 0.747834
2.000000 0.665624 0.454168 0.118750 0.125000 0.765908
2.000000 0.493752 0.620836 0.150000 0.158334 0.831551
2.000000 0.312496 0.787498 0.200000 0.208334 0.862660
2.000000 0.859376 0.287500 0.068750 0.091666 0.342469
2.000000 0.946872 0.299998 0.106250 0.100000 0.445143
2.000000 0.915624 0.408334 0.143750 0.150000 0.665929
2.000000 0.662496 0.458332 0.125000 0.133334 0.764501
2.000000 0.615624 0.820834 0.218750 0.291666 0.802841
2.000000 0.303128 0.800002 0.193750 0.216666 0.842287
2.000000 0.484376 0.629164 0.156250 0.158334 0.848269
2.000000 0.856248 0.291664 0.075000 0.100000 0.319967
2.000000 0.946872 0.304168 0.106250 0.108334 0.423718
2.000000 0.906248 0.408334 0.125000 0.150000 0.622496
2.000000 0.656248 0.462502 0.125000 0.125000 0.748801
2.000000 0.609376 0.829168 0.218750 0.291666 0.809689
2.000000 0.296872 0.808336 0.193750 0.216666 0.854701
2.000000 0.481248 0.629164 0.150000 0.158334 0.864329
2.000000 0.856248 0.291664 0.075000 0.100000 0.300903
2.000000 0.946872 0.308332 0.106250 0.116666 0.390966
2.000000 0.903128 0.412498 0.118750 0.141666 0.671924
2.000000 0.653128 0.466666 0.118750 0.133334 0.697644
2.000000 0.600000 0.837502 0.225000 0.291666 0.832875
2.000000 0.284376 0.820834 0.206250 0.208334 0.847934
2.000000 0.475000 0.637498 0.150000 0.158334 0.852862
2.000000 0.856248 0.291664 0.075000 0.100000 0.333610
2.000000 0.928128 0.350002 0.131250 0.150000 0.337611
2.000000 0.943752 0.308332 0.100000 0.116666 0.424245
2.000000 0.650000 0.466666 0.125000 0.133334 0.636475
2.000000 0.900000 0.416668 0.112500 0.150000 0.697732
2.000000 0.590624 0.854164 0.231250 0.308334 0.798043
2.000000 0.275000 0.824998 0.212500 0.216666 0.830220
2.000000 0.468752 0.645832 0.150000 0.158334 0.837491
2.000000 0.853128 0.295834 0.081250 0.108334 0.330726
2.000000 0.940624 0.316666 0.106250 0.116666 0.437062
2.000000 0.640624 0.479164 0.118750 0.125000 0.686437
2.000000 0.896872 0.416668 0.118750 0.150000 0.696666
2.000000 0.584376 0.862498 0.231250 0.325000 0.819987
2.000000 0.462504 0.645832 0.150000 0.158334 0.828223
2.000000 0.265624 0.841666 0.206250 0.216666 0.867299
2.000000 0.850000 0.304168 0.075000 0.108334 0.344204
2.000000 0.937504 0.329164 0.125000 0.141666 0.454952
2.000000 0.896872 0.416668 0.118750 0.150000 0.687652
2.000000 0.640624 0.479164 0.118750 0.125000 0.693106
2.000000 0.456248 0.650002 0.150000 0.166666 0.829860
2.000000 0.575000 0.879166 0.237500 0.325000 0.861821
2.000000 0.256248 0.850000 0.212500 0.216666 0.867614
2.000000 0.850000 0.304168 0.075000 0.108334 0.318304
2.000000 0.934376 0.320836 0.118750 0.125000 0.430194
2.000000 0.634376 0.483334 0.118750 0.133334 0.688609
2.000000 0.893752 0.425002 0.125000 0.150000 0.693123
2.000000 0.450000 0.654166 0.162500 0.175000 0.806856
2.000000 0.565624 0.895834 0.243750 0.325000 0.843751
2.000000 0.246872 0.858334 0.206250 0.233334 0.872804
2.000000 0.934376 0.325000 0.118750 0.133334 0.469366
2.000000 0.631248 0.491668 0.125000 0.133334 0.667418
2.000000 0.893752 0.425002 0.125000 0.150000 0.681894
2.000000 0.443752 0.666664 0.162500 0.183334 0.802306
2.000000 0.556248 0.908332 0.250000 0.333334 0.864855
2.000000 0.237496 0.870832 0.212500 0.225000 0.892914
2.000000 0.931248 0.333334 0.125000 0.150000 0.400204
2.000000 0.631248 0.491668 0.137500 0.133334 0.667687
2.000000 0.887504 0.433336 0.125000 0.150000 0.697140
2.000000 0.546872 0.920836 0.243750 0.325000 0.774867
2.000000 0.431248 0.674998 0.162500 0.183334 0.829982
2.000000 0.225000 0.879166 0.225000 0.225000 0.888109
2.000000 0.953128 0.212500 0.068750 0.075000 0.464560
2.000000 0.721872 0.395836 0.118750 0.141666 0.776391
2.000000 0.453128 0.729166 0.206250 0.258334 0.803899
2.000000 0.521872 0.562498 0.143750 0.175000 0.813181
2.000000 0.931248 0.329164 0.125000 0.141666 0.419663
2.000000 0.887504 0.433336 0.125000 0.150000 0.678442
2.000000 0.631248 0.495832 0.137500 0.141666 0.692517
2.000000 0.537496 0.937498 0.250000 0.341666 0.820786
2.000000 0.425000 0.679168 0.162500 0.175000 0.858466
2.000000 0.215624 0.891664 0.218750 0.233334 0.897907
2.000000 0.931248 0.329164 0.125000 0.141666 0.402296
2.000000 0.631248 0.491668 0.150000 0.150000 0.654762
2.000000 0.884376 0.437500 0.131250 0.158334 0.694929
2.000000 0.531248 0.950002 0.250000 0.350000 0.798621
2.000000 0.421872 0.687502 0.168750 0.175000 0.856388
2.000000 0.203128 0.899998 0.218750 0.233334 0.876046
2.000000 0.837504 0.308332 0.075000 0.100000 0.317269
2.000000 0.925000 0.329164 0.112500 0.141666 0.372381
2.000000 0.878128 0.437500 0.131250 0.158334 0.685811
2.000000 0.621872 0.500002 0.143750 0.133334 0.693411
2.000000 0.518752 0.966664 0.262500 0.366666 0.772580
2.000000 0.415624 0.691666 0.168750 0.183334 0.851083
2.000000 0.193752 0.912502 0.225000 0.241666 0.874821
2.000000 0.921872 0.333334 0.118750 0.133334 0.363750
2.000000 0.615624 0.504166 0.143750 0.141666 0.593016
2.000000 0.878128 0.445834 0.131250 0.158334 0.639583
2.000000 0.512504 0.987502 0.262500 0.358334 0.699869
2.000000 0.412496 0.695836 0.175000 0.175000 0.859504
2.000000 0.181248 0.925000 0.225000 0.233334 0.886600
2.000000 0.921872 0.333334 0.118750 0.133334 0.380753
2.000000 0.612496 0.512500 0.137500 0.141666 0.453812
2.000000 0.871872 0.445834 0.131250 0.158334 0.661209
2.000000 0.400000 0.708334 0.175000 0.166666 0.840667
2.000000 0.168752 0.937498 0.225000 0.241666 0.873344
2.000000 0.831248 0.316666 0.075000 0.100000 0.350156
2.000000 0.612496 0.516664 0.150000 0.150000 0.452135
2.000000 0.921872 0.337498 0.118750 0.141666 0.461100
2.000000 0.871872 0.449998 0.131250 0.150000 0.672663
2.000000 0.393752 0.712498 0.175000 0.175000 0.851077
2.000000 0.159376 0.950002 0.231250 0.250000 0.884737
2.000000 0.831248 0.316666 0.075000 0.100000 0.352044
2.000000 0.918752 0.345832 0.125000 0.141666 0.442167
2.000000 0.600000 0.520834 0.137500 0.141666 0.623088
2.000000 0.871872 0.454168 0.143750 0.158334 0.633996
2.000000 0.387504 0.720832 0.175000 0.175000 0.858597
2.000000 0.143752 0.962500 0.237500 0.258334 0.861593
2.000000 0.828128 0.316666 0.081250 0.100000 0.369126
2.000000 0.918752 0.350002 0.125000 0.133334 0.469306
2.000000 0.865624 0.458332 0.131250 0.166666 0.597243
2.000000 0.593752 0.524998 0.137500 0.150000 0.625254
2.000000 0.375000 0.725002 0.175000 0.183334 0.860396
2.000000 0.131248 0.979168 0.237500 0.258334 0.866730
2.000000 0.828128 0.320836 0.081250 0.091666 0.365137
2.000000 0.918752 0.358336 0.125000 0.150000 0.452912
2.000000 0.859376 0.462502 0.131250 0.158334 0.572772
2.000000 0.584376 0.529168 0.131250 0.141666 0.705260
2.000000 0.365624 0.733336 0.181250 0.183334 0.840240
2.000000 0.115624 0.987502 0.243750 0.258334 0.879465
2.000000 0.825000 0.320836 0.075000 0.091666 0.332165
2.000000 0.915624 0.350002 0.118750 0.133334 0.407372
2.000000 0.859376 0.466666 0.131250 0.166666 0.526977
2.000000 0.578128 0.537502 0.131250 0.141666 0.746070
2.000000 0.353128 0.745834 0.193750 0.191666 0.843736
2.000000 0.953128 0.216664 0.068750 0.083334 0.539866
2.000000 0.996872 0.291664 0.093750 0.083334 0.561100
2.000000 0.443752 0.737500 0.200000 0.258334 0.738394
2.000000 0.715624 0.400000 0.118750 0.150000 0.789414
2.000000 0.518752 0.575002 0.150000 0.183334 0.813989
2.000000 0.818752 0.320836 0.075000 0.091666 0.332034
2.000000 0.915624 0.362500 0.131250 0.141666 0.458951
2.000000 0.856248 0.466666 0.125000 0.166666 0.553053
2.000000 0.575000 0.541666 0.137500 0.150000 0.732583
2.000000 0.346872 0.745834 0.193750 0.191666 0.866889
2.000000 0.818752 0.325000 0.075000 0.100000 0.342007
2.000000 0.912496 0.370834 0.137500 0.158334 0.466642
2.000000 0.850000 0.475000 0.137500 0.166666 0.594486
2.000000 0.571872 0.541666 0.131250 0.150000 0.743747
2.000000 0.340624 0.754168 0.181250 0.191666 0.874426
2.000000 0.818752 0.325000 0.075000 0.100000 0.346470
2.000000 0.912496 0.374998 0.137500 0.166666 0.461659
2.000000 0.843752 0.479164 0.137500 0.175000 0.615512
2.000000 0.568752 0.545836 0.137500 0.158334 0.716416
2.000000 0.331248 0.762502 0.187500 0.191666 0.874487
2.000000 0.812496 0.329164 0.075000 0.091666 0.329887
2.000000 0.909376 0.374998 0.131250 0.150000 0.453836
2.000000 0.843752 0.479164 0.137500 0.175000 0.603838
2.000000 0.562496 0.550000 0.137500 0.150000 0.705121
2.000000 0.321872 0.766666 0.193750 0.200000 0.859956
2.000000 0.812496 0.325000 0.075000 0.100000 0.334944
2.000000 0.906248 0.374998 0.137500 0.150000 0.445504
2.000000 0.559376 0.554164 0.143750 0.158334 0.558307
2.000000 0.840624 0.483334 0.131250 0.166666 0.602598
2.000000 0.315624 0.779164 0.193750 0.208334 0.854127
2.000000 0.812496 0.325000 0.075000 0.100000 0.372305
2.000000 0.903128 0.370834 0.143750 0.141666 0.408299
2.000000 0.556248 0.558334 0.137500 0.150000 0.509682
2.000000 0.840624 0.491668 0.131250 0.166666 0.584619
2.000000 0.306248 0.779164 0.200000 0.208334 0.841463
2.000000 0.809376 0.333334 0.081250 0.100000 0.325057
2.000000 0.903128 0.366664 0.143750 0.133334 0.429972
2.000000 0.834376 0.495832 0.131250 0.175000 0.603589
2.000000 0.550000 0.570832 0.137500 0.141666 0.635484
2.000000 0.300000 0.791668 0.200000 0.216666 0.833392
2.000000 0.806248 0.333334 0.075000 0.100000 0.316195
2.000000 0.900000 0.383332 0.150000 0.166666 0.421598
2.000000 0.831248 0.495832 0.137500 0.175000 0.608203
2.000000 0.543752 0.570832 0.137500 0.141666 0.650972
2.000000 0.284376 0.800002 0.193750 0.216666 0.861935
2.000000 0.893752 0.395836 0.150000 0.175000 0.388645
2.000000 0.537496 0.575002 0.137500 0.150000 0.559792
2.000000 0.828128 0.504166 0.131250 0.175000 0.610063
2.000000 0.278128 0.808336 0.193750 0.216666 0.853555
2.000000 0.893752 0.400000 0.162500 0.183334 0.411729
2.000000 0.534376 0.583336 0.143750 0.150000 0.492943
2.000000 0.825000 0.504166 0.137500 0.175000 0.604437
2.000000 0.265624 0.820834 0.206250 0.208334 0.871744
2.000000 0.993752 0.295834 0.087500 0.075000 0.579058
2.000000 0.950000 0.216664 0.075000 0.083334 0.592880
2.000000 0.721872 0.400000 0.131250 0.150000 0.703400
2.000000 0.434376 0.749998 0.206250 0.266666 0.771134
2.000000 0.512504 0.575002 0.150000 0.183334 0.777387
2.000000 0.800000 0.350002 0.075000 0.116666 0.322852
2.000000 0.890624 0.400000 0.156250 0.183334 0.349917
2.000000 0.525000 0.583336 0.137500 0.150000 0.525445
2.000000 0.821872 0.508336 0.143750 0.183334 0.559001
2.000000 0.259376 0.833332 0.206250 0.216666 0.875519
2.000000 0.890624 0.400000 0.156250 0.183334 0.320000
2.000000 0.796872 0.350002 0.081250 0.116666 0.334550
2.000000 0.818752 0.512500 0.150000 0.191666 0.486976
2.000000 0.525000 0.591664 0.137500 0.150000 0.490470
2.000000 0.246872 0.841666 0.206250 0.216666 0.871260
2.000000 0.796872 0.350002 0.081250 0.116666 0.349742
2.000000 0.818752 0.516664 0.150000 0.183334 0.444716
2.000000 0.521872 0.595834 0.143750 0.158334 0.599726
2.000000 0.237496 0.850000 0.212500 0.216666 0.885302
2.000000 0.796872 0.350002 0.081250 0.116666 0.383786
2.000000 0.512504 0.595834 0.150000 0.158334 0.556507
2.000000 0.812496 0.524998 0.150000 0.183334 0.563476
2.000000 0.228128 0.858334 0.206250 0.216666 0.877140
2.000000 0.868752 0.412498 0.137500 0.191666 0.300887
2.000000 0.790624 0.354166 0.081250 0.108334 0.354869
2.000000 0.506248 0.604168 0.150000 0.158334 0.489693
2.000000 0.809376 0.529168 0.143750 0.191666 0.637038
2.000000 0.215624 0.870832 0.218750 0.225000 0.878751
2.000000 0.790624 0.358336 0.081250 0.116666 0.411588
2.000000 0.496872 0.608332 0.143750 0.166666 0.570193
2.000000 0.806248 0.533332 0.150000 0.183334 0.620959
2.000000 0.206248 0.879166 0.212500 0.225000 0.881135
2.000000 0.787496 0.358336 0.075000 0.116666 0.390281
2.000000 0.803128 0.537502 0.156250 0.191666 0.649516
2.000000 0.490624 0.612502 0.143750 0.158334 0.659123
2.000000 0.196872 0.895834 0.218750 0.225000 0.893185
2.000000 0.784376 0.362500 0.081250 0.108334 0.425516
2.000000 0.800000 0.545836 0.150000 0.191666 0.666641
2.000000 0.484376 0.616666 0.143750 0.166666 0.688839
2.000000 0.184376 0.904168 0.218750 0.225000 0.888889
2.000000 0.784376 0.358336 0.093750 0.116666 0.411571
2.000000 0.796872 0.545836 0.156250 0.191666 0.687302
2.000000 0.481248 0.625000 0.150000 0.166666 0.702735
2.000000 0.175000 0.916666 0.225000 0.233334 0.885264
2.000000 0.790624 0.554164 0.143750 0.191666 0.572678
2.000000 0.471872 0.633334 0.143750 0.166666 0.615801
2.000000 0.162496 0.925000 0.225000 0.233334 0.887636
2.000000 0.656248 0.270832 0.075000 0.075000 0.400194
2.000000 0.981248 0.191668 0.062500 0.066666 0.433689
2.000000 0.640624 0.437500 0.106250 0.108334 0.444564
2.000000 0.790624 0.337498 0.093750 0.125000 0.720766
2.000000 0.625000 0.558334 0.150000 0.216666 0.786450
2.000000 0.950000 0.216664 0.075000 0.083334 0.599980
2.000000 0.996872 0.291664 0.081250 0.083334 0.600563
2.000000 0.718752 0.400000 0.125000 0.150000 0.700964
2.000000 0.506248 0.583336 0.150000 0.183334 0.773840
2.000000 0.425000 0.758332 0.212500 0.266666 0.831158
2.000000 0.784376 0.562498 0.143750 0.191666 0.577836
2.000000 0.468752 0.641668 0.150000 0.166666 0.609680
2.000000 0.150000 0.933334 0.225000 0.233334 0.872109
2.000000 0.950000 0.216664 0.075000 0.083334 0.584003
2.000000 0.496872 0.591664 0.156250 0.183334 0.623229
2.000000 0.993752 0.295834 0.075000 0.075000 0.634916
2.000000 0.709376 0.408334 0.118750 0.150000 0.742614
2.000000 0.415624 0.766666 0.206250 0.266666 0.807048
2.000000 0.946872 0.216664 0.068750 0.083334 0.593737
2.000000 0.993752 0.299998 0.075000 0.083334 0.601973
2.000000 0.709376 0.404164 0.131250 0.158334 0.617317
2.000000 0.406248 0.770836 0.212500 0.275000 0.804448
2.000000 0.493752 0.591664 0.162500 0.183334 0.809235
2.000000 0.996872 0.183334 0.068750 0.066666 0.319251
2.000000 0.943752 0.216664 0.062500 0.083334 0.607031
2.000000 0.990624 0.299998 0.081250 0.083334 0.621940
2.000000 0.700000 0.408334 0.125000 0.150000 0.714563
2.000000 0.487496 0.595834 0.150000 0.175000 0.827161
2.000000 0.396872 0.779164 0.218750 0.275000 0.839122
2.000000 0.996872 0.187498 0.068750 0.075000 0.339904
2.000000 0.943752 0.216664 0.062500 0.083334 0.572187
2.000000 0.990624 0.304168 0.081250 0.075000 0.621032
2.000000 0.693752 0.412498 0.112500 0.141666 0.698387
2.000000 0.381248 0.791668 0.225000 0.283334 0.792273
2.000000 0.478128 0.599998 0.156250 0.183334 0.798904
2.000000 0.993752 0.191668 0.075000 0.083334 0.352825
2.000000 0.940624 0.216664 0.068750 0.083334 0.540973
2.000000 0.990624 0.308332 0.081250 0.083334 0.649606
2.000000 0.693752 0.420832 0.112500 0.141666 0.756607
2.000000 0.475000 0.608332 0.162500 0.183334 0.797201
2.000000 0.371872 0.808336 0.218750 0.283334 0.834778
2.000000 0.993752 0.187498 0.075000 0.075000 0.381920
2.000000 0.940624 0.216664 0.068750 0.083334 0.543415
2.000000 0.987496 0.308332 0.075000 0.083334 0.632904
2.000000 0.362496 0.812500 0.225000 0.291666 0.731580
2.000000 0.471872 0.612502 0.156250 0.191666 0.790946
2.000000 0.690624 0.425002 0.118750 0.150000 0.793083
2.000000 0.990624 0.191668 0.068750 0.066666 0.347631
2.000000 0.940624 0.220834 0.068750 0.091666 0.562003
2.000000 0.987496 0.308332 0.075000 0.083334 0.638164
2.000000 0.353128 0.829168 0.231250 0.291666 0.749209
2.000000 0.684376 0.425002 0.118750 0.150000 0.759078
2.000000 0.462504 0.616666 0.162500 0.183334 0.810529
2.000000 0.993752 0.183334 0.075000 0.066666 0.371234
2.000000 0.937504 0.224998 0.062500 0.083334 0.605200
2.000000 0.984376 0.316666 0.081250 0.083334 0.641338
2.000000 0.340624 0.837502 0.231250 0.291666 0.770962
2.000000 0.684376 0.425002 0.118750 0.150000 0.776931
2.000000 0.456248 0.629164 0.162500 0.191666 0.837129
2.000000 0.990624 0.183334 0.068750 0.066666 0.372236
2.000000 0.937504 0.224998 0.062500 0.083334 0.607035
2.000000 0.984376 0.316666 0.081250 0.083334 0.657153
2.000000 0.681248 0.429166 0.125000 0.158334 0.736020
2.000000 0.334376 0.845836 0.243750 0.308334 0.773134
2.000000 0.450000 0.629164 0.162500 0.191666 0.833921
2.000000 0.981248 0.191668 0.075000 0.066666 0.384037
2.000000 0.656248 0.270832 0.075000 0.075000 0.417406
2.000000 0.637504 0.466666 0.112500 0.166666 0.443434
2.000000 0.787496 0.337498 0.087500 0.125000 0.654726
2.000000 0.621872 0.550000 0.156250 0.216666 0.706394
2.000000 0.990624 0.187498 0.068750 0.075000 0.366764
2.000000 0.934376 0.224998 0.068750 0.083334 0.544718
2.000000 0.318752 0.854164 0.237500 0.308334 0.635949
2.000000 0.984376 0.316666 0.081250 0.083334 0.675240
2.000000 0.671872 0.433336 0.118750 0.150000 0.685772
2.000000 0.443752 0.633334 0.162500 0.200000 0.844867
2.000000 0.990624 0.191668 0.068750 0.066666 0.373483
2.000000 0.306248 0.866668 0.250000 0.316666 0.501507
2.000000 0.934376 0.224998 0.068750 0.083334 0.547095
2.000000 0.984376 0.316666 0.081250 0.083334 0.687405
2.000000 0.665624 0.441664 0.118750 0.150000 0.772971
2.000000 0.434376 0.637498 0.168750 0.191666 0.837901
2.000000 0.296872 0.887500 0.243750 0.325000 0.363092
2.000000 0.990624 0.191668 0.068750 0.066666 0.404422
2.000000 0.934376 0.224998 0.068750 0.083334 0.512344
2.000000 0.984376 0.316666 0.081250 0.083334 0.695650
2.000000 0.665624 0.441664 0.118750 0.150000 0.797008
2.000000 0.428128 0.645832 0.168750 0.191666 0.822801
2.000000 0.990624 0.195832 0.068750 0.075000 0.392134
2.000000 0.934376 0.229168 0.068750 0.091666 0.433154
2.000000 0.284376 0.899998 0.243750 0.316666 0.592158
2.000000 0.978128 0.325000 0.081250 0.083334 0.696246
2.000000 0.662496 0.441664 0.125000 0.150000 0.828640
2.000000 0.421872 0.658336 0.168750 0.200000 0.842920
2.000000 0.659376 0.262498 0.081250 0.075000 0.318807
2.000000 0.987496 0.191668 0.075000 0.066666 0.364945
2.000000 0.931248 0.229168 0.062500 0.091666 0.393633
2.000000 0.271872 0.912502 0.243750 0.325000 0.592034
2.000000 0.978128 0.325000 0.081250 0.083334 0.713960
2.000000 0.656248 0.449998 0.125000 0.150000 0.795782
2.000000 0.415624 0.662500 0.168750 0.208334 0.843114
2.000000 0.987496 0.191668 0.075000 0.066666 0.366466
2.000000 0.928128 0.229168 0.068750 0.091666 0.414767
2.000000 0.259376 0.925000 0.256250 0.333334 0.657220
2.000000 0.978128 0.329164 0.081250 0.075000 0.690941
2.000000 0.653128 0.449998 0.131250 0.150000 0.791044
2.000000 0.409376 0.666664 0.181250 0.200000 0.828688
2.000000 0.659376 0.266668 0.081250 0.083334 0.301191
2.000000 0.987496 0.191668 0.075000 0.066666 0.389772
2.000000 0.928128 0.229168 0.068750 0.091666 0.390156
2.000000 0.246872 0.937498 0.256250 0.341666 0.549936
2.000000 0.975000 0.329164 0.087500 0.075000 0.688557
2.000000 0.650000 0.454168 0.125000 0.158334 0.737345
2.000000 0.396872 0.674998 0.181250 0.200000 0.850871
2.000000 0.659376 0.266668 0.081250 0.083334 0.340702
2.000000 0.987496 0.191668 0.075000 0.066666 0.367178
2.000000 0.928128 0.233332 0.068750 0.100000 0.373329
2.000000 0.231248 0.950002 0.262500 0.350000 0.566242
2.000000 0.975000 0.333334 0.087500 0.083334 0.655464
2.000000 0.643752 0.458332 0.125000 0.150000 0.724317
2.000000 0.387504 0.683332 0.187500 0.200000 0.855823
2.000000 0.659376 0.266668 0.081250 0.083334 0.311117
2.000000 0.987496 0.191668 0.075000 0.066666 0.317768
2.000000 0.921872 0.237502 0.068750 0.091666 0.359412
2.000000 0.218752 0.962500 0.262500 0.358334 0.532669
2.000000 0.975000 0.333334 0.087500 0.083334 0.663437
2.000000 0.640624 0.462502 0.131250 0.158334 0.759516
2.000000 0.384376 0.687502 0.181250 0.208334 0.870478
2.000000 0.659376 0.266668 0.081250 0.083334 0.313212
2.000000 0.987496 0.191668 0.075000 0.066666 0.317504
2.000000 0.209376 0.983332 0.281250 0.366666 0.619082
2.000000 0.971872 0.333334 0.093750 0.083334 0.640041
2.000000 0.637504 0.466666 0.125000 0.166666 0.756655
2.000000 0.371872 0.695836 0.181250 0.208334 0.864896
2.000000 0.978128 0.191668 0.068750 0.066666 0.381629
2.000000 0.659376 0.270832 0.081250 0.075000 0.467553
2.000000 0.634376 0.466666 0.106250 0.150000 0.480234
2.000000 0.784376 0.345832 0.093750 0.125000 0.654291
2.000000 0.615624 0.562498 0.156250 0.208334 0.729495
2.000000 0.987496 0.191668 0.075000 0.066666 0.334524
2.000000 0.921872 0.233332 0.068750 0.100000 0.374534
2.000000 0.971872 0.333334 0.093750 0.083334 0.661139
2.000000 0.190624 0.995836 0.281250 0.375000 0.724075
2.000000 0.631248 0.470836 0.125000 0.158334 0.802753
2.000000 0.362496 0.700000 0.187500 0.216666 0.867748
2.000000 0.659376 0.262498 0.081250 0.075000 0.325091
2.000000 0.918752 0.237502 0.062500 0.091666 0.348980
2.000000 0.981248 0.195832 0.075000 0.058334 0.376231
2.000000 0.968752 0.341668 0.100000 0.083334 0.702209
2.000000 0.628128 0.470836 0.131250 0.175000 0.790295
2.000000 0.359376 0.708334 0.193750 0.216666 0.879661
2.000000 0.659376 0.262498 0.081250 0.075000 0.334824
2.000000 0.981248 0.200002 0.075000 0.066666 0.368760
2.000000 0.918752 0.237502 0.062500 0.091666 0.372644
2.000000 0.968752 0.341668 0.100000 0.083334 0.697368
2.000000 0.621872 0.475000 0.131250 0.166666 0.726852
2.000000 0.350000 0.716668 0.200000 0.233334 0.877724
2.000000 0.659376 0.266668 0.081250 0.083334 0.351174
2.000000 0.978128 0.200002 0.081250 0.066666 0.393125
2.000000 0.915624 0.237502 0.068750 0.091666 0.410084
2.000000 0.965624 0.345832 0.093750 0.091666 0.726767
2.000000 0.618752 0.479164 0.137500 0.175000 0.761386
2.000000 0.340624 0.725002 0.193750 0.233334 0.872986
2.000000 0.659376 0.266668 0.081250 0.083334 0.364356
2.000000 0.975000 0.200002 0.075000 0.066666 0.424710
2.000000 0.915624 0.241666 0.068750 0.100000 0.458429
2.000000 0.962504 0.345832 0.087500 0.091666 0.780058
2.000000 0.612496 0.483334 0.137500 0.166666 0.791421
2.000000 0.334376 0.737500 0.193750 0.241666 0.883228
2.000000 0.975000 0.200002 0.075000 0.066666 0.400099
2.000000 0.915624 0.245836 0.068750 0.091666 0.539502
2.000000 0.962504 0.350002 0.100000 0.083334 0.782838
2.000000 0.609376 0.487498 0.131250 0.175000 0.798376
2.000000 0.328128 0.741664 0.193750 0.233334 0.875284
2.000000 0.975000 0.200002 0.075000 0.066666 0.428018
2.000000 0.909376 0.245836 0.068750 0.091666 0.519503
2.000000 0.956248 0.350002 0.100000 0.083334 0.787893
2.000000 0.606248 0.491668 0.137500 0.166666 0.799382
2.000000 0.315624 0.754168 0.193750 0.241666 0.865395
2.000000 0.975000 0.200002 0.075000 0.066666 0.399907
2.000000 0.909376 0.250000 0.068750 0.100000 0.507537
2.000000 0.600000 0.495832 0.137500 0.175000 0.783715
2.000000 0.956248 0.354166 0.100000 0.091666 0.792909
2.000000 0.309376 0.762502 0.193750 0.241666 0.875133
2.000000 0.659376 0.270832 0.081250 0.075000 0.312289
2.000000 0.971872 0.200002 0.068750 0.066666 0.387496
2.000000 0.909376 0.250000 0.068750 0.100000 0.527538
2.000000 0.593752 0.500002 0.137500 0.166666 0.782439
2.000000 0.953128 0.354166 0.106250 0.091666 0.791357
2.000000 0.300000 0.770836 0.200000 0.241666 0.878663
2.000000 0.659376 0.270832 0.081250 0.075000 0.316218
2.000000 0.968752 0.200002 0.062500 0.066666 0.360967
2.000000 0.906248 0.250000 0.075000 0.100000 0.506232
2.000000 0.590624 0.504166 0.143750 0.175000 0.762055
2.000000 0.953128 0.354166 0.106250 0.091666 0.793878
2.000000 0.287496 0.779164 0.200000 0.258334 0.881941
2.000000 0.634376 0.449998 0.106250 0.100000 0.323276
2.000000 0.656248 0.270832 0.075000 0.075000 0.388413
2.000000 0.978128 0.191668 0.068750 0.066666 0.408978
2.000000 0.609376 0.550000 0.168750 0.250000 0.589889
2.000000 0.784376 0.345832 0.093750 0.125000 0.600487
2.000000 0.975000 0.204166 0.075000 0.058334 0.331272
2.000000 0.659376 0.270832 0.081250 0.075000 0.364948
2.000000 0.906248 0.250000 0.075000 0.100000 0.518376
2.000000 0.584376 0.508336 0.143750 0.166666 0.781668
2.000000 0.953128 0.354166 0.106250 0.091666 0.793044
2.000000 0.281248 0.783334 0.200000 0.250000 0.868657
2.000000 0.659376 0.262498 0.081250 0.075000 0.330506
2.000000 0.971872 0.208336 0.068750 0.066666 0.345437
2.000000 0.906248 0.250000 0.075000 0.100000 0.573094
2.000000 0.950000 0.358336 0.112500 0.100000 0.796030
2.000000 0.581248 0.512500 0.137500 0.175000 0.810651
2.000000 0.268752 0.791668 0.212500 0.250000 0.860269
2.000000 0.975000 0.208336 0.075000 0.066666 0.346130
2.000000 0.903128 0.250000 0.068750 0.100000 0.596797
2.000000 0.950000 0.362500 0.112500 0.091666 0.782010
2.000000 0.578128 0.520834 0.143750 0.175000 0.812904
2.000000 0.262504 0.800002 0.212500 0.250000 0.874758
2.000000 0.659376 0.262498 0.081250 0.075000 0.310289
2.000000 0.968752 0.208336 0.075000 0.066666 0.337683
2.000000 0.900000 0.250000 0.075000 0.100000 0.569470
2.000000 0.950000 0.366664 0.112500 0.100000 0.787203
2.000000 0.571872 0.524998 0.143750 0.183334 0.831110
2.000000 0.250000 0.812500 0.212500 0.258334 0.878544
2.000000 0.659376 0.262498 0.081250 0.075000 0.323835
2.000000 0.900000 0.250000 0.075000 0.100000 0.576961
2.000000 0.568752 0.524998 0.150000 0.183334 0.768977
2.000000 0.950000 0.370834 0.112500 0.108334 0.787282
2.000000 0.240624 0.820834 0.218750 0.258334 0.873511
2.000000 0.900000 0.254164 0.075000 0.108334 0.547833
2.000000 0.562496 0.529168 0.150000 0.191666 0.751625
2.000000 0.946872 0.374998 0.106250 0.100000 0.798331
2.000000 0.231248 0.829168 0.212500 0.275000 0.856590
2.000000 0.896872 0.258334 0.068750 0.100000 0.553150
2.000000 0.556248 0.537502 0.150000 0.191666 0.727575
2.000000 0.940624 0.379168 0.106250 0.108334 0.795889
2.000000 0.221872 0.833332 0.218750 0.283334 0.847610
2.000000 0.893752 0.258334 0.075000 0.100000 0.547876
2.000000 0.550000 0.537502 0.150000 0.191666 0.766974
2.000000 0.937504 0.379168 0.112500 0.108334 0.793454
2.000000 0.209376 0.850000 0.218750 0.283334 0.854974
2.000000 0.893752 0.258334 0.075000 0.100000 0.547323
2.000000 0.543752 0.545836 0.150000 0.191666 0.742766
2.000000 0.200000 0.862498 0.225000 0.275000 0.771088
2.000000 0.937504 0.379168 0.112500 0.108334 0.787761
2.000000 0.893752 0.258334 0.075000 0.100000 0.529286
2.000000 0.937504 0.379168 0.112500 0.108334 0.779140
2.000000 0.543752 0.545836 0.150000 0.191666 0.808538
2.000000 0.187504 0.879166 0.225000 0.275000 0.852208
2.000000 0.971872 0.195832 0.068750 0.075000 0.453469
2.000000 0.631248 0.466666 0.112500 0.133334 0.466368
2.000000 0.603128 0.579166 0.168750 0.208334 0.609306
2.000000 0.778128 0.345832 0.093750 0.125000 0.671789
2.000000 0.890624 0.258334 0.068750 0.100000 0.535728
2.000000 0.934376 0.383332 0.106250 0.116666 0.768285
2.000000 0.537496 0.554164 0.150000 0.191666 0.841130
2.000000 0.178128 0.887500 0.231250 0.275000 0.879366
2.000000 0.890624 0.258334 0.068750 0.100000 0.569237
2.000000 0.928128 0.387502 0.118750 0.108334 0.760571
2.000000 0.531248 0.558334 0.150000 0.200000 0.843307
2.000000 0.165624 0.899998 0.231250 0.283334 0.882151
2.000000 0.887504 0.262498 0.075000 0.108334 0.587125
2.000000 0.925000 0.387502 0.125000 0.108334 0.760672
2.000000 0.528128 0.566668 0.156250 0.200000 0.843485
2.000000 0.153128 0.908332 0.243750 0.283334 0.873917
2.000000 0.887504 0.266668 0.075000 0.100000 0.589876
2.000000 0.925000 0.391666 0.125000 0.116666 0.747228
2.000000 0.521872 0.566668 0.156250 0.200000 0.773569
2.000000 0.137504 0.916666 0.237500 0.300000 0.859253
2.000000 0.887504 0.266668 0.075000 0.100000 0.571438
2.000000 0.515624 0.575002 0.156250 0.200000 0.749771
2.000000 0.918752 0.395836 0.125000 0.108334 0.770680
2.000000 0.128128 0.929164 0.243750 0.308334 0.865225
2.000000 0.881248 0.266668 0.075000 0.100000 0.601950
2.000000 0.509376 0.575002 0.156250 0.200000 0.719650
2.000000 0.918752 0.400000 0.125000 0.116666 0.758836
2.000000 0.115624 0.941668 0.243750 0.316666 0.854308
2.000000 0.500000 0.583336 0.162500 0.200000 0.612109
2.000000 0.881248 0.266668 0.075000 0.100000 0.626286
2.000000 0.918752 0.400000 0.125000 0.116666 0.753112
2.000000 0.103128 0.950002 0.256250 0.316666 0.872483
2.000000 0.943752 0.233332 0.075000 0.066666 0.429447
2.000000 0.878128 0.275002 0.081250 0.100000 0.590263
2.000000 0.493752 0.591664 0.162500 0.200000 0.663827
2.000000 0.915624 0.404164 0.118750 0.125000 0.759669
2.000000 0.087504 0.970834 0.250000 0.325000 0.883677
2.000000 0.943752 0.233332 0.075000 0.066666 0.437281
2.000000 0.878128 0.270832 0.081250 0.108334 0.579913
2.000000 0.490624 0.599998 0.168750 0.200000 0.735714
2.000000 0.915624 0.408334 0.118750 0.116666 0.776079
2.000000 0.071872 0.983332 0.256250 0.333334 0.891299
2.000000 0.943752 0.233332 0.075000 0.066666 0.448355
2.000000 0.871872 0.270832 0.081250 0.108334 0.606494
2.000000 0.484376 0.599998 0.168750 0.200000 0.699507
2.000000 0.915624 0.408334 0.118750 0.116666 0.753571
2.000000 0.059376 0.995836 0.256250 0.341666 0.891853
2.000000 0.971872 0.195832 0.068750 0.075000 0.472487
2.000000 0.778128 0.345832 0.093750 0.125000 0.517244
2.000000 0.621872 0.479164 0.118750 0.141666 0.531851
2.000000 0.596872 0.587500 0.168750 0.208334 0.688439
2.000000 0.943752 0.233332 0.075000 0.066666 0.430151
2.000000 0.484376 0.604168 0.181250 0.208334 0.556805
2.000000 0.871872 0.270832 0.081250 0.108334 0.613314
2.000000 0.912496 0.412498 0.125000 0.125000 0.742411
2.000000 0.475000 0.608332 0.175000 0.216666 0.347379
2.000000 0.943752 0.233332 0.075000 0.066666 0.415730
2.000000 0.871872 0.270832 0.081250 0.108334 0.604147
2.000000 0.912496 0.416668 0.125000 0.116666 0.741441
2.000000 0.468752 0.612502 0.175000 0.208334 0.414477
2.000000 0.943752 0.233332 0.075000 0.066666 0.437087
2.000000 0.868752 0.270832 0.075000 0.108334 0.573843
2.000000 0.909376 0.416668 0.118750 0.116666 0.748550
2.000000 0.940624 0.237502 0.081250 0.075000 0.442113
2.000000 0.459376 0.616666 0.168750 0.216666 0.529158
2.000000 0.865624 0.270832 0.081250 0.108334 0.560538
2.000000 0.909376 0.420832 0.118750 0.125000 0.744824
2.000000 0.937504 0.237502 0.075000 0.075000 0.437638
2.000000 0.865624 0.270832 0.081250 0.108334 0.560852
2.000000 0.459376 0.629164 0.193750 0.225000 0.633536
2.000000 0.903128 0.429166 0.118750 0.125000 0.734916
2.000000 0.937504 0.241666 0.087500 0.083334 0.424548
2.000000 0.862496 0.275002 0.087500 0.116666 0.563296
2.000000 0.446872 0.637498 0.181250 0.225000 0.625316
2.000000 0.903128 0.433336 0.118750 0.116666 0.729692
2.000000 0.937504 0.229168 0.087500 0.075000 0.355996
2.000000 0.931248 0.254164 0.075000 0.075000 0.405638
2.000000 0.859376 0.279166 0.081250 0.108334 0.500290
2.000000 0.900000 0.437500 0.125000 0.125000 0.734593
2.000000 0.437504 0.637498 0.175000 0.225000 0.795639
2.000000 0.931248 0.254164 0.075000 0.075000 0.429259
2.000000 0.859376 0.279166 0.081250 0.108334 0.513882
2.000000 0.896872 0.437500 0.131250 0.125000 0.734757
2.000000 0.431248 0.645832 0.175000 0.225000 0.826538
2.000000 0.937504 0.229168 0.087500 0.075000 0.334088
2.000000 0.931248 0.254164 0.075000 0.075000 0.426172
2.000000 0.856248 0.279166 0.087500 0.108334 0.502241
2.000000 0.890624 0.445834 0.118750 0.125000 0.741228
2.000000 0.425000 0.654166 0.175000 0.225000 0.793409
2.000000 0.931248 0.254164 0.075000 0.075000 0.429637
2.000000 0.853128 0.287500 0.081250 0.108334 0.497117
2.000000 0.884376 0.445834 0.118750 0.125000 0.766262
2.000000 0.418752 0.662500 0.187500 0.225000 0.816135
2.000000 0.656248 0.279166 0.075000 0.075000 0.324802
2.000000 0.968752 0.195832 0.062500 0.075000 0.523566
2.000000 0.775000 0.354166 0.100000 0.125000 0.549511
2.000000 0.618752 0.462502 0.112500 0.108334 0.660737
2.000000 0.587504 0.595834 0.175000 0.208334 0.811614
2.000000 0.928128 0.254164 0.081250 0.075000 0.476934
2.000000 0.853128 0.287500 0.081250 0.108334 0.500321
2.000000 0.881248 0.449998 0.125000 0.133334 0.772357
2.000000 0.412496 0.666664 0.187500 0.233334 0.807892
2.000000 0.931248 0.254164 0.075000 0.075000 0.516935
2.000000 0.853128 0.287500 0.081250 0.108334 0.593915
2.000000 0.406248 0.670834 0.187500 0.225000 0.795267
2.000000 0.878128 0.449998 0.131250 0.133334 0.800189
2.000000 0.928128 0.250000 0.081250 0.066666 0.545800
2.000000 0.850000 0.287500 0.087500 0.108334 0.588564
2.000000 0.875000 0.449998 0.125000 0.133334 0.782482
2.000000 0.396872 0.679168 0.193750 0.225000 0.809223
2.000000 0.928128 0.250000 0.081250 0.066666 0.566151
2.000000 0.846872 0.291664 0.093750 0.116666 0.576327
2.000000 0.387504 0.687502 0.187500 0.225000 0.771195
2.000000 0.868752 0.454168 0.125000 0.125000 0.773388
2.000000 0.928128 0.250000 0.081250 0.066666 0.538233
2.000000 0.846872 0.291664 0.093750 0.116666 0.539390
2.000000 0.378128 0.691666 0.193750 0.233334 0.768959
2.000000 0.868752 0.466666 0.125000 0.116666 0.798889
2.000000 0.925000 0.250000 0.075000 0.066666 0.491229
2.000000 0.846872 0.291664 0.093750 0.116666 0.503227
2.000000 0.868752 0.470836 0.125000 0.125000 0.800984
2.000000 0.371872 0.695836 0.206250 0.241666 0.815766
2.000000 0.925000 0.258334 0.075000 0.066666 0.431180
2.000000 0.840624 0.291664 0.093750 0.116666 0.522411
2.000000 0.862496 0.475000 0.125000 0.116666 0.790337
2.000000 0.362496 0.704164 0.212500 0.241666 0.845108
2.000000 0.928128 0.266668 0.081250 0.066666 0.348302
2.000000 0.840624 0.291664 0.093750 0.116666 0.559533
2.000000 0.353128 0.716668 0.206250 0.250000 0.818821
2.000000 0.859376 0.479164 0.131250 0.125000 0.823425
2.000000 0.925000 0.266668 0.075000 0.066666 0.356265
2.000000 0.840624 0.295834 0.093750 0.125000 0.578762
2.000000 0.346872 0.725002 0.206250 0.250000 0.818941
2.000000 0.859376 0.479164 0.131250 0.125000 0.836646
2.000000 0.921872 0.266668 0.081250 0.066666 0.369596
2.000000 0.834376 0.295834 0.093750 0.125000 0.557655
2.000000 0.337504 0.729166 0.200000 0.258334 0.728668
2.000000 0.853128 0.491668 0.131250 0.133334 0.833311
