2.000000 0.662496 0.483328 0.425000 0.533332 0.749915
2.000000 0.643744 0.499996 0.412500 0.533332 0.796001
2.000000 0.624992 0.516664 0.425000 0.533332 0.808520
2.000000 0.612496 0.533332 0.425000 0.533332 0.639779
2.000000 0.593744 0.550000 0.437500 0.533332 0.567649
2.000000 0.568752 0.558328 0.437500 0.550000 0.687576
2.000000 0.550000 0.574996 0.450000 0.550000 0.840131
2.000000 0.537504 0.600004 0.450000 0.566668 0.752120
2.000000 0.506256 0.616672 0.462500 0.566668 0.718231
2.000000 0.487504 0.625000 0.450000 0.583332 0.706613
2.000000 0.468752 0.658336 0.462500 0.583332 0.793522
2.000000 0.450000 0.666664 0.475000 0.600000 0.804735
2.000000 0.425008 0.675004 0.475000 0.616668 0.806053
2.000000 0.400000 0.708328 0.475000 0.616668 0.814228
2.000000 0.381248 0.716668 0.487500 0.633332 0.759011
2.000000 0.356256 0.750004 0.487500 0.633332 0.773812
2.000000 0.331248 0.775000 0.512500 0.616668 0.771398
2.000000 0.306256 0.799996 0.512500 0.633332 0.820541
2.000000 0.287504 0.825004 0.525000 0.650000 0.832518
2.000000 0.256256 0.850000 0.537500 0.666668 0.844902
2.000000 0.231248 0.866668 0.537500 0.666668 0.836534
2.000000 0.200000 0.891664 0.550000 0.683332 0.785163
2.000000 0.181248 0.925000 0.562500 0.683332 0.819860
2.000000 0.143744 0.949996 0.562500 0.700000 0.792542
2.000000 0.118752 0.975004 0.562500 0.716668 0.780431
2.000000 0.087504 0.991672 0.575000 0.716668 0.694978
2.000000 0.981248 0.975004 0.487500 0.483332 0.884979
2.000000 0.993744 0.175000 0.312500 0.383332 0.540215
2.000000 0.981248 0.183328 0.337500 0.400000 0.503002
2.000000 0.968752 0.199996 0.337500 0.400000 0.564161
2.000000 0.962496 0.216664 0.325000 0.400000 0.603857
2.000000 0.956256 0.225004 0.337500 0.416668 0.476707
2.000000 0.943744 0.225004 0.337500 0.416668 0.402543
2.000000 0.925008 0.241672 0.350000 0.416668 0.388197
2.000000 0.912496 0.258328 0.350000 0.416668 0.441695
2.000000 0.900000 0.266668 0.350000 0.433332 0.337859
2.000000 0.881248 0.283336 0.337500 0.433332 0.447671
2.000000 0.875008 0.283336 0.350000 0.433332 0.718887
2.000000 0.862496 0.300004 0.350000 0.433332 0.763539
2.000000 0.850000 0.316672 0.350000 0.433332 0.730751
2.000000 0.831248 0.333328 0.362500 0.433332 0.666934
2.000000 0.818752 0.349996 0.362500 0.433332 0.723366
2.000000 0.812496 0.358336 0.375000 0.450000 0.823012
2.000000 0.787504 0.375004 0.375000 0.450000 0.788975
2.000000 0.775008 0.391672 0.375000 0.450000 0.782146
2.000000 0.762496 0.408328 0.375000 0.450000 0.768025
2.000000 0.737504 0.416668 0.400000 0.466668 0.771427
2.000000 0.724992 0.433336 0.400000 0.466668 0.789808
2.000000 0.706256 0.441664 0.412500 0.483332 0.809171
2.000000 0.693744 0.458332 0.412500 0.483332 0.833505
2.000000 0.681248 0.475000 0.412500 0.483332 0.862432
2.000000 0.668752 0.483328 0.412500 0.500000 0.851423
2.000000 0.637504 0.499996 0.425000 0.500000 0.820493
2.000000 0.987504 0.366664 0.375000 0.466668 0.785532
2.000000 0.624992 0.516664 0.425000 0.500000 0.841810
2.000000 0.612496 0.541672 0.425000 0.516668 0.854463
2.000000 0.587504 0.558328 0.425000 0.516668 0.836631
2.000000 0.574992 0.574996 0.425000 0.550000 0.839512
2.000000 0.550000 0.583336 0.450000 0.533332 0.866901
2.000000 0.537504 0.608332 0.450000 0.550000 0.871280
2.000000 0.518752 0.633328 0.462500 0.566668 0.868867
2.000000 0.500000 0.641668 0.450000 0.583332 0.843658
2.000000 0.481248 0.658336 0.462500 0.583332 0.793723
2.000000 0.456256 0.683332 0.487500 0.600000 0.828976
2.000000 0.974992 0.391672 0.375000 0.483332 0.764672
2.000000 0.437504 0.683332 0.475000 0.600000 0.859662
2.000000 0.418752 0.716668 0.487500 0.600000 0.824499
2.000000 0.393744 0.750004 0.487500 0.600000 0.801501
2.000000 0.368752 0.758332 0.487500 0.616668 0.867989
2.000000 0.350000 0.791668 0.500000 0.616668 0.863646
2.000000 0.324992 0.816664 0.500000 0.633332 0.874520
2.000000 0.987504 0.241672 0.300000 0.316668 0.784305
2.000000 0.306256 0.841672 0.512500 0.650000 0.795408
2.000000 0.275008 0.866668 0.525000 0.666668 0.818889
2.000000 0.981248 0.266668 0.312500 0.300000 0.832930
2.000000 0.968752 0.274996 0.312500 0.316668 0.848672
2.000000 0.250000 0.891664 0.525000 0.650000 0.875618
2.000000 0.950000 0.283336 0.300000 0.333332 0.821155
2.000000 0.224992 0.908332 0.550000 0.683332 0.851531
2.000000 0.950000 0.408328 0.375000 0.483332 0.787454
2.000000 0.943744 0.291664 0.312500 0.316668 0.819147
2.000000 0.193744 0.941668 0.562500 0.683332 0.873767
2.000000 0.925008 0.316672 0.300000 0.333332 0.796683
2.000000 0.162496 0.966664 0.575000 0.700000 0.834811
2.000000 0.912496 0.316672 0.325000 0.333332 0.806934
2.000000 0.143744 0.983332 0.562500 0.733332 0.876295
2.000000 0.893744 0.325000 0.312500 0.350000 0.775711
2.000000 0.887504 0.341668 0.325000 0.350000 0.793926
2.000000 0.868752 0.358336 0.337500 0.350000 0.842077
2.000000 0.850000 0.375004 0.325000 0.350000 0.852029
2.000000 0.837504 0.375004 0.325000 0.350000 0.844411
2.000000 0.824992 0.391672 0.325000 0.350000 0.837144
2.000000 0.812496 0.408328 0.325000 0.350000 0.852731
2.000000 0.937504 0.416668 0.400000 0.500000 0.821390
2.000000 0.806256 0.424996 0.337500 0.350000 0.829077
2.000000 0.787504 0.450004 0.350000 0.366668 0.801945
2.000000 0.775008 0.466672 0.375000 0.366668 0.810250
2.000000 0.750000 0.466672 0.350000 0.366668 0.813243
2.000000 0.731248 0.483328 0.362500 0.366668 0.805594
2.000000 0.700000 0.491668 0.375000 0.383332 0.831844
2.000000 0.693744 0.516664 0.387500 0.400000 0.860086
2.000000 0.675008 0.533332 0.375000 0.400000 0.878806
2.000000 0.662496 0.550000 0.375000 0.433332 0.857868
2.000000 0.643744 0.558328 0.387500 0.416668 0.866397
2.000000 0.925008 0.433336 0.400000 0.500000 0.812400
2.000000 0.987504 0.241672 0.300000 0.316668 0.831551
2.000000 0.624992 0.574996 0.400000 0.416668 0.862660
2.000000 0.606256 0.600004 0.387500 0.433332 0.842287
2.000000 0.968752 0.258328 0.312500 0.316668 0.848269
2.000000 0.593744 0.616672 0.387500 0.433332 0.854701
2.000000 0.962496 0.258328 0.300000 0.316668 0.864329
2.000000 0.568752 0.641668 0.412500 0.416668 0.847934
2.000000 0.950000 0.274996 0.300000 0.316668 0.852862
2.000000 0.550000 0.649996 0.425000 0.433332 0.830220
2.000000 0.937504 0.291664 0.300000 0.316668 0.837491
2.000000 0.925008 0.291664 0.300000 0.316668 0.828223
2.000000 0.531248 0.683332 0.412500 0.433332 0.867299
2.000000 0.912496 0.300004 0.300000 0.333332 0.829860
2.000000 0.512496 0.700000 0.425000 0.433332 0.867614
2.000000 0.900000 0.308332 0.325000 0.350000 0.806856
2.000000 0.493744 0.716668 0.412500 0.466668 0.872804
2.000000 0.887504 0.333328 0.325000 0.366668 0.802306
2.000000 0.474992 0.741664 0.425000 0.450000 0.892914
2.000000 0.862496 0.349996 0.325000 0.366668 0.829982
2.000000 0.450000 0.758332 0.450000 0.450000 0.888109
2.000000 0.906256 0.458332 0.412500 0.516668 0.803899
2.000000 0.850000 0.358336 0.325000 0.350000 0.858466
2.000000 0.431248 0.783328 0.437500 0.466668 0.897907
2.000000 0.843744 0.375004 0.337500 0.350000 0.856388
2.000000 0.406256 0.799996 0.437500 0.466668 0.876046
2.000000 0.831248 0.383332 0.337500 0.366668 0.851083
2.000000 0.387504 0.825004 0.450000 0.483332 0.874821
2.000000 0.824992 0.391672 0.350000 0.350000 0.859504
2.000000 0.362496 0.850000 0.450000 0.466668 0.886600
2.000000 0.800000 0.416668 0.350000 0.333332 0.840667
2.000000 0.337504 0.874996 0.450000 0.483332 0.873344
2.000000 0.787504 0.424996 0.350000 0.350000 0.851077
2.000000 0.318752 0.900004 0.462500 0.500000 0.884737
2.000000 0.775008 0.441664 0.350000 0.350000 0.858597
2.000000 0.287504 0.925000 0.475000 0.516668 0.861593
2.000000 0.750000 0.450004 0.350000 0.366668 0.860396
2.000000 0.262496 0.958336 0.475000 0.516668 0.866730
2.000000 0.731248 0.466672 0.362500 0.366668 0.840240
2.000000 0.231248 0.975004 0.487500 0.516668 0.879465
2.000000 0.706256 0.491668 0.387500 0.383332 0.843736
2.000000 0.887504 0.475000 0.400000 0.516668 0.738394
2.000000 0.693744 0.491668 0.387500 0.383332 0.866889
2.000000 0.681248 0.508336 0.362500 0.383332 0.874426
2.000000 0.662496 0.525004 0.375000 0.383332 0.874487
2.000000 0.643744 0.533332 0.387500 0.400000 0.859956
2.000000 0.631248 0.558328 0.387500 0.416668 0.854127
2.000000 0.612496 0.558328 0.400000 0.416668 0.841463
2.000000 0.600000 0.583336 0.400000 0.433332 0.833392
2.000000 0.568752 0.600004 0.387500 0.433332 0.861935
2.000000 0.556256 0.616672 0.387500 0.433332 0.853555
2.000000 0.531248 0.641668 0.412500 0.416668 0.871744
2.000000 0.868752 0.499996 0.412500 0.533332 0.771134
2.000000 0.518752 0.666664 0.412500 0.433332 0.875519
2.000000 0.493744 0.683332 0.412500 0.433332 0.871260
2.000000 0.474992 0.700000 0.425000 0.433332 0.885302
2.000000 0.456256 0.716668 0.412500 0.433332 0.877140
2.000000 0.431248 0.741664 0.437500 0.450000 0.878751
2.000000 0.993744 0.216664 0.287500 0.333332 0.570193
2.000000 0.412496 0.758332 0.425000 0.450000 0.881135
2.000000 0.981248 0.225004 0.287500 0.316668 0.659123
2.000000 0.393744 0.791668 0.437500 0.450000 0.893185
2.000000 0.968752 0.233332 0.287500 0.333332 0.688839
2.000000 0.368752 0.808336 0.437500 0.450000 0.888889
2.000000 0.962496 0.250000 0.300000 0.333332 0.702735
2.000000 0.350000 0.833332 0.450000 0.466668 0.885264
2.000000 0.943744 0.266668 0.287500 0.333332 0.615801
2.000000 0.324992 0.850000 0.450000 0.466668 0.887636
2.000000 0.850000 0.516664 0.425000 0.533332 0.831158
2.000000 0.937504 0.283336 0.300000 0.333332 0.609680
2.000000 0.300000 0.866668 0.450000 0.466668 0.872109
2.000000 0.993744 0.183328 0.312500 0.366668 0.623229
2.000000 0.831248 0.533332 0.412500 0.533332 0.807048
2.000000 0.812496 0.541672 0.425000 0.550000 0.804448
2.000000 0.987504 0.183328 0.325000 0.366668 0.809235
2.000000 0.974992 0.191668 0.300000 0.350000 0.827161
2.000000 0.793744 0.558328 0.437500 0.550000 0.839122
2.000000 0.762496 0.583336 0.450000 0.566668 0.792273
2.000000 0.956256 0.199996 0.312500 0.366668 0.798904
2.000000 0.950000 0.216664 0.325000 0.366668 0.797201
2.000000 0.743744 0.616672 0.437500 0.566668 0.834778
2.000000 0.724992 0.625000 0.450000 0.583332 0.731580
2.000000 0.943744 0.225004 0.312500 0.383332 0.790946
2.000000 0.706256 0.658336 0.462500 0.583332 0.749209
2.000000 0.925008 0.233332 0.325000 0.366668 0.810529
2.000000 0.681248 0.675004 0.462500 0.583332 0.770962
2.000000 0.912496 0.258328 0.325000 0.383332 0.837129
2.000000 0.668752 0.691672 0.487500 0.616668 0.773134
2.000000 0.900000 0.258328 0.325000 0.383332 0.833921
2.000000 0.637504 0.708328 0.475000 0.616668 0.635949
2.000000 0.887504 0.266668 0.325000 0.400000 0.844867
2.000000 0.612496 0.733336 0.500000 0.633332 0.501507
2.000000 0.868752 0.274996 0.337500 0.383332 0.837901
2.000000 0.593744 0.775000 0.487500 0.650000 0.363092
2.000000 0.856256 0.291664 0.337500 0.383332 0.822801
2.000000 0.568752 0.799996 0.487500 0.633332 0.592158
2.000000 0.843744 0.316672 0.337500 0.400000 0.842920
2.000000 0.543744 0.825004 0.487500 0.650000 0.592034
2.000000 0.831248 0.325000 0.337500 0.416668 0.843114
2.000000 0.518752 0.850000 0.512500 0.666668 0.657220
2.000000 0.818752 0.333328 0.362500 0.400000 0.828688
2.000000 0.493744 0.874996 0.512500 0.683332 0.549936
2.000000 0.793744 0.349996 0.362500 0.400000 0.850871
2.000000 0.462496 0.900004 0.525000 0.700000 0.566242
2.000000 0.775008 0.366664 0.375000 0.400000 0.855823
2.000000 0.437504 0.925000 0.525000 0.716668 0.532669
2.000000 0.768752 0.375004 0.362500 0.416668 0.870478
2.000000 0.418752 0.966664 0.562500 0.733332 0.619082
2.000000 0.743744 0.391672 0.362500 0.416668 0.864896
2.000000 0.381248 0.991672 0.562500 0.750000 0.724075
2.000000 0.724992 0.400000 0.375000 0.433332 0.867748
2.000000 0.718752 0.416668 0.387500 0.433332 0.879661
2.000000 0.700000 0.433336 0.400000 0.466668 0.877724
2.000000 0.681248 0.450004 0.387500 0.466668 0.872986
2.000000 0.668752 0.475000 0.387500 0.483332 0.883228
2.000000 0.656256 0.483328 0.387500 0.466668 0.875284
2.000000 0.631248 0.508336 0.387500 0.483332 0.865395
2.000000 0.618752 0.525004 0.387500 0.483332 0.875133
2.000000 0.600000 0.541672 0.400000 0.483332 0.878663
2.000000 0.574992 0.558328 0.400000 0.516668 0.881941
2.000000 0.562496 0.566668 0.400000 0.500000 0.868657
2.000000 0.537504 0.583336 0.425000 0.500000 0.860269
2.000000 0.525008 0.600004 0.425000 0.500000 0.874758
2.000000 0.500000 0.625000 0.425000 0.516668 0.878544
2.000000 0.481248 0.641668 0.437500 0.516668 0.873511
2.000000 0.462496 0.658336 0.425000 0.550000 0.856590
2.000000 0.443744 0.666664 0.437500 0.566668 0.847610
2.000000 0.418752 0.700000 0.437500 0.566668 0.854974
2.000000 0.400000 0.724996 0.450000 0.550000 0.771088
2.000000 0.375008 0.758332 0.450000 0.550000 0.852208
2.000000 0.356256 0.775000 0.462500 0.550000 0.879366
2.000000 0.331248 0.799996 0.462500 0.566668 0.882151
2.000000 0.306256 0.816664 0.487500 0.566668 0.873917
2.000000 0.275008 0.833332 0.475000 0.600000 0.859253
2.000000 0.256256 0.858328 0.487500 0.616668 0.865225
2.000000 0.231248 0.883336 0.487500 0.633332 0.854308
2.000000 0.206256 0.900004 0.512500 0.633332 0.872483
2.000000 0.987504 0.183328 0.325000 0.400000 0.663827
2.000000 0.175008 0.941668 0.500000 0.650000 0.883677
2.000000 0.981248 0.199996 0.337500 0.400000 0.735714
2.000000 0.143744 0.966664 0.512500 0.666668 0.891299
2.000000 0.968752 0.199996 0.337500 0.400000 0.699507
2.000000 0.118752 0.991672 0.512500 0.683332 0.891853
2.000000 0.968752 0.208336 0.362500 0.416668 0.556805
2.000000 0.950000 0.216664 0.350000 0.433332 0.347379
2.000000 0.937504 0.225004 0.350000 0.416668 0.414477
2.000000 0.918752 0.233332 0.337500 0.433332 0.529158
2.000000 0.918752 0.258328 0.387500 0.450000 0.633536
2.000000 0.893744 0.274996 0.362500 0.450000 0.625316
2.000000 0.875008 0.274996 0.350000 0.450000 0.795639
2.000000 0.862496 0.291664 0.350000 0.450000 0.826538
2.000000 0.850000 0.308332 0.350000 0.450000 0.793409
2.000000 0.837504 0.325000 0.375000 0.450000 0.816135
2.000000 0.824992 0.333328 0.375000 0.466668 0.807892
2.000000 0.812496 0.341668 0.375000 0.450000 0.795267
2.000000 0.793744 0.358336 0.387500 0.450000 0.809223
2.000000 0.775008 0.375004 0.375000 0.450000 0.771195
2.000000 0.756256 0.383332 0.387500 0.466668 0.768959
2.000000 0.743744 0.391672 0.412500 0.483332 0.815766
2.000000 0.724992 0.408328 0.425000 0.483332 0.845108
2.000000 0.706256 0.433336 0.412500 0.500000 0.818821
2.000000 0.693744 0.450004 0.412500 0.500000 0.818941
2.000000 0.675008 0.458332 0.400000 0.516668 0.728668
