2.000000 0.318752 0.541664 0.162500 0.150000 0.411046
2.000000 0.962496 0.383336 0.125000 0.133332 0.436327
2.000000 0.306256 0.908336 0.237500 0.283332 0.560969
2.000000 0.593744 0.674996 0.187500 0.250000 0.681909
2.000000 0.937504 0.400004 0.125000 0.166668 0.460998
2.000000 0.543744 0.708332 0.212500 0.250000 0.522805
2.000000 0.224992 0.958328 0.225000 0.250000 0.662727
2.000000 0.843744 0.541664 0.137500 0.116668 0.333933
2.000000 0.668752 0.599996 0.187500 0.233332 0.563401
2.000000 0.700000 0.991664 0.275000 0.250000 0.819442
2.000000 0.837504 0.533336 0.150000 0.133332 0.364583
2.000000 0.668752 0.591668 0.187500 0.250000 0.562104
2.000000 0.837504 0.533336 0.150000 0.133332 0.355364
2.000000 0.662496 0.608336 0.200000 0.250000 0.558383
2.000000 0.831248 0.533336 0.162500 0.133332 0.341129
2.000000 0.656256 0.608336 0.187500 0.250000 0.583892
2.000000 0.831248 0.533336 0.162500 0.133332 0.358305
2.000000 0.650000 0.608336 0.200000 0.250000 0.599862
2.000000 0.824992 0.533336 0.150000 0.133332 0.360176
2.000000 0.650000 0.608336 0.200000 0.250000 0.614993
2.000000 0.812496 0.541664 0.150000 0.150000 0.396059
2.000000 0.637504 0.616664 0.200000 0.233332 0.599670
2.000000 0.806256 0.541664 0.162500 0.150000 0.423158
2.000000 0.637504 0.625004 0.200000 0.250000 0.631709
2.000000 0.806256 0.541664 0.162500 0.150000 0.376742
2.000000 0.631248 0.625004 0.187500 0.250000 0.667832
2.000000 0.806256 0.541664 0.162500 0.150000 0.397870
2.000000 0.624992 0.633332 0.200000 0.233332 0.672463
2.000000 0.312496 0.550004 0.150000 0.133332 0.320196
2.000000 0.937504 0.400004 0.125000 0.166668 0.359997
2.000000 0.531248 0.700004 0.212500 0.266668 0.561828
2.000000 0.224992 0.974996 0.225000 0.283332 0.654250
2.000000 0.800000 0.550004 0.150000 0.166668 0.401385
2.000000 0.624992 0.633332 0.200000 0.233332 0.683482
2.000000 0.925008 0.408332 0.150000 0.150000 0.311929
2.000000 0.787504 0.558332 0.150000 0.150000 0.437060
2.000000 0.618752 0.633332 0.187500 0.233332 0.684246
2.000000 0.781248 0.558332 0.137500 0.150000 0.420745
2.000000 0.612496 0.641672 0.200000 0.250000 0.653633
2.000000 0.781248 0.558332 0.137500 0.150000 0.416818
2.000000 0.606256 0.641672 0.212500 0.250000 0.657733
2.000000 0.781248 0.575000 0.137500 0.150000 0.396982
2.000000 0.600000 0.650000 0.200000 0.233332 0.626017
2.000000 0.775008 0.575000 0.125000 0.150000 0.401880
2.000000 0.600000 0.658328 0.200000 0.250000 0.546178
2.000000 0.768752 0.575000 0.137500 0.150000 0.405157
2.000000 0.593744 0.666668 0.187500 0.233332 0.638617
2.000000 0.768752 0.575000 0.137500 0.150000 0.393347
2.000000 0.587504 0.666668 0.200000 0.233332 0.633486
2.000000 0.768752 0.575000 0.137500 0.150000 0.381219
2.000000 0.587504 0.666668 0.200000 0.233332 0.640485
2.000000 0.768752 0.575000 0.137500 0.150000 0.395363
2.000000 0.574992 0.674996 0.200000 0.250000 0.686453
2.000000 0.312496 0.550004 0.150000 0.133332 0.306144
2.000000 0.950000 0.383336 0.175000 0.166668 0.347560
2.000000 0.525008 0.716672 0.200000 0.266668 0.633538
2.000000 0.218752 0.983336 0.237500 0.300000 0.656690
2.000000 0.768752 0.583328 0.137500 0.133332 0.375276
2.000000 0.574992 0.674996 0.200000 0.250000 0.679815
2.000000 0.762496 0.583328 0.125000 0.166668 0.393821
2.000000 0.568752 0.683336 0.187500 0.233332 0.617418
2.000000 0.756256 0.583328 0.137500 0.166668 0.379249
2.000000 0.562496 0.691664 0.200000 0.250000 0.622826
2.000000 0.756256 0.591668 0.137500 0.150000 0.382020
2.000000 0.562496 0.691664 0.200000 0.250000 0.601341
2.000000 0.750000 0.608336 0.150000 0.150000 0.400447
2.000000 0.556256 0.691664 0.212500 0.250000 0.619421
2.000000 0.743744 0.599996 0.137500 0.133332 0.370599
2.000000 0.550000 0.691664 0.200000 0.250000 0.549994
2.000000 0.743744 0.608336 0.137500 0.150000 0.422527
2.000000 0.550000 0.700004 0.200000 0.266668 0.575071
2.000000 0.743744 0.608336 0.137500 0.150000 0.401063
2.000000 0.543744 0.716672 0.212500 0.266668 0.532411
2.000000 0.737504 0.608336 0.150000 0.150000 0.410266
2.000000 0.531248 0.716672 0.212500 0.266668 0.587783
2.000000 0.737504 0.625004 0.150000 0.150000 0.471556
2.000000 0.525008 0.716672 0.225000 0.266668 0.570432
2.000000 0.312496 0.550004 0.150000 0.133332 0.335015
2.000000 0.931248 0.400004 0.137500 0.166668 0.338282
2.000000 0.525008 0.716672 0.200000 0.266668 0.686557
2.000000 0.731248 0.625004 0.137500 0.150000 0.479714
2.000000 0.518752 0.725000 0.212500 0.283332 0.510971
2.000000 0.506256 0.725000 0.212500 0.283332 0.397081
2.000000 0.731248 0.625004 0.137500 0.150000 0.442633
2.000000 0.724992 0.625004 0.150000 0.150000 0.443503
2.000000 0.506256 0.733328 0.212500 0.266668 0.490166
2.000000 0.718752 0.633332 0.137500 0.166668 0.443725
2.000000 0.500000 0.733328 0.225000 0.266668 0.452762
2.000000 0.718752 0.633332 0.137500 0.166668 0.432745
2.000000 0.718752 0.633332 0.137500 0.166668 0.458495
2.000000 0.712496 0.633332 0.150000 0.166668 0.489288
2.000000 0.481248 0.749996 0.212500 0.300000 0.402297
2.000000 0.706256 0.633332 0.137500 0.166668 0.512480
2.000000 0.481248 0.758336 0.212500 0.283332 0.326949
2.000000 0.706256 0.633332 0.137500 0.166668 0.459292
2.000000 0.474992 0.758336 0.225000 0.283332 0.370233
2.000000 0.700000 0.633332 0.150000 0.166668 0.451505
2.000000 0.312496 0.550004 0.150000 0.133332 0.301359
2.000000 0.931248 0.400004 0.137500 0.166668 0.420380
2.000000 0.518752 0.725000 0.187500 0.250000 0.680401
2.000000 0.474992 0.758336 0.225000 0.316668 0.323497
2.000000 0.693744 0.633332 0.162500 0.166668 0.459698
2.000000 0.468752 0.766664 0.237500 0.300000 0.343291
2.000000 0.700000 0.641672 0.175000 0.183332 0.405752
2.000000 0.687504 0.641672 0.150000 0.183332 0.360797
2.000000 0.456256 0.766664 0.237500 0.300000 0.413322
2.000000 0.675008 0.658328 0.150000 0.183332 0.419810
2.000000 0.443744 0.783332 0.237500 0.300000 0.511931
2.000000 0.450000 0.783332 0.250000 0.300000 0.492688
2.000000 0.675008 0.666668 0.150000 0.166668 0.517904
2.000000 0.443744 0.783332 0.262500 0.333332 0.436927
2.000000 0.662496 0.666668 0.150000 0.166668 0.534337
2.000000 0.993744 0.558332 0.162500 0.216668 0.562925
2.000000 0.443744 0.791672 0.262500 0.316668 0.428246
2.000000 0.662496 0.674996 0.150000 0.183332 0.553459
2.000000 0.993744 0.558332 0.162500 0.216668 0.572375
2.000000 0.443744 0.791672 0.287500 0.316668 0.355251
2.000000 0.662496 0.674996 0.150000 0.183332 0.549773
2.000000 0.993744 0.566672 0.162500 0.200000 0.566703
2.000000 0.431248 0.800000 0.262500 0.300000 0.364074
2.000000 0.993744 0.575000 0.162500 0.216668 0.571697
2.000000 0.656256 0.674996 0.137500 0.183332 0.573364
2.000000 0.650000 0.683336 0.150000 0.166668 0.553992
2.000000 0.987504 0.575000 0.175000 0.216668 0.583573
2.000000 0.931248 0.400004 0.137500 0.166668 0.406128
2.000000 0.512496 0.733328 0.200000 0.266668 0.713536
2.000000 0.643744 0.683336 0.162500 0.166668 0.560304
2.000000 0.987504 0.575000 0.175000 0.216668 0.617413
2.000000 0.750000 0.566672 0.150000 0.133332 0.300673
2.000000 0.637504 0.683336 0.150000 0.166668 0.627517
2.000000 0.981248 0.575000 0.162500 0.216668 0.645712
2.000000 0.387504 0.833336 0.225000 0.300000 0.654165
2.000000 0.631248 0.691664 0.162500 0.183332 0.620065
2.000000 0.981248 0.583328 0.162500 0.233332 0.645511
2.000000 0.387504 0.833336 0.225000 0.300000 0.710158
2.000000 0.737504 0.575000 0.150000 0.150000 0.331133
2.000000 0.631248 0.691664 0.162500 0.183332 0.612135
2.000000 0.974992 0.583328 0.175000 0.233332 0.652358
2.000000 0.381248 0.833336 0.237500 0.300000 0.666732
2.000000 0.731248 0.591668 0.137500 0.183332 0.340798
2.000000 0.618752 0.691664 0.162500 0.183332 0.573137
2.000000 0.381248 0.833336 0.237500 0.333332 0.580395
2.000000 0.974992 0.583328 0.175000 0.233332 0.695244
2.000000 0.731248 0.599996 0.137500 0.166668 0.316545
2.000000 0.618752 0.691664 0.162500 0.183332 0.530779
2.000000 0.368752 0.850004 0.237500 0.333332 0.610919
2.000000 0.974992 0.583328 0.175000 0.233332 0.696494
2.000000 0.718752 0.599996 0.137500 0.166668 0.355274
2.000000 0.612496 0.708332 0.175000 0.183332 0.499062
2.000000 0.356256 0.866672 0.212500 0.300000 0.693541
2.000000 0.968752 0.599996 0.187500 0.233332 0.720795
2.000000 0.718752 0.608336 0.137500 0.183332 0.408458
2.000000 0.612496 0.708332 0.175000 0.183332 0.568079
2.000000 0.962496 0.599996 0.175000 0.233332 0.700693
2.000000 0.350000 0.875000 0.225000 0.283332 0.717463
2.000000 0.675008 0.650000 0.225000 0.200000 0.303262
2.000000 0.956256 0.416672 0.137500 0.133332 0.320406
2.000000 0.712496 0.608336 0.150000 0.150000 0.376584
2.000000 0.612496 0.716672 0.175000 0.200000 0.605891
2.000000 0.962496 0.608336 0.175000 0.216668 0.692670
2.000000 0.337504 0.883328 0.225000 0.300000 0.715316
2.000000 0.956256 0.425000 0.137500 0.150000 0.328580
2.000000 0.712496 0.608336 0.150000 0.183332 0.412418
2.000000 0.600000 0.716672 0.175000 0.200000 0.600798
2.000000 0.962496 0.616664 0.175000 0.233332 0.689196
2.000000 0.331248 0.891668 0.237500 0.283332 0.694146
2.000000 0.931248 0.400004 0.137500 0.166668 0.426555
2.000000 0.500000 0.733328 0.200000 0.266668 0.703993
2.000000 0.956256 0.425000 0.137500 0.150000 0.349471
2.000000 0.712496 0.616664 0.150000 0.166668 0.417304
2.000000 0.600000 0.725000 0.175000 0.183332 0.566265
2.000000 0.318752 0.883328 0.237500 0.300000 0.638325
2.000000 0.962496 0.625004 0.175000 0.216668 0.684268
2.000000 0.943744 0.425000 0.137500 0.150000 0.358240
2.000000 0.706256 0.633332 0.137500 0.166668 0.404402
2.000000 0.593744 0.716672 0.187500 0.200000 0.606281
2.000000 0.956256 0.625004 0.187500 0.216668 0.658248
2.000000 0.312496 0.899996 0.250000 0.300000 0.688155
2.000000 0.943744 0.425000 0.137500 0.150000 0.374526
2.000000 0.700000 0.633332 0.125000 0.166668 0.431019
2.000000 0.587504 0.725000 0.175000 0.216668 0.638425
2.000000 0.956256 0.625004 0.187500 0.216668 0.650675
2.000000 0.306256 0.899996 0.262500 0.300000 0.693397
2.000000 0.943744 0.425000 0.137500 0.150000 0.342503
2.000000 0.693744 0.633332 0.137500 0.166668 0.423212
2.000000 0.587504 0.733328 0.175000 0.200000 0.664610
2.000000 0.956256 0.633332 0.187500 0.233332 0.667172
2.000000 0.300000 0.916664 0.250000 0.300000 0.680598
2.000000 0.937504 0.425000 0.150000 0.150000 0.326042
2.000000 0.693744 0.633332 0.137500 0.166668 0.445340
2.000000 0.943744 0.633332 0.187500 0.233332 0.671575
2.000000 0.293744 0.916664 0.262500 0.300000 0.699878
2.000000 0.581248 0.733328 0.187500 0.200000 0.708436
2.000000 0.931248 0.433328 0.162500 0.166668 0.336724
2.000000 0.693744 0.641672 0.137500 0.150000 0.429396
2.000000 0.943744 0.633332 0.187500 0.233332 0.637672
2.000000 0.281248 0.925004 0.262500 0.316668 0.695459
2.000000 0.581248 0.741668 0.187500 0.216668 0.743867
2.000000 0.681248 0.641672 0.137500 0.150000 0.358437
2.000000 0.943744 0.633332 0.187500 0.233332 0.635750
2.000000 0.568752 0.741668 0.187500 0.216668 0.716471
2.000000 0.275008 0.933332 0.275000 0.333332 0.733896
2.000000 0.681248 0.650000 0.137500 0.166668 0.341818
2.000000 0.937504 0.633332 0.200000 0.233332 0.592202
2.000000 0.268752 0.933332 0.262500 0.333332 0.704162
2.000000 0.568752 0.749996 0.187500 0.200000 0.721277
2.000000 0.675008 0.650000 0.150000 0.166668 0.394912
2.000000 0.937504 0.633332 0.200000 0.266668 0.570965
2.000000 0.568752 0.749996 0.187500 0.200000 0.703420
2.000000 0.256256 0.950000 0.262500 0.333332 0.713435
2.000000 0.675008 0.658328 0.150000 0.183332 0.362874
2.000000 0.931248 0.650000 0.187500 0.266668 0.596998
2.000000 0.556256 0.766664 0.187500 0.200000 0.656080
2.000000 0.250000 0.950000 0.275000 0.333332 0.712769
2.000000 0.306256 0.550004 0.137500 0.133332 0.311488
2.000000 0.931248 0.400004 0.137500 0.166668 0.415068
2.000000 0.493744 0.741668 0.212500 0.250000 0.689918
2.000000 0.675008 0.666668 0.150000 0.166668 0.304624
2.000000 0.918752 0.650000 0.187500 0.266668 0.591994
2.000000 0.550000 0.766664 0.175000 0.200000 0.625516
2.000000 0.243744 0.958328 0.262500 0.316668 0.694414
2.000000 0.925008 0.449996 0.175000 0.200000 0.301885
2.000000 0.662496 0.666668 0.150000 0.166668 0.347544
2.000000 0.918752 0.650000 0.187500 0.266668 0.551304
2.000000 0.231248 0.966668 0.262500 0.333332 0.640605
2.000000 0.537504 0.775004 0.175000 0.183332 0.683975
2.000000 0.662496 0.700004 0.150000 0.166668 0.325097
2.000000 0.925008 0.458336 0.175000 0.216668 0.354967
2.000000 0.912496 0.666668 0.175000 0.233332 0.517850
2.000000 0.218752 0.983336 0.262500 0.333332 0.620577
2.000000 0.531248 0.775004 0.187500 0.216668 0.683755
2.000000 0.656256 0.700004 0.162500 0.166668 0.339654
2.000000 0.918752 0.466664 0.187500 0.200000 0.387632
2.000000 0.218752 0.983336 0.262500 0.333332 0.513696
2.000000 0.906256 0.683336 0.187500 0.233332 0.542825
2.000000 0.531248 0.783332 0.187500 0.200000 0.677931
2.000000 0.918752 0.466664 0.187500 0.200000 0.404129
2.000000 0.200000 0.991664 0.275000 0.350000 0.507787
2.000000 0.906256 0.683336 0.187500 0.233332 0.580219
2.000000 0.525008 0.783332 0.175000 0.233332 0.615672
2.000000 0.918752 0.466664 0.187500 0.200000 0.388526
2.000000 0.906256 0.691664 0.187500 0.250000 0.579407
2.000000 0.518752 0.791672 0.187500 0.216668 0.643076
2.000000 0.637504 0.716672 0.150000 0.166668 0.309483
2.000000 0.925008 0.449996 0.175000 0.200000 0.389489
2.000000 0.900000 0.691664 0.200000 0.250000 0.591722
2.000000 0.518752 0.800000 0.187500 0.233332 0.655596
2.000000 0.637504 0.716672 0.150000 0.166668 0.356054
2.000000 0.762496 0.550004 0.125000 0.166668 0.363377
2.000000 0.925008 0.441668 0.175000 0.183332 0.382273
2.000000 0.506256 0.800000 0.187500 0.233332 0.597054
2.000000 0.900000 0.691664 0.200000 0.250000 0.671684
2.000000 0.762496 0.550004 0.125000 0.166668 0.322051
2.000000 0.631248 0.716672 0.162500 0.166668 0.324307
2.000000 0.925008 0.433328 0.175000 0.166668 0.387180
2.000000 0.493744 0.791672 0.187500 0.216668 0.491610
2.000000 0.887504 0.700004 0.200000 0.266668 0.690159
2.000000 0.618752 0.700004 0.162500 0.166668 0.384703
2.000000 0.762496 0.550004 0.125000 0.166668 0.388611
2.000000 0.918752 0.425000 0.162500 0.150000 0.389759
2.000000 0.487504 0.800000 0.175000 0.233332 0.591076
2.000000 0.887504 0.708332 0.200000 0.250000 0.688645
2.000000 0.925008 0.408332 0.150000 0.183332 0.411386
2.000000 0.493744 0.749996 0.212500 0.266668 0.630396
2.000000 0.756256 0.550004 0.137500 0.166668 0.323582
2.000000 0.925008 0.425000 0.150000 0.150000 0.346068
2.000000 0.612496 0.716672 0.150000 0.166668 0.407838
2.000000 0.481248 0.800000 0.187500 0.233332 0.601396
2.000000 0.887504 0.716672 0.200000 0.266668 0.690163
2.000000 0.918752 0.416672 0.137500 0.133332 0.314464
2.000000 0.756256 0.550004 0.137500 0.166668 0.322625
2.000000 0.606256 0.716672 0.162500 0.166668 0.447592
2.000000 0.474992 0.808328 0.175000 0.250000 0.600118
2.000000 0.875008 0.716672 0.200000 0.266668 0.672939
2.000000 0.912496 0.416672 0.150000 0.133332 0.345262
2.000000 0.750000 0.550004 0.150000 0.166668 0.370808
2.000000 0.606256 0.716672 0.162500 0.200000 0.442861
2.000000 0.468752 0.816668 0.187500 0.233332 0.647166
2.000000 0.875008 0.716672 0.200000 0.266668 0.694235
2.000000 0.750000 0.550004 0.150000 0.166668 0.314792
2.000000 0.918752 0.416672 0.162500 0.133332 0.337202
2.000000 0.600000 0.725000 0.175000 0.183332 0.475193
2.000000 0.868752 0.725000 0.212500 0.283332 0.660882
2.000000 0.462496 0.816668 0.175000 0.233332 0.671711
2.000000 0.912496 0.416672 0.150000 0.133332 0.337508
2.000000 0.593744 0.733328 0.162500 0.166668 0.483813
2.000000 0.462496 0.833336 0.175000 0.233332 0.679643
2.000000 0.868752 0.725000 0.212500 0.283332 0.706974
2.000000 0.918752 0.408332 0.137500 0.150000 0.307266
2.000000 0.593744 0.733328 0.162500 0.166668 0.484188
2.000000 0.456256 0.833336 0.187500 0.233332 0.642399
2.000000 0.868752 0.725000 0.212500 0.283332 0.654032
2.000000 0.912496 0.416672 0.150000 0.166668 0.312137
2.000000 0.593744 0.749996 0.162500 0.200000 0.465187
2.000000 0.450000 0.841664 0.175000 0.216668 0.608279
2.000000 0.862496 0.741668 0.200000 0.283332 0.697814
2.000000 0.724992 0.566672 0.125000 0.166668 0.300317
2.000000 0.587504 0.775004 0.175000 0.250000 0.423639
2.000000 0.437504 0.850004 0.175000 0.233332 0.591157
2.000000 0.856256 0.741668 0.212500 0.283332 0.708389
2.000000 0.718752 0.566672 0.137500 0.166668 0.401131
2.000000 0.574992 0.758336 0.175000 0.250000 0.446734
2.000000 0.431248 0.850004 0.187500 0.233332 0.685755
2.000000 0.856256 0.749996 0.212500 0.266668 0.704222
2.000000 0.712496 0.575000 0.150000 0.183332 0.433531
2.000000 0.574992 0.733328 0.175000 0.200000 0.493875
2.000000 0.856256 0.749996 0.212500 0.300000 0.648984
2.000000 0.425008 0.866672 0.200000 0.233332 0.704421
2.000000 0.306256 0.550004 0.137500 0.133332 0.312814
2.000000 0.925008 0.408332 0.150000 0.183332 0.383432
2.000000 0.481248 0.749996 0.212500 0.266668 0.654735
2.000000 0.712496 0.575000 0.150000 0.183332 0.401655
2.000000 0.562496 0.741668 0.175000 0.216668 0.547073
2.000000 0.843744 0.758336 0.212500 0.283332 0.635485
2.000000 0.425008 0.866672 0.200000 0.233332 0.700424
2.000000 0.706256 0.591668 0.137500 0.183332 0.369800
2.000000 0.562496 0.749996 0.175000 0.200000 0.552404
2.000000 0.837504 0.775004 0.225000 0.283332 0.693791
2.000000 0.418752 0.883328 0.212500 0.233332 0.728092
2.000000 0.706256 0.591668 0.137500 0.183332 0.343858
2.000000 0.556256 0.749996 0.187500 0.200000 0.495763
2.000000 0.412496 0.883328 0.200000 0.233332 0.715199
2.000000 0.837504 0.775004 0.225000 0.283332 0.748335
2.000000 0.887504 0.433328 0.125000 0.133332 0.303126
2.000000 0.706256 0.591668 0.137500 0.183332 0.334738
2.000000 0.550000 0.749996 0.175000 0.200000 0.557544
2.000000 0.400000 0.891668 0.200000 0.250000 0.702644
2.000000 0.824992 0.775004 0.225000 0.283332 0.720675
2.000000 0.693744 0.608336 0.137500 0.183332 0.315898
2.000000 0.887504 0.433328 0.125000 0.133332 0.400979
2.000000 0.543744 0.749996 0.187500 0.200000 0.542258
2.000000 0.393744 0.899996 0.212500 0.233332 0.680174
2.000000 0.824992 0.783332 0.225000 0.300000 0.689291
2.000000 0.687504 0.608336 0.150000 0.183332 0.349419
2.000000 0.887504 0.441668 0.125000 0.150000 0.432463
2.000000 0.543744 0.766664 0.187500 0.200000 0.562287
2.000000 0.818752 0.791672 0.237500 0.283332 0.675478
2.000000 0.381248 0.908336 0.212500 0.250000 0.748133
2.000000 0.687504 0.608336 0.150000 0.183332 0.357774
2.000000 0.881248 0.441668 0.137500 0.150000 0.411506
2.000000 0.531248 0.775004 0.187500 0.216668 0.563312
2.000000 0.812496 0.800000 0.225000 0.300000 0.694333
2.000000 0.381248 0.908336 0.212500 0.250000 0.790047
2.000000 0.687504 0.616664 0.150000 0.166668 0.388069
2.000000 0.881248 0.441668 0.137500 0.150000 0.437378
2.000000 0.525008 0.775004 0.175000 0.216668 0.581988
2.000000 0.812496 0.816668 0.225000 0.300000 0.691216
2.000000 0.368752 0.916664 0.212500 0.233332 0.792699
2.000000 0.881248 0.441668 0.137500 0.150000 0.411327
2.000000 0.675008 0.633332 0.150000 0.166668 0.421048
2.000000 0.518752 0.775004 0.187500 0.216668 0.530581
2.000000 0.800000 0.824996 0.225000 0.316668 0.699331
2.000000 0.362496 0.925004 0.200000 0.250000 0.757945
2.000000 0.875008 0.458336 0.150000 0.150000 0.371829
2.000000 0.675008 0.616664 0.150000 0.166668 0.403747
2.000000 0.512496 0.775004 0.175000 0.216668 0.521184
2.000000 0.800000 0.833336 0.225000 0.300000 0.713553
2.000000 0.356256 0.925004 0.212500 0.250000 0.763086
2.000000 0.312496 0.541664 0.150000 0.150000 0.385935
2.000000 0.287504 0.883328 0.225000 0.233332 0.388740
2.000000 0.962496 0.383336 0.125000 0.133332 0.435853
2.000000 0.581248 0.674996 0.187500 0.250000 0.679951
2.000000 0.918752 0.416672 0.137500 0.166668 0.344474
2.000000 0.474992 0.749996 0.200000 0.266668 0.728142
2.000000 0.881248 0.458336 0.162500 0.150000 0.382627
2.000000 0.675008 0.625004 0.150000 0.183332 0.471959
2.000000 0.506256 0.783332 0.187500 0.233332 0.525207
2.000000 0.793744 0.833336 0.237500 0.300000 0.746361
2.000000 0.350000 0.933332 0.200000 0.233332 0.747600
2.000000 0.875008 0.466664 0.150000 0.166668 0.357805
2.000000 0.500000 0.816668 0.200000 0.233332 0.420027
2.000000 0.662496 0.625004 0.150000 0.183332 0.459348
2.000000 0.331248 0.941672 0.212500 0.250000 0.734181
2.000000 0.793744 0.850004 0.237500 0.300000 0.763429
2.000000 0.881248 0.466664 0.162500 0.166668 0.354060
2.000000 0.487504 0.850004 0.200000 0.266668 0.428636
2.000000 0.662496 0.633332 0.150000 0.166668 0.542025
2.000000 0.318752 0.950000 0.212500 0.233332 0.714245
2.000000 0.781248 0.858332 0.237500 0.283332 0.786166
2.000000 0.875008 0.466664 0.150000 0.166668 0.366600
2.000000 0.487504 0.833336 0.200000 0.266668 0.451143
2.000000 0.656256 0.633332 0.137500 0.166668 0.518306
2.000000 0.312496 0.958328 0.225000 0.250000 0.693770
2.000000 0.781248 0.866672 0.237500 0.300000 0.794882
2.000000 0.868752 0.475004 0.162500 0.150000 0.343499
2.000000 0.481248 0.883328 0.212500 0.333332 0.462792
2.000000 0.656256 0.641672 0.137500 0.183332 0.517085
2.000000 0.306256 0.966668 0.237500 0.233332 0.701289
2.000000 0.775008 0.866672 0.225000 0.300000 0.793726
2.000000 0.868752 0.475004 0.162500 0.150000 0.332606
2.000000 0.474992 0.824996 0.200000 0.216668 0.486776
2.000000 0.650000 0.650000 0.150000 0.166668 0.524971
2.000000 0.306256 0.974996 0.237500 0.250000 0.725330
2.000000 0.768752 0.875000 0.237500 0.316668 0.780447
2.000000 0.312496 0.541664 0.150000 0.116668 0.341522
2.000000 0.862496 0.475004 0.150000 0.150000 0.354811
2.000000 0.468752 0.824996 0.187500 0.216668 0.459248
2.000000 0.643744 0.641672 0.137500 0.183332 0.533660
2.000000 0.300000 0.991664 0.250000 0.250000 0.703484
2.000000 0.762496 0.875000 0.250000 0.316668 0.732974
2.000000 0.862496 0.475004 0.150000 0.150000 0.343740
2.000000 0.637504 0.650000 0.150000 0.166668 0.483371
2.000000 0.462496 0.824996 0.200000 0.216668 0.525972
2.000000 0.762496 0.883328 0.250000 0.300000 0.710901
2.000000 0.281248 0.991664 0.237500 0.250000 0.743651
2.000000 0.631248 0.650000 0.162500 0.166668 0.492179
2.000000 0.450000 0.833336 0.200000 0.200000 0.505015
2.000000 0.750000 0.883328 0.250000 0.300000 0.745435
2.000000 0.275008 0.991664 0.225000 0.250000 0.771688
2.000000 0.312496 0.541664 0.150000 0.116668 0.320818
2.000000 0.624992 0.650000 0.150000 0.166668 0.486871
2.000000 0.443744 0.850004 0.212500 0.200000 0.528680
2.000000 0.743744 0.899996 0.237500 0.300000 0.750488
2.000000 0.312496 0.550004 0.150000 0.133332 0.306280
2.000000 0.918752 0.416672 0.137500 0.166668 0.370299
2.000000 0.468752 0.749996 0.212500 0.266668 0.775300
2.000000 0.631248 0.650000 0.162500 0.166668 0.472895
2.000000 0.437504 0.850004 0.200000 0.200000 0.490539
2.000000 0.737504 0.908336 0.250000 0.316668 0.779763
2.000000 0.618752 0.658328 0.162500 0.150000 0.416180
2.000000 0.425008 0.850004 0.200000 0.200000 0.596702
2.000000 0.737504 0.916664 0.250000 0.333332 0.731430
2.000000 0.612496 0.666668 0.175000 0.166668 0.307985
2.000000 0.856256 0.475004 0.162500 0.150000 0.319238
2.000000 0.418752 0.866672 0.212500 0.200000 0.605333
2.000000 0.724992 0.933332 0.250000 0.333332 0.689732
2.000000 0.312496 0.533336 0.150000 0.133332 0.338005
2.000000 0.612496 0.666668 0.175000 0.166668 0.346739
2.000000 0.856256 0.475004 0.162500 0.150000 0.365625
2.000000 0.412496 0.858332 0.200000 0.216668 0.656330
2.000000 0.718752 0.933332 0.262500 0.333332 0.721556
2.000000 0.856256 0.483332 0.162500 0.166668 0.388135
2.000000 0.412496 0.858332 0.200000 0.216668 0.671806
2.000000 0.706256 0.941672 0.262500 0.350000 0.715645
2.000000 0.312496 0.541664 0.150000 0.116668 0.303696
2.000000 0.850000 0.483332 0.175000 0.166668 0.353881
2.000000 0.600000 0.691664 0.175000 0.183332 0.431444
2.000000 0.400000 0.858332 0.200000 0.216668 0.671554
2.000000 0.706256 0.950000 0.262500 0.366668 0.690189
2.000000 0.312496 0.541664 0.150000 0.116668 0.327048
2.000000 0.850000 0.483332 0.175000 0.166668 0.338091
2.000000 0.593744 0.691664 0.162500 0.183332 0.516257
2.000000 0.993744 0.608336 0.187500 0.216668 0.584923
2.000000 0.400000 0.866672 0.200000 0.233332 0.649943
2.000000 0.693744 0.958328 0.262500 0.350000 0.717316
2.000000 0.312496 0.541664 0.150000 0.116668 0.342831
2.000000 0.850000 0.483332 0.175000 0.166668 0.383237
2.000000 0.587504 0.691664 0.175000 0.183332 0.533492
2.000000 0.993744 0.608336 0.187500 0.216668 0.596174
2.000000 0.393744 0.883328 0.187500 0.233332 0.607791
2.000000 0.687504 0.958328 0.275000 0.350000 0.764125
2.000000 0.312496 0.550004 0.150000 0.133332 0.316297
2.000000 0.850000 0.483332 0.175000 0.166668 0.452853
2.000000 0.587504 0.691664 0.175000 0.183332 0.559683
2.000000 0.393744 0.891668 0.187500 0.216668 0.600089
2.000000 0.993744 0.608336 0.187500 0.216668 0.614475
2.000000 0.681248 0.966668 0.262500 0.366668 0.744998
2.000000 0.312496 0.541664 0.150000 0.116668 0.320191
2.000000 0.837504 0.483332 0.175000 0.166668 0.478837
2.000000 0.581248 0.708332 0.162500 0.183332 0.604515
2.000000 0.375008 0.891668 0.200000 0.216668 0.639392
2.000000 0.981248 0.608336 0.187500 0.216668 0.645525
2.000000 0.675008 0.983336 0.275000 0.366668 0.698518
2.000000 0.462496 0.766664 0.200000 0.266668 0.782438
2.000000 0.312496 0.541664 0.150000 0.116668 0.376542
2.000000 0.850000 0.491672 0.175000 0.183332 0.427858
2.000000 0.568752 0.708332 0.162500 0.183332 0.633915
2.000000 0.981248 0.616664 0.187500 0.233332 0.650757
2.000000 0.368752 0.899996 0.212500 0.233332 0.714480
2.000000 0.312496 0.541664 0.150000 0.116668 0.342785
2.000000 0.843744 0.491672 0.187500 0.183332 0.466043
2.000000 0.568752 0.708332 0.162500 0.183332 0.636245
2.000000 0.974992 0.616664 0.200000 0.233332 0.671488
2.000000 0.362496 0.908336 0.225000 0.250000 0.690768
2.000000 0.312496 0.541664 0.150000 0.116668 0.349221
2.000000 0.837504 0.491672 0.175000 0.183332 0.486819
2.000000 0.562496 0.716672 0.175000 0.200000 0.630084
2.000000 0.974992 0.616664 0.200000 0.233332 0.674976
2.000000 0.356256 0.916664 0.212500 0.233332 0.690076
2.000000 0.312496 0.533336 0.150000 0.133332 0.370593
2.000000 0.831248 0.491672 0.162500 0.183332 0.501461
2.000000 0.562496 0.716672 0.175000 0.200000 0.602535
2.000000 0.343744 0.916664 0.212500 0.233332 0.644001
2.000000 0.974992 0.625004 0.200000 0.250000 0.685542
2.000000 0.993744 0.475004 0.187500 0.216668 0.331190
2.000000 0.312496 0.533336 0.150000 0.133332 0.379725
2.000000 0.831248 0.491672 0.162500 0.183332 0.502176
2.000000 0.562496 0.716672 0.175000 0.200000 0.613835
2.000000 0.337504 0.925004 0.225000 0.250000 0.646443
2.000000 0.974992 0.625004 0.200000 0.250000 0.659619
2.000000 0.987504 0.475004 0.200000 0.216668 0.334334
2.000000 0.318752 0.541664 0.137500 0.116668 0.402335
2.000000 0.831248 0.491672 0.162500 0.183332 0.512560
2.000000 0.331248 0.933332 0.237500 0.266668 0.548030
2.000000 0.968752 0.625004 0.212500 0.250000 0.643508
2.000000 0.556256 0.733328 0.187500 0.200000 0.655155
2.000000 0.987504 0.483332 0.200000 0.200000 0.327636
2.000000 0.318752 0.541664 0.137500 0.116668 0.390689
2.000000 0.831248 0.491672 0.162500 0.183332 0.546948
2.000000 0.324992 0.941672 0.225000 0.250000 0.579196
2.000000 0.550000 0.733328 0.175000 0.200000 0.614850
2.000000 0.968752 0.625004 0.212500 0.250000 0.634536
2.000000 0.981248 0.483332 0.212500 0.200000 0.319788
2.000000 0.318752 0.541664 0.137500 0.116668 0.359550
2.000000 0.312496 0.958328 0.225000 0.216668 0.569140
2.000000 0.824992 0.491672 0.175000 0.183332 0.585889
2.000000 0.537504 0.741668 0.175000 0.216668 0.617535
2.000000 0.968752 0.633332 0.212500 0.266668 0.649710
2.000000 0.312496 0.533336 0.150000 0.133332 0.359309
2.000000 0.537504 0.741668 0.175000 0.216668 0.596043
2.000000 0.300000 0.966668 0.225000 0.233332 0.607111
2.000000 0.824992 0.491672 0.175000 0.183332 0.618293
2.000000 0.962496 0.633332 0.225000 0.266668 0.647212
2.000000 0.312496 0.533336 0.150000 0.133332 0.391946
2.000000 0.531248 0.741668 0.187500 0.216668 0.605306
2.000000 0.818752 0.491672 0.162500 0.183332 0.625393
2.000000 0.293744 0.974996 0.212500 0.216668 0.634961
2.000000 0.956256 0.633332 0.212500 0.266668 0.642640
2.000000 0.456256 0.766664 0.212500 0.266668 0.780450
2.000000 0.312496 0.533336 0.150000 0.133332 0.301783
2.000000 0.525008 0.749996 0.175000 0.200000 0.623061
2.000000 0.818752 0.500000 0.162500 0.200000 0.625844
2.000000 0.950000 0.633332 0.225000 0.266668 0.628225
2.000000 0.287504 0.974996 0.225000 0.216668 0.648928
2.000000 0.962496 0.491672 0.200000 0.216668 0.357616
2.000000 0.950000 0.633332 0.225000 0.266668 0.580673
2.000000 0.518752 0.749996 0.187500 0.200000 0.617620
2.000000 0.806256 0.500000 0.162500 0.200000 0.620222
2.000000 0.275008 0.983336 0.225000 0.233332 0.714915
2.000000 0.962496 0.500000 0.200000 0.200000 0.339899
2.000000 0.943744 0.658328 0.212500 0.250000 0.550767
2.000000 0.800000 0.508328 0.150000 0.183332 0.576545
2.000000 0.512496 0.749996 0.175000 0.200000 0.636221
2.000000 0.262496 0.983336 0.225000 0.233332 0.716313
2.000000 0.962496 0.500000 0.200000 0.200000 0.376795
2.000000 0.937504 0.666668 0.200000 0.233332 0.532658
2.000000 0.800000 0.508328 0.150000 0.183332 0.569154
2.000000 0.512496 0.758336 0.175000 0.216668 0.639712
2.000000 0.962496 0.500000 0.200000 0.200000 0.346379
2.000000 0.800000 0.508328 0.150000 0.183332 0.564508
2.000000 0.937504 0.666668 0.225000 0.266668 0.595802
2.000000 0.500000 0.766664 0.175000 0.200000 0.640770
2.000000 0.962496 0.508328 0.200000 0.216668 0.342307
2.000000 0.487504 0.766664 0.175000 0.200000 0.511993
2.000000 0.931248 0.674996 0.212500 0.250000 0.552490
2.000000 0.800000 0.508328 0.150000 0.183332 0.554476
2.000000 0.956256 0.599996 0.237500 0.300000 0.311999
2.000000 0.962496 0.508328 0.200000 0.216668 0.368945
2.000000 0.800000 0.516668 0.150000 0.200000 0.478833
2.000000 0.925008 0.700004 0.200000 0.200000 0.561877
2.000000 0.493744 0.775004 0.187500 0.216668 0.625726
2.000000 0.962496 0.500000 0.200000 0.200000 0.395679
2.000000 0.800000 0.516668 0.150000 0.200000 0.458971
2.000000 0.481248 0.775004 0.187500 0.216668 0.587441
2.000000 0.925008 0.700004 0.200000 0.233332 0.597247
2.000000 0.962496 0.508328 0.200000 0.216668 0.379726
2.000000 0.787504 0.524996 0.150000 0.183332 0.430515
2.000000 0.918752 0.700004 0.212500 0.233332 0.607151
2.000000 0.474992 0.783332 0.200000 0.233332 0.615983
2.000000 0.956256 0.516668 0.212500 0.233332 0.333156
2.000000 0.781248 0.524996 0.137500 0.183332 0.438212
2.000000 0.918752 0.708332 0.212500 0.216668 0.578896
2.000000 0.468752 0.783332 0.187500 0.233332 0.657347
2.000000 0.912496 0.416672 0.125000 0.166668 0.303154
2.000000 0.456256 0.775004 0.212500 0.283332 0.782146
2.000000 0.950000 0.608336 0.250000 0.316668 0.303642
2.000000 0.956256 0.508328 0.212500 0.216668 0.347570
2.000000 0.787504 0.524996 0.150000 0.183332 0.482037
2.000000 0.918752 0.716672 0.212500 0.233332 0.599385
2.000000 0.468752 0.783332 0.187500 0.233332 0.673688
2.000000 0.950000 0.516668 0.200000 0.200000 0.307866
2.000000 0.787504 0.524996 0.150000 0.183332 0.521752
2.000000 0.906256 0.708332 0.212500 0.250000 0.598597
2.000000 0.462496 0.800000 0.200000 0.233332 0.693209
2.000000 0.950000 0.516668 0.200000 0.200000 0.316630
2.000000 0.931248 0.616664 0.237500 0.333332 0.369443
2.000000 0.781248 0.524996 0.162500 0.183332 0.523003
2.000000 0.906256 0.708332 0.212500 0.250000 0.628405
2.000000 0.462496 0.800000 0.200000 0.233332 0.693590
2.000000 0.950000 0.516668 0.200000 0.200000 0.336249
2.000000 0.931248 0.599996 0.237500 0.300000 0.366675
2.000000 0.781248 0.524996 0.162500 0.183332 0.529267
2.000000 0.900000 0.716672 0.225000 0.266668 0.625929
2.000000 0.450000 0.800000 0.200000 0.233332 0.704413
2.000000 0.950000 0.516668 0.200000 0.200000 0.308711
2.000000 0.931248 0.591668 0.237500 0.283332 0.362790
2.000000 0.781248 0.533336 0.162500 0.200000 0.530663
2.000000 0.900000 0.716672 0.225000 0.266668 0.616016
2.000000 0.437504 0.800000 0.200000 0.233332 0.691828
2.000000 0.931248 0.583328 0.237500 0.266668 0.353072
2.000000 0.781248 0.533336 0.162500 0.200000 0.547493
2.000000 0.893744 0.716672 0.237500 0.266668 0.644269
2.000000 0.431248 0.808328 0.212500 0.250000 0.725432
2.000000 0.925008 0.583328 0.225000 0.233332 0.340734
2.000000 0.762496 0.541664 0.150000 0.183332 0.502655
2.000000 0.887504 0.725000 0.225000 0.250000 0.624390
2.000000 0.431248 0.808328 0.212500 0.250000 0.659333
2.000000 0.931248 0.516668 0.187500 0.200000 0.353756
2.000000 0.762496 0.541664 0.150000 0.183332 0.541200
2.000000 0.893744 0.733328 0.237500 0.266668 0.656651
2.000000 0.412496 0.841664 0.200000 0.216668 0.666349
2.000000 0.925008 0.583328 0.200000 0.233332 0.353151
2.000000 0.756256 0.558332 0.137500 0.183332 0.472641
2.000000 0.881248 0.733328 0.237500 0.266668 0.659369
2.000000 0.406256 0.841664 0.187500 0.216668 0.687643
2.000000 0.931248 0.591668 0.212500 0.250000 0.330071
2.000000 0.750000 0.558332 0.150000 0.183332 0.487801
2.000000 0.875008 0.749996 0.225000 0.266668 0.641742
2.000000 0.400000 0.850004 0.200000 0.233332 0.686903
2.000000 0.912496 0.416672 0.125000 0.166668 0.362685
2.000000 0.450000 0.783332 0.225000 0.266668 0.800697
2.000000 0.931248 0.591668 0.212500 0.250000 0.342655
2.000000 0.750000 0.558332 0.150000 0.183332 0.470573
2.000000 0.868752 0.749996 0.237500 0.266668 0.661721
2.000000 0.393744 0.850004 0.187500 0.233332 0.708797
2.000000 0.925008 0.599996 0.225000 0.266668 0.336334
2.000000 0.750000 0.566672 0.150000 0.200000 0.477753
2.000000 0.387504 0.850004 0.175000 0.233332 0.571595
2.000000 0.862496 0.766664 0.225000 0.266668 0.683162
2.000000 0.900000 0.583328 0.250000 0.233332 0.328582
2.000000 0.750000 0.566672 0.150000 0.200000 0.512721
2.000000 0.381248 0.858332 0.187500 0.216668 0.628441
2.000000 0.862496 0.758336 0.225000 0.283332 0.641079
2.000000 0.912496 0.583328 0.225000 0.233332 0.371695
2.000000 0.743744 0.566672 0.162500 0.200000 0.515774
2.000000 0.862496 0.775004 0.250000 0.283332 0.657904
2.000000 0.368752 0.866672 0.187500 0.233332 0.671933
2.000000 0.912496 0.583328 0.225000 0.233332 0.385224
2.000000 0.743744 0.566672 0.162500 0.200000 0.538368
2.000000 0.862496 0.775004 0.250000 0.283332 0.683578
2.000000 0.368752 0.866672 0.187500 0.233332 0.705775
2.000000 0.918752 0.583328 0.237500 0.233332 0.406798
2.000000 0.743744 0.566672 0.162500 0.200000 0.524277
2.000000 0.850000 0.775004 0.250000 0.283332 0.676827
2.000000 0.362496 0.875000 0.200000 0.250000 0.749126
2.000000 0.912496 0.583328 0.225000 0.233332 0.403399
2.000000 0.737504 0.558332 0.150000 0.183332 0.500000
2.000000 0.843744 0.775004 0.237500 0.283332 0.654977
2.000000 0.362496 0.891668 0.200000 0.250000 0.763851
2.000000 0.731248 0.575000 0.137500 0.183332 0.395835
2.000000 0.912496 0.599996 0.225000 0.233332 0.419935
2.000000 0.843744 0.775004 0.237500 0.283332 0.632285
2.000000 0.356256 0.891668 0.212500 0.250000 0.747879
2.000000 0.724992 0.575000 0.150000 0.183332 0.366130
2.000000 0.906256 0.608336 0.237500 0.250000 0.398715
2.000000 0.831248 0.783332 0.237500 0.300000 0.571490
2.000000 0.343744 0.908336 0.212500 0.250000 0.732165
2.000000 0.724992 0.575000 0.150000 0.183332 0.340381
2.000000 0.906256 0.608336 0.212500 0.216668 0.399466
2.000000 0.837504 0.800000 0.250000 0.300000 0.626813
2.000000 0.337504 0.908336 0.225000 0.250000 0.743477
2.000000 0.912496 0.416672 0.125000 0.166668 0.365874
2.000000 0.443744 0.791672 0.237500 0.283332 0.804128
2.000000 0.718752 0.575000 0.137500 0.183332 0.339034
2.000000 0.893744 0.599996 0.212500 0.200000 0.419804
2.000000 0.831248 0.808328 0.262500 0.283332 0.647312
2.000000 0.331248 0.908336 0.237500 0.250000 0.765908
2.000000 0.718752 0.575000 0.137500 0.183332 0.342469
2.000000 0.893744 0.599996 0.212500 0.200000 0.445143
2.000000 0.831248 0.816668 0.287500 0.300000 0.665929
2.000000 0.324992 0.916664 0.250000 0.266668 0.764501
2.000000 0.712496 0.583328 0.150000 0.200000 0.319967
2.000000 0.893744 0.608336 0.212500 0.216668 0.423718
2.000000 0.812496 0.816668 0.250000 0.300000 0.622496
2.000000 0.312496 0.925004 0.250000 0.250000 0.748801
2.000000 0.712496 0.583328 0.150000 0.200000 0.300903
2.000000 0.893744 0.616664 0.212500 0.233332 0.390966
2.000000 0.806256 0.824996 0.237500 0.283332 0.671924
2.000000 0.306256 0.933332 0.237500 0.266668 0.697644
2.000000 0.712496 0.583328 0.150000 0.200000 0.333610
2.000000 0.856256 0.700004 0.262500 0.300000 0.337611
2.000000 0.887504 0.616664 0.200000 0.233332 0.424245
2.000000 0.300000 0.933332 0.250000 0.266668 0.636475
2.000000 0.800000 0.833336 0.225000 0.300000 0.697732
2.000000 0.706256 0.591668 0.162500 0.216668 0.330726
2.000000 0.881248 0.633332 0.212500 0.233332 0.437062
2.000000 0.281248 0.958328 0.237500 0.250000 0.686437
2.000000 0.793744 0.833336 0.237500 0.300000 0.696666
2.000000 0.700000 0.608336 0.150000 0.216668 0.344204
2.000000 0.875008 0.658328 0.250000 0.283332 0.454952
2.000000 0.793744 0.833336 0.237500 0.300000 0.687652
2.000000 0.281248 0.958328 0.237500 0.250000 0.693106
2.000000 0.700000 0.608336 0.150000 0.216668 0.318304
2.000000 0.868752 0.641672 0.237500 0.250000 0.430194
2.000000 0.268752 0.966668 0.237500 0.266668 0.688609
2.000000 0.787504 0.850004 0.250000 0.300000 0.693123
2.000000 0.868752 0.650000 0.237500 0.266668 0.469366
2.000000 0.262496 0.983336 0.250000 0.266668 0.667418
2.000000 0.787504 0.850004 0.250000 0.300000 0.681894
2.000000 0.862496 0.666668 0.250000 0.300000 0.400204
2.000000 0.262496 0.983336 0.275000 0.266668 0.667687
2.000000 0.775008 0.866672 0.250000 0.300000 0.697140
2.000000 0.906256 0.425000 0.137500 0.150000 0.464560
2.000000 0.443744 0.791672 0.237500 0.283332 0.776391
2.000000 0.862496 0.658328 0.250000 0.283332 0.419663
2.000000 0.775008 0.866672 0.250000 0.300000 0.678442
2.000000 0.262496 0.991664 0.275000 0.283332 0.692517
2.000000 0.862496 0.658328 0.250000 0.283332 0.402296
2.000000 0.262496 0.983336 0.300000 0.300000 0.654762
2.000000 0.768752 0.875000 0.262500 0.316668 0.694929
2.000000 0.675008 0.616664 0.150000 0.200000 0.317269
2.000000 0.850000 0.658328 0.225000 0.283332 0.372381
2.000000 0.756256 0.875000 0.262500 0.316668 0.685811
2.000000 0.843744 0.666668 0.237500 0.266668 0.363750
2.000000 0.756256 0.891668 0.262500 0.316668 0.639583
2.000000 0.843744 0.666668 0.237500 0.266668 0.380753
2.000000 0.743744 0.891668 0.262500 0.316668 0.661209
2.000000 0.662496 0.633332 0.150000 0.200000 0.350156
2.000000 0.843744 0.674996 0.237500 0.283332 0.461100
2.000000 0.743744 0.899996 0.262500 0.300000 0.672663
2.000000 0.662496 0.633332 0.150000 0.200000 0.352044
2.000000 0.837504 0.691664 0.250000 0.283332 0.442167
2.000000 0.743744 0.908336 0.287500 0.316668 0.633996
2.000000 0.656256 0.633332 0.162500 0.200000 0.369126
2.000000 0.837504 0.700004 0.250000 0.266668 0.469306
2.000000 0.731248 0.916664 0.262500 0.333332 0.597243
2.000000 0.656256 0.641672 0.162500 0.183332 0.365137
2.000000 0.837504 0.716672 0.250000 0.300000 0.452912
2.000000 0.718752 0.925004 0.262500 0.316668 0.572772
2.000000 0.650000 0.641672 0.150000 0.183332 0.332165
2.000000 0.831248 0.700004 0.237500 0.266668 0.407372
2.000000 0.718752 0.933332 0.262500 0.333332 0.526977
2.000000 0.906256 0.433328 0.137500 0.166668 0.539866
2.000000 0.993744 0.583328 0.187500 0.166668 0.561100
2.000000 0.431248 0.800000 0.237500 0.300000 0.789414
2.000000 0.637504 0.641672 0.150000 0.183332 0.332034
2.000000 0.831248 0.725000 0.262500 0.283332 0.458951
2.000000 0.712496 0.933332 0.250000 0.333332 0.553053
2.000000 0.637504 0.650000 0.150000 0.200000 0.342007
2.000000 0.824992 0.741668 0.275000 0.316668 0.466642
2.000000 0.700000 0.950000 0.275000 0.333332 0.594486
2.000000 0.637504 0.650000 0.150000 0.200000 0.346470
2.000000 0.824992 0.749996 0.275000 0.333332 0.461659
2.000000 0.687504 0.958328 0.275000 0.350000 0.615512
2.000000 0.624992 0.658328 0.150000 0.183332 0.329887
2.000000 0.818752 0.749996 0.262500 0.300000 0.453836
2.000000 0.687504 0.958328 0.275000 0.350000 0.603838
2.000000 0.624992 0.650000 0.150000 0.200000 0.334944
2.000000 0.812496 0.749996 0.275000 0.300000 0.445504
2.000000 0.681248 0.966668 0.262500 0.333332 0.602598
2.000000 0.624992 0.650000 0.150000 0.200000 0.372305
2.000000 0.806256 0.741668 0.287500 0.283332 0.408299
2.000000 0.681248 0.983336 0.262500 0.333332 0.584619
2.000000 0.618752 0.666668 0.162500 0.200000 0.325057
2.000000 0.806256 0.733328 0.287500 0.266668 0.429972
2.000000 0.668752 0.991664 0.262500 0.350000 0.603589
2.000000 0.612496 0.666668 0.150000 0.200000 0.316195
2.000000 0.800000 0.766664 0.300000 0.333332 0.421598
2.000000 0.662496 0.991664 0.275000 0.350000 0.608203
2.000000 0.787504 0.791672 0.300000 0.350000 0.388645
2.000000 0.787504 0.800000 0.325000 0.366668 0.411729
2.000000 0.987504 0.591668 0.175000 0.150000 0.579058
2.000000 0.900000 0.433328 0.150000 0.166668 0.592880
2.000000 0.443744 0.800000 0.262500 0.300000 0.703400
2.000000 0.600000 0.700004 0.150000 0.233332 0.322852
2.000000 0.781248 0.800000 0.312500 0.366668 0.349917
2.000000 0.781248 0.800000 0.312500 0.366668 0.320000
2.000000 0.593744 0.700004 0.162500 0.233332 0.334550
2.000000 0.593744 0.700004 0.162500 0.233332 0.349742
2.000000 0.593744 0.700004 0.162500 0.233332 0.383786
2.000000 0.737504 0.824996 0.275000 0.383332 0.300887
2.000000 0.581248 0.708332 0.162500 0.216668 0.354869
2.000000 0.581248 0.716672 0.162500 0.233332 0.411588
2.000000 0.574992 0.716672 0.150000 0.233332 0.390281
2.000000 0.568752 0.725000 0.162500 0.216668 0.425516
2.000000 0.568752 0.716672 0.187500 0.233332 0.411571
2.000000 0.312496 0.541664 0.150000 0.150000 0.400194
2.000000 0.962496 0.383336 0.125000 0.133332 0.433689
2.000000 0.281248 0.875000 0.212500 0.216668 0.444564
2.000000 0.581248 0.674996 0.187500 0.250000 0.720766
2.000000 0.900000 0.433328 0.150000 0.166668 0.599980
2.000000 0.993744 0.583328 0.162500 0.166668 0.600563
2.000000 0.437504 0.800000 0.250000 0.300000 0.700964
2.000000 0.900000 0.433328 0.150000 0.166668 0.584003
2.000000 0.987504 0.591668 0.150000 0.150000 0.634916
2.000000 0.418752 0.816668 0.237500 0.300000 0.742614
2.000000 0.893744 0.433328 0.137500 0.166668 0.593737
2.000000 0.987504 0.599996 0.150000 0.166668 0.601973
2.000000 0.418752 0.808328 0.262500 0.316668 0.617317
2.000000 0.993744 0.366668 0.137500 0.133332 0.319251
2.000000 0.887504 0.433328 0.125000 0.166668 0.607031
2.000000 0.981248 0.599996 0.162500 0.166668 0.621940
2.000000 0.400000 0.816668 0.250000 0.300000 0.714563
2.000000 0.993744 0.374996 0.137500 0.150000 0.339904
2.000000 0.887504 0.433328 0.125000 0.166668 0.572187
2.000000 0.981248 0.608336 0.162500 0.150000 0.621032
2.000000 0.387504 0.824996 0.225000 0.283332 0.698387
2.000000 0.987504 0.383336 0.150000 0.166668 0.352825
2.000000 0.881248 0.433328 0.137500 0.166668 0.540973
2.000000 0.981248 0.616664 0.162500 0.166668 0.649606
2.000000 0.387504 0.841664 0.225000 0.283332 0.756607
2.000000 0.987504 0.374996 0.150000 0.150000 0.381920
2.000000 0.881248 0.433328 0.137500 0.166668 0.543415
2.000000 0.974992 0.616664 0.150000 0.166668 0.632904
2.000000 0.381248 0.850004 0.237500 0.300000 0.793083
2.000000 0.981248 0.383336 0.137500 0.133332 0.347631
2.000000 0.881248 0.441668 0.137500 0.183332 0.562003
2.000000 0.974992 0.616664 0.150000 0.166668 0.638164
2.000000 0.368752 0.850004 0.237500 0.300000 0.759078
2.000000 0.987504 0.366668 0.150000 0.133332 0.371234
2.000000 0.875008 0.449996 0.125000 0.166668 0.605200
2.000000 0.968752 0.633332 0.162500 0.166668 0.641338
2.000000 0.368752 0.850004 0.237500 0.300000 0.776931
2.000000 0.981248 0.366668 0.137500 0.133332 0.372236
2.000000 0.875008 0.449996 0.125000 0.166668 0.607035
2.000000 0.968752 0.633332 0.162500 0.166668 0.657153
2.000000 0.362496 0.858332 0.250000 0.316668 0.736020
2.000000 0.962496 0.383336 0.150000 0.133332 0.384037
2.000000 0.312496 0.541664 0.150000 0.150000 0.417406
2.000000 0.275008 0.933332 0.225000 0.333332 0.443434
2.000000 0.574992 0.674996 0.175000 0.250000 0.654726
2.000000 0.981248 0.374996 0.137500 0.150000 0.366764
2.000000 0.868752 0.449996 0.137500 0.166668 0.544718
2.000000 0.968752 0.633332 0.162500 0.166668 0.675240
2.000000 0.343744 0.866672 0.237500 0.300000 0.685772
2.000000 0.981248 0.383336 0.137500 0.133332 0.373483
2.000000 0.868752 0.449996 0.137500 0.166668 0.547095
2.000000 0.968752 0.633332 0.162500 0.166668 0.687405
2.000000 0.331248 0.883328 0.237500 0.300000 0.772971
2.000000 0.981248 0.383336 0.137500 0.133332 0.404422
2.000000 0.868752 0.449996 0.137500 0.166668 0.512344
2.000000 0.968752 0.633332 0.162500 0.166668 0.695650
2.000000 0.331248 0.883328 0.237500 0.300000 0.797008
2.000000 0.981248 0.391664 0.137500 0.150000 0.392134
2.000000 0.868752 0.458336 0.137500 0.183332 0.433154
2.000000 0.956256 0.650000 0.162500 0.166668 0.696246
2.000000 0.324992 0.883328 0.250000 0.300000 0.828640
2.000000 0.318752 0.524996 0.162500 0.150000 0.318807
2.000000 0.974992 0.383336 0.150000 0.133332 0.364945
2.000000 0.862496 0.458336 0.125000 0.183332 0.393633
2.000000 0.956256 0.650000 0.162500 0.166668 0.713960
2.000000 0.312496 0.899996 0.250000 0.300000 0.795782
2.000000 0.974992 0.383336 0.150000 0.133332 0.366466
2.000000 0.856256 0.458336 0.137500 0.183332 0.414767
2.000000 0.956256 0.658328 0.162500 0.150000 0.690941
2.000000 0.306256 0.899996 0.262500 0.300000 0.791044
2.000000 0.318752 0.533336 0.162500 0.166668 0.301191
2.000000 0.974992 0.383336 0.150000 0.133332 0.389772
2.000000 0.856256 0.458336 0.137500 0.183332 0.390156
2.000000 0.950000 0.658328 0.175000 0.150000 0.688557
2.000000 0.300000 0.908336 0.250000 0.316668 0.737345
2.000000 0.318752 0.533336 0.162500 0.166668 0.340702
2.000000 0.974992 0.383336 0.150000 0.133332 0.367178
2.000000 0.856256 0.466664 0.137500 0.200000 0.373329
2.000000 0.950000 0.666668 0.175000 0.166668 0.655464
2.000000 0.287504 0.916664 0.250000 0.300000 0.724317
2.000000 0.318752 0.533336 0.162500 0.166668 0.311117
2.000000 0.974992 0.383336 0.150000 0.133332 0.317768
2.000000 0.843744 0.475004 0.137500 0.183332 0.359412
2.000000 0.950000 0.666668 0.175000 0.166668 0.663437
2.000000 0.281248 0.925004 0.262500 0.316668 0.759516
2.000000 0.318752 0.533336 0.162500 0.166668 0.313212
2.000000 0.974992 0.383336 0.150000 0.133332 0.317504
2.000000 0.943744 0.666668 0.187500 0.166668 0.640041
2.000000 0.275008 0.933332 0.250000 0.333332 0.756655
2.000000 0.956256 0.383336 0.137500 0.133332 0.381629
2.000000 0.318752 0.541664 0.162500 0.150000 0.467553
2.000000 0.268752 0.933332 0.212500 0.300000 0.480234
2.000000 0.568752 0.691664 0.187500 0.250000 0.654291
2.000000 0.974992 0.383336 0.150000 0.133332 0.334524
2.000000 0.843744 0.466664 0.137500 0.200000 0.374534
2.000000 0.943744 0.666668 0.187500 0.166668 0.661139
2.000000 0.262496 0.941672 0.250000 0.316668 0.802753
2.000000 0.318752 0.524996 0.162500 0.150000 0.325091
2.000000 0.837504 0.475004 0.125000 0.183332 0.348980
2.000000 0.962496 0.391664 0.150000 0.116668 0.376231
2.000000 0.937504 0.683336 0.200000 0.166668 0.702209
2.000000 0.256256 0.941672 0.262500 0.350000 0.790295
2.000000 0.318752 0.524996 0.162500 0.150000 0.334824
2.000000 0.962496 0.400004 0.150000 0.133332 0.368760
2.000000 0.837504 0.475004 0.125000 0.183332 0.372644
2.000000 0.937504 0.683336 0.200000 0.166668 0.697368
2.000000 0.243744 0.950000 0.262500 0.333332 0.726852
2.000000 0.318752 0.533336 0.162500 0.166668 0.351174
2.000000 0.956256 0.400004 0.162500 0.133332 0.393125
2.000000 0.831248 0.475004 0.137500 0.183332 0.410084
2.000000 0.931248 0.691664 0.187500 0.183332 0.726767
2.000000 0.237504 0.958328 0.275000 0.350000 0.761386
2.000000 0.318752 0.533336 0.162500 0.166668 0.364356
2.000000 0.950000 0.400004 0.150000 0.133332 0.424710
2.000000 0.831248 0.483332 0.137500 0.200000 0.458429
2.000000 0.925008 0.691664 0.175000 0.183332 0.780058
2.000000 0.224992 0.966668 0.275000 0.333332 0.791421
2.000000 0.950000 0.400004 0.150000 0.133332 0.400099
2.000000 0.831248 0.491672 0.137500 0.183332 0.539502
2.000000 0.925008 0.700004 0.200000 0.166668 0.782838
2.000000 0.218752 0.974996 0.262500 0.350000 0.798376
2.000000 0.950000 0.400004 0.150000 0.133332 0.428018
2.000000 0.818752 0.491672 0.137500 0.183332 0.519503
2.000000 0.912496 0.700004 0.200000 0.166668 0.787893
2.000000 0.212496 0.983336 0.275000 0.333332 0.799382
2.000000 0.950000 0.400004 0.150000 0.133332 0.399907
2.000000 0.818752 0.500000 0.137500 0.200000 0.507537
2.000000 0.200000 0.991664 0.275000 0.350000 0.783715
2.000000 0.912496 0.708332 0.200000 0.183332 0.792909
2.000000 0.318752 0.541664 0.162500 0.150000 0.312289
2.000000 0.943744 0.400004 0.137500 0.133332 0.387496
2.000000 0.818752 0.500000 0.137500 0.200000 0.527538
2.000000 0.906256 0.708332 0.212500 0.183332 0.791357
2.000000 0.318752 0.541664 0.162500 0.150000 0.316218
2.000000 0.937504 0.400004 0.125000 0.133332 0.360967
2.000000 0.812496 0.500000 0.150000 0.200000 0.506232
2.000000 0.906256 0.708332 0.212500 0.183332 0.793878
2.000000 0.268752 0.899996 0.212500 0.200000 0.323276
2.000000 0.312496 0.541664 0.150000 0.150000 0.388413
2.000000 0.956256 0.383336 0.137500 0.133332 0.408978
2.000000 0.568752 0.691664 0.187500 0.250000 0.600487
2.000000 0.950000 0.408332 0.150000 0.116668 0.331272
2.000000 0.318752 0.541664 0.162500 0.150000 0.364948
2.000000 0.812496 0.500000 0.150000 0.200000 0.518376
2.000000 0.906256 0.708332 0.212500 0.183332 0.793044
2.000000 0.318752 0.524996 0.162500 0.150000 0.330506
2.000000 0.943744 0.416672 0.137500 0.133332 0.345437
2.000000 0.812496 0.500000 0.150000 0.200000 0.573094
2.000000 0.900000 0.716672 0.225000 0.200000 0.796030
2.000000 0.950000 0.416672 0.150000 0.133332 0.346130
2.000000 0.806256 0.500000 0.137500 0.200000 0.596797
2.000000 0.900000 0.725000 0.225000 0.183332 0.782010
2.000000 0.318752 0.524996 0.162500 0.150000 0.310289
2.000000 0.937504 0.416672 0.150000 0.133332 0.337683
2.000000 0.800000 0.500000 0.150000 0.200000 0.569470
2.000000 0.900000 0.733328 0.225000 0.200000 0.787203
2.000000 0.318752 0.524996 0.162500 0.150000 0.323835
2.000000 0.800000 0.500000 0.150000 0.200000 0.576961
2.000000 0.900000 0.741668 0.225000 0.216668 0.787282
2.000000 0.800000 0.508328 0.150000 0.216668 0.547833
2.000000 0.893744 0.749996 0.212500 0.200000 0.798331
2.000000 0.793744 0.516668 0.137500 0.200000 0.553150
2.000000 0.881248 0.758336 0.212500 0.216668 0.795889
2.000000 0.787504 0.516668 0.150000 0.200000 0.547876
2.000000 0.875008 0.758336 0.225000 0.216668 0.793454
2.000000 0.787504 0.516668 0.150000 0.200000 0.547323
2.000000 0.875008 0.758336 0.225000 0.216668 0.787761
2.000000 0.787504 0.516668 0.150000 0.200000 0.529286
2.000000 0.875008 0.758336 0.225000 0.216668 0.779140
2.000000 0.943744 0.391664 0.137500 0.150000 0.453469
2.000000 0.262496 0.933332 0.225000 0.266668 0.466368
2.000000 0.556256 0.691664 0.187500 0.250000 0.671789
2.000000 0.781248 0.516668 0.137500 0.200000 0.535728
2.000000 0.868752 0.766664 0.212500 0.233332 0.768285
2.000000 0.781248 0.516668 0.137500 0.200000 0.569237
2.000000 0.856256 0.775004 0.237500 0.216668 0.760571
2.000000 0.775008 0.524996 0.150000 0.216668 0.587125
2.000000 0.850000 0.775004 0.250000 0.216668 0.760672
2.000000 0.775008 0.533336 0.150000 0.200000 0.589876
2.000000 0.850000 0.783332 0.250000 0.233332 0.747228
2.000000 0.775008 0.533336 0.150000 0.200000 0.571438
2.000000 0.837504 0.791672 0.250000 0.216668 0.770680
2.000000 0.762496 0.533336 0.150000 0.200000 0.601950
2.000000 0.837504 0.800000 0.250000 0.233332 0.758836
2.000000 0.762496 0.533336 0.150000 0.200000 0.626286
2.000000 0.837504 0.800000 0.250000 0.233332 0.753112
2.000000 0.887504 0.466664 0.150000 0.133332 0.429447
2.000000 0.756256 0.550004 0.162500 0.200000 0.590263
2.000000 0.831248 0.808328 0.237500 0.250000 0.759669
2.000000 0.887504 0.466664 0.150000 0.133332 0.437281
2.000000 0.756256 0.541664 0.162500 0.216668 0.579913
2.000000 0.831248 0.816668 0.237500 0.233332 0.776079
2.000000 0.887504 0.466664 0.150000 0.133332 0.448355
2.000000 0.743744 0.541664 0.162500 0.216668 0.606494
2.000000 0.831248 0.816668 0.237500 0.233332 0.753571
2.000000 0.943744 0.391664 0.137500 0.150000 0.472487
2.000000 0.556256 0.691664 0.187500 0.250000 0.517244
2.000000 0.243744 0.958328 0.237500 0.283332 0.531851
2.000000 0.887504 0.466664 0.150000 0.133332 0.430151
2.000000 0.743744 0.541664 0.162500 0.216668 0.613314
2.000000 0.824992 0.824996 0.250000 0.250000 0.742411
2.000000 0.887504 0.466664 0.150000 0.133332 0.415730
2.000000 0.743744 0.541664 0.162500 0.216668 0.604147
2.000000 0.824992 0.833336 0.250000 0.233332 0.741441
2.000000 0.887504 0.466664 0.150000 0.133332 0.437087
2.000000 0.737504 0.541664 0.150000 0.216668 0.573843
2.000000 0.818752 0.833336 0.237500 0.233332 0.748550
2.000000 0.881248 0.475004 0.162500 0.150000 0.442113
2.000000 0.731248 0.541664 0.162500 0.216668 0.560538
2.000000 0.818752 0.841664 0.237500 0.250000 0.744824
2.000000 0.875008 0.475004 0.150000 0.150000 0.437638
2.000000 0.731248 0.541664 0.162500 0.216668 0.560852
2.000000 0.806256 0.858332 0.237500 0.250000 0.734916
2.000000 0.875008 0.483332 0.175000 0.166668 0.424548
2.000000 0.724992 0.550004 0.175000 0.233332 0.563296
2.000000 0.806256 0.866672 0.237500 0.233332 0.729692
2.000000 0.875008 0.458336 0.175000 0.150000 0.355996
2.000000 0.862496 0.508328 0.150000 0.150000 0.405638
2.000000 0.718752 0.558332 0.162500 0.216668 0.500290
2.000000 0.800000 0.875000 0.250000 0.250000 0.734593
2.000000 0.862496 0.508328 0.150000 0.150000 0.429259
2.000000 0.718752 0.558332 0.162500 0.216668 0.513882
2.000000 0.793744 0.875000 0.262500 0.250000 0.734757
2.000000 0.875008 0.458336 0.175000 0.150000 0.334088
2.000000 0.862496 0.508328 0.150000 0.150000 0.426172
2.000000 0.712496 0.558332 0.175000 0.216668 0.502241
2.000000 0.781248 0.891668 0.237500 0.250000 0.741228
2.000000 0.862496 0.508328 0.150000 0.150000 0.429637
2.000000 0.706256 0.575000 0.162500 0.216668 0.497117
2.000000 0.768752 0.891668 0.237500 0.250000 0.766262
2.000000 0.312496 0.558332 0.150000 0.150000 0.324802
2.000000 0.937504 0.391664 0.125000 0.150000 0.523566
2.000000 0.550000 0.708332 0.200000 0.250000 0.549511
2.000000 0.237504 0.925004 0.225000 0.216668 0.660737
2.000000 0.856256 0.508328 0.162500 0.150000 0.476934
2.000000 0.706256 0.575000 0.162500 0.216668 0.500321
2.000000 0.762496 0.899996 0.250000 0.266668 0.772357
2.000000 0.862496 0.508328 0.150000 0.150000 0.516935
2.000000 0.706256 0.575000 0.162500 0.216668 0.593915
2.000000 0.756256 0.899996 0.262500 0.266668 0.800189
2.000000 0.856256 0.500000 0.162500 0.133332 0.545800
2.000000 0.700000 0.575000 0.175000 0.216668 0.588564
2.000000 0.750000 0.899996 0.250000 0.266668 0.782482
2.000000 0.856256 0.500000 0.162500 0.133332 0.566151
2.000000 0.693744 0.583328 0.187500 0.233332 0.576327
2.000000 0.737504 0.908336 0.250000 0.250000 0.773388
2.000000 0.856256 0.500000 0.162500 0.133332 0.538233
2.000000 0.693744 0.583328 0.187500 0.233332 0.539390
2.000000 0.737504 0.933332 0.250000 0.233332 0.798889
2.000000 0.850000 0.500000 0.150000 0.133332 0.491229
2.000000 0.693744 0.583328 0.187500 0.233332 0.503227
2.000000 0.737504 0.941672 0.250000 0.250000 0.800984
2.000000 0.850000 0.516668 0.150000 0.133332 0.431180
2.000000 0.681248 0.583328 0.187500 0.233332 0.522411
2.000000 0.724992 0.950000 0.250000 0.233332 0.790337
2.000000 0.856256 0.533336 0.162500 0.133332 0.348302
2.000000 0.681248 0.583328 0.187500 0.233332 0.559533
2.000000 0.718752 0.958328 0.262500 0.250000 0.823425
2.000000 0.850000 0.533336 0.150000 0.133332 0.356265
2.000000 0.681248 0.591668 0.187500 0.250000 0.578762
2.000000 0.718752 0.958328 0.262500 0.250000 0.836646
2.000000 0.843744 0.533336 0.162500 0.133332 0.369596
2.000000 0.668752 0.591668 0.187500 0.250000 0.557655
2.000000 0.706256 0.983336 0.262500 0.266668 0.833311
