2.000000 0.262496 0.091672 0.300000 0.383332 0.772226
2.000000 0.162496 0.191668 0.350000 0.416668 0.772466
2.000000 0.693744 0.000004 0.262500 0.266668 0.827664
2.000000 0.687504 0.000004 0.275000 0.266668 0.829486
2.000000 0.681248 0.008332 0.262500 0.283332 0.841700
2.000000 0.675008 0.016672 0.275000 0.266668 0.842210
2.000000 0.656256 0.025000 0.262500 0.283332 0.842565
2.000000 0.650000 0.033328 0.275000 0.266668 0.845613
2.000000 0.643744 0.041668 0.262500 0.283332 0.840996
2.000000 0.637504 0.049996 0.275000 0.266668 0.828782
2.000000 0.631248 0.066664 0.287500 0.266668 0.823841
2.000000 0.150000 0.208336 0.325000 0.416668 0.651559
2.000000 0.624992 0.075004 0.275000 0.283332 0.843959
2.000000 0.618752 0.091672 0.287500 0.283332 0.849655
2.000000 0.612496 0.108328 0.300000 0.283332 0.856034
2.000000 0.600000 0.124996 0.300000 0.283332 0.868580
2.000000 0.593744 0.124996 0.287500 0.283332 0.859403
2.000000 0.587504 0.141664 0.300000 0.283332 0.847528
2.000000 0.574992 0.150004 0.325000 0.300000 0.847780
2.000000 0.568752 0.150004 0.312500 0.300000 0.849644
2.000000 0.562496 0.175000 0.325000 0.283332 0.840128
2.000000 0.543744 0.183328 0.312500 0.300000 0.838795
2.000000 0.131248 0.216664 0.337500 0.433332 0.665181
2.000000 0.531248 0.199996 0.312500 0.300000 0.826340
2.000000 0.525008 0.216664 0.325000 0.300000 0.838870
2.000000 0.525008 0.233332 0.325000 0.300000 0.860763
2.000000 0.512496 0.241672 0.325000 0.316668 0.853529
2.000000 0.500000 0.258328 0.325000 0.316668 0.863621
2.000000 0.487504 0.274996 0.325000 0.316668 0.867480
2.000000 0.474992 0.291664 0.325000 0.316668 0.871868
2.000000 0.468752 0.300004 0.337500 0.300000 0.857556
2.000000 0.462496 0.316672 0.350000 0.333332 0.858742
2.000000 0.443744 0.333328 0.337500 0.333332 0.861837
2.000000 0.206256 0.000004 0.262500 0.300000 0.690667
2.000000 0.124992 0.241672 0.350000 0.416668 0.831405
2.000000 0.425008 0.349996 0.350000 0.333332 0.855857
2.000000 0.412496 0.366664 0.350000 0.333332 0.867614
2.000000 0.400000 0.391672 0.350000 0.350000 0.873366
2.000000 0.393744 0.408328 0.362500 0.350000 0.868546
2.000000 0.387504 0.408328 0.350000 0.350000 0.877484
2.000000 0.368752 0.433336 0.362500 0.366668 0.870181
2.000000 0.362496 0.450004 0.350000 0.366668 0.874106
2.000000 0.350000 0.466672 0.375000 0.366668 0.862700
2.000000 0.337504 0.483328 0.375000 0.366668 0.878595
2.000000 0.318752 0.508336 0.387500 0.383332 0.889161
2.000000 0.193744 0.000004 0.262500 0.300000 0.672528
2.000000 0.112496 0.250000 0.350000 0.433332 0.813729
2.000000 0.306256 0.525004 0.387500 0.383332 0.879281
2.000000 0.293744 0.550000 0.387500 0.400000 0.874642
2.000000 0.275008 0.566668 0.400000 0.400000 0.866648
2.000000 0.262496 0.591664 0.400000 0.416668 0.859714
2.000000 0.250000 0.608332 0.400000 0.416668 0.867690
2.000000 0.224992 0.625000 0.400000 0.416668 0.850830
2.000000 0.218752 0.649996 0.412500 0.400000 0.877719
2.000000 0.206256 0.675004 0.412500 0.416668 0.878132
2.000000 0.181248 0.700000 0.412500 0.433332 0.867373
2.000000 0.162496 0.724996 0.425000 0.416668 0.869747
2.000000 0.181248 0.016672 0.262500 0.300000 0.713127
2.000000 0.093744 0.274996 0.362500 0.450000 0.783487
2.000000 0.143744 0.750004 0.437500 0.433332 0.882727
2.000000 0.124992 0.775000 0.450000 0.450000 0.908277
2.000000 0.106256 0.808336 0.437500 0.450000 0.904195
2.000000 0.087504 0.825004 0.450000 0.450000 0.888209
2.000000 0.062496 0.858328 0.450000 0.450000 0.881527
2.000000 0.056256 0.891664 0.462500 0.483332 0.882241
2.000000 0.031248 0.916672 0.462500 0.466668 0.895636
2.000000 0.000000 0.958336 0.475000 0.483332 0.888389
2.000000 0.168752 0.025000 0.262500 0.316668 0.741501
2.000000 0.074992 0.283336 0.350000 0.433332 0.801132
2.000000 0.162496 0.033328 0.275000 0.300000 0.757064
2.000000 0.062496 0.291664 0.350000 0.450000 0.784709
2.000000 0.187504 0.000004 0.275000 0.333332 0.382436
2.000000 0.187504 0.008332 0.275000 0.350000 0.354544
2.000000 0.181248 0.000004 0.287500 0.366668 0.469528
2.000000 0.162496 0.033328 0.275000 0.333332 0.647539
2.000000 0.156256 0.041668 0.287500 0.350000 0.682654
2.000000 0.050000 0.308332 0.350000 0.450000 0.752579
2.000000 0.156256 0.041668 0.262500 0.316668 0.765433
2.000000 0.143744 0.049996 0.287500 0.333332 0.744950
2.000000 0.131248 0.058336 0.287500 0.350000 0.730125
2.000000 0.118752 0.066664 0.287500 0.366668 0.704717
2.000000 0.112496 0.075004 0.300000 0.350000 0.650598
2.000000 0.100000 0.083332 0.300000 0.366668 0.726064
2.000000 0.087504 0.083332 0.300000 0.366668 0.761565
2.000000 0.081248 0.091672 0.312500 0.383332 0.769339
2.000000 0.068752 0.108328 0.312500 0.383332 0.768056
2.000000 0.056256 0.116668 0.312500 0.400000 0.598174
2.000000 0.050000 0.124996 0.300000 0.383332 0.618567
2.000000 0.143744 0.058336 0.262500 0.316668 0.785016
2.000000 0.031248 0.333328 0.362500 0.466668 0.818865
2.000000 0.037504 0.133336 0.300000 0.400000 0.624456
2.000000 0.031248 0.150004 0.312500 0.400000 0.563946
2.000000 0.012496 0.150004 0.325000 0.366668 0.593600
2.000000 0.000000 0.158332 0.325000 0.383332 0.493870
2.000000 0.256256 0.083332 0.287500 0.433332 0.754030
2.000000 0.131248 0.058336 0.262500 0.316668 0.765402
2.000000 0.006256 0.341668 0.362500 0.450000 0.793790
2.000000 0.262496 0.000004 0.225000 0.266668 0.786089
2.000000 0.000000 0.366664 0.375000 0.466668 0.722856
2.000000 0.124992 0.058336 0.275000 0.316668 0.758982
2.000000 0.256256 0.008332 0.237500 0.250000 0.769940
2.000000 0.256256 0.016672 0.237500 0.266668 0.757569
2.000000 0.243744 0.025000 0.237500 0.283332 0.784827
2.000000 0.243744 0.033328 0.237500 0.266668 0.811308
2.000000 0.237504 0.049996 0.250000 0.266668 0.813315
2.000000 0.224992 0.049996 0.250000 0.266668 0.827408
2.000000 0.212496 0.058336 0.250000 0.283332 0.810042
2.000000 0.200000 0.058336 0.250000 0.283332 0.799187
2.000000 0.187504 0.066664 0.250000 0.300000 0.748100
2.000000 0.175008 0.083332 0.250000 0.266668 0.811511
2.000000 0.106256 0.075004 0.287500 0.316668 0.749063
2.000000 0.668752 0.000004 0.262500 0.366668 0.636295
2.000000 0.175008 0.083332 0.250000 0.300000 0.814402
2.000000 0.650000 0.000004 0.275000 0.366668 0.644549
2.000000 0.156256 0.091672 0.262500 0.283332 0.795701
2.000000 0.650000 0.008332 0.275000 0.383332 0.572178
2.000000 0.143744 0.108328 0.262500 0.283332 0.802051
2.000000 0.650000 0.025000 0.275000 0.383332 0.614608
2.000000 0.143744 0.116668 0.262500 0.266668 0.798004
2.000000 0.637504 0.033328 0.275000 0.400000 0.572513
2.000000 0.131248 0.124996 0.262500 0.283332 0.826684
2.000000 0.631248 0.049996 0.287500 0.400000 0.639478
2.000000 0.124992 0.141664 0.275000 0.283332 0.833895
2.000000 0.618752 0.066664 0.287500 0.400000 0.476117
2.000000 0.112496 0.150004 0.275000 0.300000 0.820495
2.000000 0.612496 0.066664 0.300000 0.400000 0.607703
2.000000 0.100000 0.166672 0.275000 0.300000 0.827413
2.000000 0.612496 0.075004 0.300000 0.416668 0.495089
2.000000 0.093744 0.166672 0.287500 0.300000 0.799961
2.000000 0.600000 0.091672 0.300000 0.416668 0.568608
2.000000 0.074992 0.175000 0.275000 0.316668 0.794570
2.000000 0.093744 0.083332 0.287500 0.333332 0.756217
2.000000 0.587504 0.100000 0.300000 0.400000 0.657050
2.000000 0.068752 0.183328 0.262500 0.300000 0.798779
2.000000 0.581248 0.100000 0.312500 0.400000 0.691364
2.000000 0.062496 0.191668 0.275000 0.316668 0.769661
2.000000 0.574992 0.124996 0.300000 0.416668 0.652718
2.000000 0.056256 0.199996 0.262500 0.300000 0.763132
2.000000 0.562496 0.133336 0.300000 0.433332 0.562711
2.000000 0.262496 0.000004 0.250000 0.233332 0.731093
2.000000 0.037504 0.208336 0.300000 0.316668 0.800640
2.000000 0.556256 0.150004 0.312500 0.433332 0.540522
2.000000 0.256256 0.008332 0.237500 0.250000 0.700388
2.000000 0.018752 0.225004 0.287500 0.316668 0.798583
2.000000 0.537504 0.166672 0.325000 0.433332 0.688256
2.000000 0.250000 0.016672 0.250000 0.266668 0.701113
2.000000 0.006256 0.233332 0.287500 0.333332 0.802634
2.000000 0.243744 0.025000 0.237500 0.250000 0.754721
2.000000 0.531248 0.183328 0.337500 0.433332 0.770064
2.000000 0.231248 0.033328 0.237500 0.266668 0.780479
2.000000 0.525008 0.199996 0.325000 0.433332 0.792156
2.000000 0.224992 0.033328 0.250000 0.266668 0.767824
2.000000 0.512496 0.208336 0.325000 0.450000 0.786475
2.000000 0.212496 0.049996 0.250000 0.266668 0.730087
2.000000 0.506256 0.225004 0.337500 0.416668 0.806814
2.000000 0.081248 0.091672 0.287500 0.350000 0.783785
2.000000 0.200000 0.049996 0.225000 0.266668 0.672566
2.000000 0.506256 0.241672 0.337500 0.450000 0.774096
2.000000 0.187504 0.058336 0.225000 0.250000 0.667448
2.000000 0.487504 0.258328 0.325000 0.450000 0.788697
2.000000 0.181248 0.075004 0.237500 0.250000 0.695615
2.000000 0.481248 0.274996 0.337500 0.450000 0.791624
2.000000 0.468752 0.291664 0.337500 0.450000 0.657721
2.000000 0.175008 0.066664 0.225000 0.266668 0.688517
2.000000 0.462496 0.300004 0.350000 0.466668 0.609954
2.000000 0.162496 0.083332 0.225000 0.266668 0.722959
2.000000 0.443744 0.316672 0.362500 0.466668 0.555499
2.000000 0.143744 0.091672 0.237500 0.283332 0.730623
2.000000 0.431248 0.333328 0.362500 0.466668 0.729866
2.000000 0.131248 0.100000 0.237500 0.266668 0.767393
2.000000 0.418752 0.341668 0.362500 0.483332 0.768513
2.000000 0.131248 0.116668 0.237500 0.266668 0.794842
2.000000 0.406256 0.366664 0.362500 0.466668 0.687699
2.000000 0.118752 0.124996 0.237500 0.283332 0.758540
2.000000 0.393744 0.391672 0.362500 0.516668 0.622998
2.000000 0.106256 0.141664 0.237500 0.283332 0.757642
2.000000 0.068752 0.108328 0.287500 0.350000 0.823779
2.000000 0.381248 0.416668 0.362500 0.500000 0.717152
2.000000 0.100000 0.141664 0.250000 0.283332 0.745679
2.000000 0.093744 0.141664 0.262500 0.283332 0.762985
2.000000 0.368752 0.424996 0.362500 0.516668 0.827058
2.000000 0.074992 0.150004 0.250000 0.300000 0.772912
2.000000 0.362496 0.441664 0.375000 0.516668 0.838020
2.000000 0.068752 0.158332 0.262500 0.283332 0.787559
2.000000 0.343744 0.450004 0.387500 0.533332 0.861357
2.000000 0.056256 0.166672 0.262500 0.300000 0.802859
2.000000 0.331248 0.483328 0.387500 0.533332 0.846485
2.000000 0.043744 0.183328 0.262500 0.300000 0.793834
2.000000 0.318752 0.508336 0.412500 0.550000 0.839631
2.000000 0.037504 0.191668 0.275000 0.316668 0.800890
2.000000 0.306256 0.525004 0.412500 0.550000 0.867440
2.000000 0.031248 0.199996 0.287500 0.300000 0.779731
2.000000 0.287504 0.550000 0.425000 0.566668 0.848730
2.000000 0.006256 0.216664 0.287500 0.300000 0.770082
2.000000 0.275008 0.558328 0.425000 0.550000 0.826862
2.000000 0.000000 0.225004 0.300000 0.316668 0.790750
2.000000 0.262496 0.583336 0.425000 0.566668 0.870096
2.000000 0.062496 0.124996 0.300000 0.350000 0.822253
2.000000 0.250000 0.608332 0.425000 0.583332 0.747834
2.000000 0.231248 0.641668 0.437500 0.583332 0.802841
2.000000 0.218752 0.658336 0.437500 0.583332 0.809689
2.000000 0.200000 0.675004 0.450000 0.583332 0.832875
2.000000 0.181248 0.708328 0.462500 0.616668 0.798043
2.000000 0.168752 0.724996 0.462500 0.650000 0.819987
2.000000 0.150000 0.758332 0.475000 0.650000 0.861821
2.000000 0.131248 0.791668 0.487500 0.650000 0.843751
2.000000 0.112496 0.816664 0.500000 0.666668 0.864855
2.000000 0.093744 0.841672 0.487500 0.650000 0.774867
2.000000 0.043744 0.124996 0.287500 0.350000 0.813181
2.000000 0.074992 0.874996 0.500000 0.683332 0.820786
2.000000 0.062496 0.900004 0.500000 0.700000 0.798621
2.000000 0.243744 0.000004 0.287500 0.266668 0.693411
2.000000 0.037504 0.933328 0.525000 0.733332 0.772580
2.000000 0.231248 0.008332 0.287500 0.283332 0.593016
2.000000 0.025008 0.975004 0.525000 0.716668 0.699869
2.000000 0.224992 0.025000 0.275000 0.283332 0.453812
2.000000 0.224992 0.033328 0.300000 0.300000 0.452135
2.000000 0.200000 0.041668 0.275000 0.283332 0.623088
2.000000 0.187504 0.049996 0.275000 0.300000 0.625254
2.000000 0.168752 0.058336 0.262500 0.283332 0.705260
2.000000 0.156256 0.075004 0.262500 0.283332 0.746070
2.000000 0.037504 0.150004 0.300000 0.366668 0.813989
2.000000 0.150000 0.083332 0.275000 0.300000 0.732583
2.000000 0.143744 0.083332 0.262500 0.300000 0.743747
2.000000 0.137504 0.091672 0.275000 0.316668 0.716416
2.000000 0.124992 0.100000 0.275000 0.300000 0.705121
2.000000 0.118752 0.108328 0.287500 0.316668 0.558307
2.000000 0.112496 0.116668 0.275000 0.300000 0.509682
2.000000 0.100000 0.141664 0.275000 0.283332 0.635484
2.000000 0.087504 0.141664 0.275000 0.283332 0.650972
2.000000 0.074992 0.150004 0.275000 0.300000 0.559792
2.000000 0.656256 0.008332 0.262500 0.350000 0.610063
2.000000 0.068752 0.166672 0.287500 0.300000 0.492943
2.000000 0.650000 0.008332 0.275000 0.350000 0.604437
2.000000 0.025008 0.150004 0.300000 0.366668 0.777387
2.000000 0.050000 0.166672 0.275000 0.300000 0.525445
2.000000 0.643744 0.016672 0.287500 0.366668 0.559001
2.000000 0.637504 0.025000 0.300000 0.383332 0.486976
2.000000 0.050000 0.183328 0.275000 0.300000 0.490470
2.000000 0.637504 0.033328 0.300000 0.366668 0.444716
2.000000 0.043744 0.191668 0.287500 0.316668 0.599726
2.000000 0.025008 0.191668 0.300000 0.316668 0.556507
2.000000 0.624992 0.049996 0.300000 0.366668 0.563476
2.000000 0.012496 0.208336 0.300000 0.316668 0.489693
2.000000 0.618752 0.058336 0.287500 0.383332 0.637038
2.000000 0.612496 0.066664 0.300000 0.366668 0.620959
2.000000 0.606256 0.075004 0.312500 0.383332 0.649516
2.000000 0.600000 0.091672 0.300000 0.383332 0.666641
2.000000 0.593744 0.091672 0.312500 0.383332 0.687302
2.000000 0.581248 0.108328 0.287500 0.383332 0.572678
2.000000 0.250000 0.116668 0.300000 0.433332 0.786450
2.000000 0.012496 0.166672 0.300000 0.366668 0.773840
2.000000 0.568752 0.124996 0.287500 0.383332 0.577836
2.000000 0.243744 0.100000 0.312500 0.433332 0.706394
2.000000 0.231248 0.124996 0.312500 0.416668 0.729495
2.000000 0.187504 0.000004 0.275000 0.333332 0.782439
2.000000 0.181248 0.008332 0.287500 0.350000 0.762055
2.000000 0.218752 0.100000 0.337500 0.500000 0.589889
2.000000 0.168752 0.016672 0.287500 0.333332 0.781668
2.000000 0.162496 0.025000 0.275000 0.350000 0.810651
2.000000 0.156256 0.041668 0.287500 0.350000 0.812904
2.000000 0.143744 0.049996 0.287500 0.366668 0.831110
2.000000 0.137504 0.049996 0.300000 0.366668 0.768977
2.000000 0.124992 0.058336 0.300000 0.383332 0.751625
2.000000 0.112496 0.075004 0.300000 0.383332 0.727575
2.000000 0.100000 0.075004 0.300000 0.383332 0.766974
2.000000 0.087504 0.091672 0.300000 0.383332 0.742766
2.000000 0.087504 0.091672 0.300000 0.383332 0.808538
2.000000 0.206256 0.158332 0.337500 0.416668 0.609306
2.000000 0.074992 0.108328 0.300000 0.383332 0.841130
2.000000 0.062496 0.116668 0.300000 0.400000 0.843307
2.000000 0.056256 0.133336 0.312500 0.400000 0.843485
2.000000 0.043744 0.133336 0.312500 0.400000 0.773569
2.000000 0.031248 0.150004 0.312500 0.400000 0.749771
2.000000 0.018752 0.150004 0.312500 0.400000 0.719650
2.000000 0.000000 0.166672 0.325000 0.400000 0.612109
2.000000 0.193744 0.175000 0.337500 0.416668 0.688439
2.000000 0.175008 0.191668 0.350000 0.416668 0.811614
