2.000000 0.524992 0.183344 0.600000 0.766664 0.772226
2.000000 0.324992 0.383336 0.700000 0.833336 0.772466
2.000000 0.300000 0.416672 0.650000 0.833336 0.651559
2.000000 0.262496 0.433328 0.675000 0.866664 0.665181
2.000000 0.975008 0.549992 0.650000 0.633336 0.867480
2.000000 0.949984 0.583328 0.650000 0.633336 0.871868
2.000000 0.937504 0.600008 0.675000 0.600000 0.857556
2.000000 0.924992 0.633344 0.700000 0.666664 0.858742
2.000000 0.887488 0.666656 0.675000 0.666664 0.861837
2.000000 0.412512 0.000008 0.525000 0.600000 0.690667
2.000000 0.249984 0.483344 0.700000 0.833336 0.831405
2.000000 0.850016 0.699992 0.700000 0.666664 0.855857
2.000000 0.824992 0.733328 0.700000 0.666664 0.867614
2.000000 0.800000 0.783344 0.700000 0.700000 0.873366
2.000000 0.787488 0.816656 0.725000 0.700000 0.868546
2.000000 0.775008 0.816656 0.700000 0.700000 0.877484
2.000000 0.737504 0.866672 0.725000 0.733336 0.870181
2.000000 0.724992 0.900008 0.700000 0.733336 0.874106
2.000000 0.700000 0.933344 0.750000 0.733336 0.862700
2.000000 0.675008 0.966656 0.750000 0.733336 0.878595
2.000000 0.387488 0.000008 0.525000 0.600000 0.672528
2.000000 0.224992 0.500000 0.700000 0.866664 0.813729
2.000000 0.362496 0.033344 0.525000 0.600000 0.713127
2.000000 0.187488 0.549992 0.725000 0.900000 0.783487
2.000000 0.337504 0.050000 0.525000 0.633336 0.741501
2.000000 0.149984 0.566672 0.700000 0.866664 0.801132
2.000000 0.324992 0.066656 0.550000 0.600000 0.757064
2.000000 0.124992 0.583328 0.700000 0.900000 0.784709
2.000000 0.375008 0.000008 0.550000 0.666664 0.382436
2.000000 0.375008 0.016664 0.550000 0.700000 0.354544
2.000000 0.362496 0.000008 0.575000 0.733336 0.469528
2.000000 0.324992 0.066656 0.550000 0.666664 0.647539
2.000000 0.312512 0.083336 0.575000 0.700000 0.682654
2.000000 0.100000 0.616664 0.700000 0.900000 0.752579
2.000000 0.312512 0.083336 0.525000 0.633336 0.765433
2.000000 0.287488 0.099992 0.575000 0.666664 0.744950
2.000000 0.262496 0.116672 0.575000 0.700000 0.730125
2.000000 0.237504 0.133328 0.575000 0.733336 0.704717
2.000000 0.224992 0.150008 0.600000 0.700000 0.650598
2.000000 0.200000 0.166664 0.600000 0.733336 0.726064
2.000000 0.175008 0.166664 0.600000 0.733336 0.761565
2.000000 0.162496 0.183344 0.625000 0.766664 0.769339
2.000000 0.137504 0.216656 0.625000 0.766664 0.768056
2.000000 0.112512 0.233336 0.625000 0.800000 0.598174
2.000000 0.100000 0.249992 0.600000 0.766664 0.618567
2.000000 0.287488 0.116672 0.525000 0.633336 0.785016
2.000000 0.062496 0.666656 0.725000 0.933336 0.818865
2.000000 0.075008 0.266672 0.600000 0.800000 0.624456
2.000000 0.062496 0.300008 0.625000 0.800000 0.563946
2.000000 0.024992 0.300008 0.650000 0.733336 0.593600
2.000000 0.000000 0.316664 0.650000 0.766664 0.493870
2.000000 0.512512 0.166664 0.575000 0.866664 0.754030
2.000000 0.262496 0.116672 0.525000 0.633336 0.765402
2.000000 0.012512 0.683336 0.725000 0.900000 0.793790
2.000000 0.524992 0.000008 0.450000 0.533336 0.786089
2.000000 0.000000 0.733328 0.750000 0.933336 0.722856
2.000000 0.249984 0.116672 0.550000 0.633336 0.758982
2.000000 0.512512 0.016664 0.475000 0.500000 0.769940
2.000000 0.512512 0.033344 0.475000 0.533336 0.757569
2.000000 0.487488 0.050000 0.475000 0.566664 0.784827
2.000000 0.487488 0.066656 0.475000 0.533336 0.811308
2.000000 0.475008 0.099992 0.500000 0.533336 0.813315
2.000000 0.449984 0.099992 0.500000 0.533336 0.827408
2.000000 0.424992 0.116672 0.500000 0.566664 0.810042
2.000000 0.400000 0.116672 0.500000 0.566664 0.799187
2.000000 0.375008 0.133328 0.500000 0.600000 0.748100
2.000000 0.350016 0.166664 0.500000 0.533336 0.811511
2.000000 0.212512 0.150008 0.575000 0.633336 0.749063
2.000000 0.350016 0.166664 0.500000 0.600000 0.814402
2.000000 0.312512 0.183344 0.525000 0.566664 0.795701
2.000000 0.287488 0.216656 0.525000 0.566664 0.802051
2.000000 0.287488 0.233336 0.525000 0.533336 0.798004
2.000000 0.262496 0.249992 0.525000 0.566664 0.826684
2.000000 0.249984 0.283328 0.550000 0.566664 0.833895
2.000000 0.224992 0.300008 0.550000 0.600000 0.820495
2.000000 0.200000 0.333344 0.550000 0.600000 0.827413
2.000000 0.187488 0.333344 0.575000 0.600000 0.799961
2.000000 0.149984 0.350000 0.550000 0.633336 0.794570
2.000000 0.187488 0.166664 0.575000 0.666664 0.756217
2.000000 0.137504 0.366656 0.525000 0.600000 0.798779
2.000000 0.124992 0.383336 0.550000 0.633336 0.769661
2.000000 0.112512 0.399992 0.525000 0.600000 0.763132
2.000000 0.524992 0.000008 0.500000 0.466664 0.731093
2.000000 0.075008 0.416672 0.600000 0.633336 0.800640
2.000000 0.512512 0.016664 0.475000 0.500000 0.700388
2.000000 0.037504 0.450008 0.575000 0.633336 0.798583
2.000000 0.500000 0.033344 0.500000 0.533336 0.701113
2.000000 0.012512 0.466664 0.575000 0.666664 0.802634
2.000000 0.487488 0.050000 0.475000 0.500000 0.754721
2.000000 0.462496 0.066656 0.475000 0.533336 0.780479
2.000000 0.449984 0.066656 0.500000 0.533336 0.767824
2.000000 0.424992 0.099992 0.500000 0.533336 0.730087
2.000000 0.162496 0.183344 0.575000 0.700000 0.783785
2.000000 0.400000 0.099992 0.450000 0.533336 0.672566
2.000000 0.375008 0.116672 0.450000 0.500000 0.667448
2.000000 0.975008 0.516656 0.650000 0.900000 0.788697
2.000000 0.362496 0.150008 0.475000 0.500000 0.695615
2.000000 0.962496 0.549992 0.675000 0.900000 0.791624
2.000000 0.937504 0.583328 0.675000 0.900000 0.657721
2.000000 0.350016 0.133328 0.450000 0.533336 0.688517
2.000000 0.924992 0.600008 0.700000 0.933336 0.609954
2.000000 0.324992 0.166664 0.450000 0.533336 0.722959
2.000000 0.887488 0.633344 0.725000 0.933336 0.555499
2.000000 0.287488 0.183344 0.475000 0.566664 0.730623
2.000000 0.862496 0.666656 0.725000 0.933336 0.729866
2.000000 0.262496 0.200000 0.475000 0.533336 0.767393
2.000000 0.837504 0.683336 0.725000 0.966664 0.768513
2.000000 0.262496 0.233336 0.475000 0.533336 0.794842
2.000000 0.812512 0.733328 0.725000 0.933336 0.687699
2.000000 0.237504 0.249992 0.475000 0.566664 0.758540
2.000000 0.787488 0.783344 0.725000 1.033336 0.622998
2.000000 0.212512 0.283328 0.475000 0.566664 0.757642
2.000000 0.137504 0.216656 0.575000 0.700000 0.823779
2.000000 0.762496 0.833336 0.725000 1.000000 0.717152
2.000000 0.200000 0.283328 0.500000 0.566664 0.745679
2.000000 0.187488 0.283328 0.525000 0.566664 0.762985
2.000000 0.737504 0.849992 0.725000 1.033336 0.827058
2.000000 0.149984 0.300008 0.500000 0.600000 0.772912
2.000000 0.724992 0.883328 0.750000 1.033336 0.838020
2.000000 0.137504 0.316664 0.525000 0.566664 0.787559
2.000000 0.687488 0.900008 0.775000 1.066664 0.861357
2.000000 0.112512 0.333344 0.525000 0.600000 0.802859
2.000000 0.662496 0.966656 0.775000 1.066664 0.846485
2.000000 0.087488 0.366656 0.525000 0.600000 0.793834
2.000000 0.075008 0.383336 0.550000 0.633336 0.800890
2.000000 0.062496 0.399992 0.575000 0.600000 0.779731
2.000000 0.012512 0.433328 0.575000 0.600000 0.770082
2.000000 0.000000 0.450008 0.600000 0.633336 0.790750
2.000000 0.124992 0.249992 0.600000 0.700000 0.822253
2.000000 0.087488 0.249992 0.575000 0.700000 0.813181
2.000000 0.487488 0.000008 0.575000 0.533336 0.693411
2.000000 0.462496 0.016664 0.575000 0.566664 0.593016
2.000000 0.449984 0.050000 0.550000 0.566664 0.453812
2.000000 0.449984 0.066656 0.600000 0.600000 0.452135
2.000000 0.400000 0.083336 0.550000 0.566664 0.623088
2.000000 0.375008 0.099992 0.550000 0.600000 0.625254
2.000000 0.337504 0.116672 0.525000 0.566664 0.705260
2.000000 0.312512 0.150008 0.525000 0.566664 0.746070
2.000000 0.075008 0.300008 0.600000 0.733336 0.813989
2.000000 0.300000 0.166664 0.550000 0.600000 0.732583
2.000000 0.287488 0.166664 0.525000 0.600000 0.743747
2.000000 0.275008 0.183344 0.550000 0.633336 0.716416
2.000000 0.249984 0.200000 0.550000 0.600000 0.705121
2.000000 0.237504 0.216656 0.575000 0.633336 0.558307
2.000000 0.224992 0.233336 0.550000 0.600000 0.509682
2.000000 0.200000 0.283328 0.550000 0.566664 0.635484
2.000000 0.175008 0.283328 0.550000 0.566664 0.650972
2.000000 0.149984 0.300008 0.550000 0.600000 0.559792
2.000000 0.137504 0.333344 0.575000 0.600000 0.492943
2.000000 0.050016 0.300008 0.600000 0.733336 0.777387
2.000000 0.100000 0.333344 0.550000 0.600000 0.525445
2.000000 0.100000 0.366656 0.550000 0.600000 0.490470
2.000000 0.087488 0.383336 0.575000 0.633336 0.599726
2.000000 0.050016 0.383336 0.600000 0.633336 0.556507
2.000000 0.024992 0.416672 0.600000 0.633336 0.489693
2.000000 0.500000 0.233336 0.600000 0.866664 0.786450
2.000000 0.024992 0.333344 0.600000 0.733336 0.773840
2.000000 0.487488 0.200000 0.625000 0.866664 0.706394
2.000000 0.462496 0.249992 0.625000 0.833336 0.729495
2.000000 0.375008 0.000008 0.550000 0.666664 0.782439
2.000000 0.362496 0.016664 0.575000 0.700000 0.762055
2.000000 0.437504 0.200000 0.675000 1.000000 0.589889
2.000000 0.337504 0.033344 0.575000 0.666664 0.781668
2.000000 0.324992 0.050000 0.550000 0.700000 0.810651
2.000000 0.312512 0.083336 0.575000 0.700000 0.812904
2.000000 0.287488 0.099992 0.575000 0.733336 0.831110
2.000000 0.275008 0.099992 0.600000 0.733336 0.768977
2.000000 0.249984 0.116672 0.600000 0.766664 0.751625
2.000000 0.224992 0.150008 0.600000 0.766664 0.727575
2.000000 0.200000 0.150008 0.600000 0.766664 0.766974
2.000000 0.175008 0.183344 0.600000 0.766664 0.742766
2.000000 0.175008 0.183344 0.600000 0.766664 0.808538
2.000000 0.412512 0.316664 0.675000 0.833336 0.609306
2.000000 0.149984 0.216656 0.600000 0.766664 0.841130
2.000000 0.124992 0.233336 0.600000 0.800000 0.843307
2.000000 0.112512 0.266672 0.625000 0.800000 0.843485
2.000000 0.087488 0.266672 0.625000 0.800000 0.773569
2.000000 0.062496 0.300008 0.625000 0.800000 0.749771
2.000000 0.037504 0.300008 0.625000 0.800000 0.719650
2.000000 0.000000 0.333344 0.650000 0.800000 0.612109
2.000000 0.387488 0.350000 0.675000 0.833336 0.688439
2.000000 0.350016 0.383336 0.700000 0.833336 0.811614
