2.000000 0.637504 0.016672 0.775000 0.766664 0.889161
2.000000 0.612512 0.050008 0.775000 0.766664 0.879281
2.000000 0.587488 0.100000 0.775000 0.800000 0.874642
2.000000 0.550016 0.133336 0.800000 0.800000 0.866648
2.000000 0.524992 0.183328 0.800000 0.833336 0.859714
2.000000 0.500000 0.216664 0.800000 0.833336 0.867690
2.000000 0.449984 0.250000 0.800000 0.833336 0.850830
2.000000 0.437504 0.299992 0.825000 0.800000 0.877719
2.000000 0.412512 0.350008 0.825000 0.833336 0.878132
2.000000 0.362496 0.400000 0.825000 0.866664 0.867373
2.000000 0.324992 0.449992 0.850000 0.833336 0.869747
2.000000 0.287488 0.500008 0.875000 0.866664 0.882727
2.000000 0.249984 0.550000 0.900000 0.900000 0.908277
2.000000 0.212512 0.616672 0.875000 0.900000 0.904195
2.000000 0.175008 0.650008 0.900000 0.900000 0.888209
2.000000 0.124992 0.716656 0.900000 0.900000 0.881527
2.000000 0.112512 0.783328 0.925000 0.966664 0.882241
2.000000 0.062496 0.833344 0.925000 0.933336 0.895636
2.000000 0.000000 0.916672 0.950000 0.966664 0.888389
2.000000 0.637504 0.016672 0.825000 1.100000 0.839631
2.000000 0.612512 0.050008 0.825000 1.100000 0.867440
2.000000 0.575008 0.100000 0.850000 1.133336 0.848730
2.000000 0.550016 0.116656 0.850000 1.100000 0.826862
2.000000 0.524992 0.166672 0.850000 1.133336 0.870096
2.000000 0.500000 0.216664 0.850000 1.166664 0.747834
2.000000 0.462496 0.283336 0.875000 1.166664 0.802841
2.000000 0.437504 0.316672 0.875000 1.166664 0.809689
2.000000 0.400000 0.350008 0.900000 1.166664 0.832875
2.000000 0.362496 0.416656 0.925000 1.233336 0.798043
2.000000 0.337504 0.449992 0.925000 1.300000 0.819987
2.000000 0.300000 0.516664 0.950000 1.300000 0.861821
2.000000 0.262496 0.583336 0.975000 1.300000 0.843751
2.000000 0.224992 0.633328 1.000000 1.333336 0.864855
2.000000 0.187488 0.683344 0.975000 1.300000 0.774867
2.000000 0.149984 0.749992 1.000000 1.366664 0.820786
2.000000 0.124992 0.800008 1.000000 1.400000 0.798621
2.000000 0.075008 0.866656 1.050000 1.466664 0.772580
2.000000 0.050016 0.950008 1.050000 1.433336 0.699869
