2.000000 0.387488 0.000008 0.525000 0.533336 0.827664
2.000000 0.375008 0.000008 0.550000 0.533336 0.829486
2.000000 0.362496 0.016664 0.525000 0.566664 0.841700
2.000000 0.350016 0.033344 0.550000 0.533336 0.842210
2.000000 0.312512 0.050000 0.525000 0.566664 0.842565
2.000000 0.300000 0.066656 0.550000 0.533336 0.845613
2.000000 0.287488 0.083336 0.525000 0.566664 0.840996
2.000000 0.275008 0.099992 0.550000 0.533336 0.828782
2.000000 0.262496 0.133328 0.575000 0.533336 0.823841
2.000000 0.249984 0.150008 0.550000 0.566664 0.843959
2.000000 0.237504 0.183344 0.575000 0.566664 0.849655
2.000000 0.224992 0.216656 0.600000 0.566664 0.856034
2.000000 0.200000 0.249992 0.600000 0.566664 0.868580
2.000000 0.187488 0.249992 0.575000 0.566664 0.859403
2.000000 0.175008 0.283328 0.600000 0.566664 0.847528
2.000000 0.149984 0.300008 0.650000 0.600000 0.847780
2.000000 0.137504 0.300008 0.625000 0.600000 0.849644
2.000000 0.124992 0.350000 0.650000 0.566664 0.840128
2.000000 0.087488 0.366656 0.625000 0.600000 0.838795
2.000000 0.062496 0.399992 0.625000 0.600000 0.826340
2.000000 0.050016 0.433328 0.650000 0.600000 0.838870
2.000000 0.050016 0.466664 0.650000 0.600000 0.860763
2.000000 0.024992 0.483344 0.650000 0.633336 0.853529
2.000000 0.000000 0.516656 0.650000 0.633336 0.863621
2.000000 0.337504 0.000008 0.525000 0.733336 0.636295
2.000000 0.300000 0.000008 0.550000 0.733336 0.644549
2.000000 0.300000 0.016664 0.550000 0.766664 0.572178
2.000000 0.300000 0.050000 0.550000 0.766664 0.614608
2.000000 0.275008 0.066656 0.550000 0.800000 0.572513
2.000000 0.262496 0.099992 0.575000 0.800000 0.639478
2.000000 0.237504 0.133328 0.575000 0.800000 0.476117
2.000000 0.224992 0.133328 0.600000 0.800000 0.607703
2.000000 0.224992 0.150008 0.600000 0.833336 0.495089
2.000000 0.200000 0.183344 0.600000 0.833336 0.568608
2.000000 0.175008 0.200000 0.600000 0.800000 0.657050
2.000000 0.162496 0.200000 0.625000 0.800000 0.691364
2.000000 0.149984 0.249992 0.600000 0.833336 0.652718
2.000000 0.124992 0.266672 0.600000 0.866664 0.562711
2.000000 0.112512 0.300008 0.625000 0.866664 0.540522
2.000000 0.075008 0.333344 0.650000 0.866664 0.688256
2.000000 0.062496 0.366656 0.675000 0.866664 0.770064
2.000000 0.050016 0.399992 0.650000 0.866664 0.792156
2.000000 0.024992 0.416672 0.650000 0.900000 0.786475
2.000000 0.012512 0.450008 0.675000 0.833336 0.806814
2.000000 0.012512 0.483344 0.675000 0.900000 0.774096
2.000000 0.312512 0.016664 0.525000 0.700000 0.610063
2.000000 0.300000 0.016664 0.550000 0.700000 0.604437
2.000000 0.287488 0.033344 0.575000 0.733336 0.559001
2.000000 0.275008 0.050000 0.600000 0.766664 0.486976
2.000000 0.275008 0.066656 0.600000 0.733336 0.444716
2.000000 0.249984 0.099992 0.600000 0.733336 0.563476
2.000000 0.237504 0.116672 0.575000 0.766664 0.637038
2.000000 0.224992 0.133328 0.600000 0.733336 0.620959
2.000000 0.212512 0.150008 0.625000 0.766664 0.649516
2.000000 0.200000 0.183344 0.600000 0.766664 0.666641
2.000000 0.187488 0.183344 0.625000 0.766664 0.687302
2.000000 0.162496 0.216656 0.575000 0.766664 0.572678
2.000000 0.137504 0.249992 0.575000 0.766664 0.577836
