2.000000 0.028128 0.016668 0.293750 0.366666 0.715873
2.000000 0.009376 0.029166 0.293750 0.375000 0.700640
2.000000 0.478128 0.008334 0.243750 0.250000 0.893765
2.000000 0.468752 0.025002 0.250000 0.250000 0.897967
2.000000 0.453128 0.041664 0.256250 0.266666 0.896104
2.000000 0.440624 0.058332 0.256250 0.266666 0.891587
2.000000 0.431248 0.079164 0.262500 0.275000 0.890831
2.000000 0.415624 0.100002 0.268750 0.283334 0.893930
2.000000 0.400000 0.124998 0.275000 0.283334 0.878212
2.000000 0.387504 0.145836 0.275000 0.291666 0.894938
2.000000 0.371872 0.166668 0.281250 0.300000 0.910029
2.000000 0.356248 0.187500 0.287500 0.308334 0.905803
2.000000 0.340624 0.212502 0.293750 0.325000 0.905327
2.000000 0.325000 0.229164 0.300000 0.325000 0.908631
2.000000 0.309376 0.262500 0.306250 0.341666 0.893450
2.000000 0.290624 0.287502 0.318750 0.358334 0.892743
2.000000 0.271872 0.316668 0.318750 0.350000 0.901812
2.000000 0.253128 0.345834 0.331250 0.358334 0.906460
2.000000 0.231248 0.370836 0.337500 0.358334 0.906775
2.000000 0.209376 0.404166 0.343750 0.375000 0.893475
2.000000 0.193752 0.441666 0.362500 0.383334 0.906965
2.000000 0.168752 0.470832 0.362500 0.391666 0.914793
2.000000 0.150000 0.516666 0.375000 0.416666 0.909824
2.000000 0.121872 0.550002 0.381250 0.433334 0.912361
2.000000 0.096872 0.583332 0.393750 0.466666 0.911565
2.000000 0.071872 0.637500 0.418750 0.458334 0.915213
2.000000 0.040624 0.683334 0.418750 0.483334 0.916179
2.000000 0.015624 0.737502 0.431250 0.491666 0.927569
2.000000 0.056248 0.008334 0.287500 0.366666 0.753222
2.000000 0.043752 0.025002 0.287500 0.366666 0.778969
2.000000 0.028128 0.037500 0.293750 0.375000 0.874442
2.000000 0.006248 0.054168 0.300000 0.375000 0.873618
2.000000 0.496872 0.000000 0.268750 0.366666 0.660979
2.000000 0.487496 0.016668 0.275000 0.366666 0.849622
2.000000 0.468752 0.041664 0.287500 0.383334 0.793107
2.000000 0.459376 0.062502 0.281250 0.391666 0.743668
2.000000 0.453128 0.079164 0.293750 0.391666 0.806624
2.000000 0.440624 0.095832 0.293750 0.391666 0.787608
2.000000 0.103128 0.008334 0.243750 0.266666 0.833223
2.000000 0.428128 0.124998 0.306250 0.416666 0.798881
2.000000 0.090624 0.016668 0.243750 0.266666 0.871903
2.000000 0.412496 0.137502 0.300000 0.425000 0.857602
2.000000 0.075000 0.033336 0.250000 0.266666 0.878989
2.000000 0.403128 0.162498 0.306250 0.441666 0.766228
2.000000 0.062496 0.045834 0.250000 0.275000 0.893238
2.000000 0.387504 0.187500 0.312500 0.441666 0.853437
2.000000 0.046872 0.058332 0.256250 0.283334 0.883208
2.000000 0.371872 0.216666 0.318750 0.450000 0.846753
2.000000 0.031248 0.075000 0.262500 0.283334 0.880544
2.000000 0.362496 0.241668 0.325000 0.466666 0.825790
2.000000 0.015624 0.087498 0.268750 0.291666 0.883385
2.000000 0.343752 0.262500 0.325000 0.458334 0.793293
2.000000 0.000000 0.100002 0.275000 0.300000 0.866138
2.000000 0.318752 0.295836 0.350000 0.491666 0.814987
2.000000 0.309376 0.325002 0.343750 0.500000 0.832923
2.000000 0.290624 0.358332 0.356250 0.516666 0.866743
2.000000 0.271872 0.383334 0.368750 0.550000 0.814291
2.000000 0.253128 0.420834 0.381250 0.541666 0.864265
2.000000 0.231248 0.454164 0.387500 0.575000 0.743235
2.000000 0.212504 0.491664 0.400000 0.583334 0.847739
2.000000 0.187504 0.537498 0.412500 0.591666 0.775772
2.000000 0.171872 0.566664 0.443750 0.600000 0.781924
2.000000 0.137504 0.616668 0.437500 0.633336 0.782500
2.000000 0.112496 0.670836 0.475000 0.658332 0.743484
2.000000 0.084376 0.695832 0.481250 0.675000 0.745361
2.000000 0.056248 0.762498 0.487500 0.724998 0.613707
2.000000 0.028128 0.820836 0.506250 0.741666 0.697928
2.000000 0.175000 0.012498 0.287500 0.375000 0.793760
2.000000 0.159376 0.025002 0.293750 0.383334 0.751468
2.000000 0.146872 0.049998 0.293750 0.383334 0.786859
2.000000 0.131248 0.070836 0.312500 0.391666 0.823362
2.000000 0.106248 0.083334 0.300000 0.400000 0.787454
2.000000 0.093752 0.108336 0.312500 0.416666 0.785753
2.000000 0.075000 0.124998 0.312500 0.416666 0.802139
2.000000 0.053128 0.141666 0.318750 0.433334 0.707974
2.000000 0.034376 0.162498 0.331250 0.441666 0.731898
2.000000 0.018752 0.175002 0.337500 0.450000 0.763667
2.000000 0.043752 0.008334 0.262500 0.333334 0.882834
2.000000 0.028128 0.020832 0.268750 0.341666 0.882529
2.000000 0.015624 0.041664 0.268750 0.350000 0.891249
