2.000000 0.056256 0.033336 0.587500 0.733332 0.715873
2.000000 0.018752 0.058332 0.587500 0.750000 0.700640
2.000000 0.956256 0.016668 0.487500 0.500000 0.893765
2.000000 0.937504 0.050004 0.500000 0.500000 0.897967
2.000000 0.906256 0.083328 0.512500 0.533332 0.896104
2.000000 0.881248 0.116664 0.512500 0.533332 0.891587
2.000000 0.862496 0.158328 0.525000 0.550000 0.890831
2.000000 0.831248 0.200004 0.537500 0.566668 0.893930
2.000000 0.800000 0.249996 0.550000 0.566668 0.878212
2.000000 0.775008 0.291672 0.550000 0.583332 0.894938
2.000000 0.743744 0.333336 0.562500 0.600000 0.910029
2.000000 0.712496 0.375000 0.575000 0.616668 0.905803
2.000000 0.681248 0.425004 0.587500 0.650000 0.905327
2.000000 0.650000 0.458328 0.600000 0.650000 0.908631
2.000000 0.618752 0.525000 0.612500 0.683332 0.893450
2.000000 0.581248 0.575004 0.637500 0.716668 0.892743
2.000000 0.543744 0.633336 0.637500 0.700000 0.901812
2.000000 0.506256 0.691668 0.662500 0.716668 0.906460
2.000000 0.462496 0.741672 0.675000 0.716668 0.906775
2.000000 0.418752 0.808332 0.687500 0.750000 0.893475
2.000000 0.387504 0.883332 0.725000 0.766668 0.906965
2.000000 0.337504 0.941664 0.725000 0.783332 0.914793
2.000000 0.112496 0.016668 0.575000 0.733332 0.753222
2.000000 0.087504 0.050004 0.575000 0.733332 0.778969
2.000000 0.056256 0.075000 0.587500 0.750000 0.874442
2.000000 0.012496 0.108336 0.600000 0.750000 0.873618
2.000000 0.993744 0.000000 0.537500 0.733332 0.660979
2.000000 0.974992 0.033336 0.550000 0.733332 0.849622
2.000000 0.937504 0.083328 0.575000 0.766668 0.793107
2.000000 0.918752 0.125004 0.562500 0.783332 0.743668
2.000000 0.906256 0.158328 0.587500 0.783332 0.806624
2.000000 0.881248 0.191664 0.587500 0.783332 0.787608
2.000000 0.206256 0.016668 0.487500 0.533332 0.833223
2.000000 0.856256 0.249996 0.612500 0.833332 0.798881
2.000000 0.181248 0.033336 0.487500 0.533332 0.871903
2.000000 0.824992 0.275004 0.600000 0.850000 0.857602
2.000000 0.150000 0.066672 0.500000 0.533332 0.878989
2.000000 0.806256 0.324996 0.612500 0.883332 0.766228
2.000000 0.124992 0.091668 0.500000 0.550000 0.893238
2.000000 0.775008 0.375000 0.625000 0.883332 0.853437
2.000000 0.093744 0.116664 0.512500 0.566668 0.883208
2.000000 0.743744 0.433332 0.637500 0.900000 0.846753
2.000000 0.062496 0.150000 0.525000 0.566668 0.880544
2.000000 0.724992 0.483336 0.650000 0.933332 0.825790
2.000000 0.031248 0.174996 0.537500 0.583332 0.883385
2.000000 0.687504 0.525000 0.650000 0.916668 0.793293
2.000000 0.000000 0.200004 0.550000 0.600000 0.866138
2.000000 0.637504 0.591672 0.700000 0.983332 0.814987
2.000000 0.618752 0.650004 0.687500 1.000000 0.832923
2.000000 0.581248 0.716664 0.712500 1.033332 0.866743
2.000000 0.543744 0.766668 0.737500 1.100000 0.814291
2.000000 0.506256 0.841668 0.762500 1.083332 0.864265
2.000000 0.462496 0.908328 0.775000 1.150000 0.743235
2.000000 0.425008 0.983328 0.800000 1.166668 0.847739
2.000000 0.350000 0.024996 0.575000 0.750000 0.793760
2.000000 0.318752 0.050004 0.587500 0.766668 0.751468
2.000000 0.293744 0.099996 0.587500 0.766668 0.786859
2.000000 0.262496 0.141672 0.625000 0.783332 0.823362
2.000000 0.212496 0.166668 0.600000 0.800000 0.787454
2.000000 0.187504 0.216672 0.625000 0.833332 0.785753
2.000000 0.150000 0.249996 0.625000 0.833332 0.802139
2.000000 0.106256 0.283332 0.637500 0.866668 0.707974
2.000000 0.068752 0.324996 0.662500 0.883332 0.731898
2.000000 0.037504 0.350004 0.675000 0.900000 0.763667
2.000000 0.087504 0.016668 0.525000 0.666668 0.882834
2.000000 0.056256 0.041664 0.537500 0.683332 0.882529
2.000000 0.031248 0.083328 0.537500 0.700000 0.891249
