2.000000 0.112512 0.066672 1.175000 1.466664 0.715873
2.000000 0.037504 0.116664 1.175000 1.500000 0.700640
2.000000 0.224992 0.033336 1.150000 1.466664 0.753222
2.000000 0.175008 0.100008 1.150000 1.466664 0.778969
2.000000 0.112512 0.150000 1.175000 1.500000 0.874442
2.000000 0.024992 0.216672 1.200000 1.500000 0.873618
2.000000 0.412512 0.033336 0.975000 1.066664 0.833223
2.000000 0.362496 0.066672 0.975000 1.066664 0.871903
2.000000 0.300000 0.133344 1.000000 1.066664 0.878989
2.000000 0.249984 0.183336 1.000000 1.100000 0.893238
2.000000 0.187488 0.233328 1.025000 1.133336 0.883208
2.000000 0.124992 0.300000 1.050000 1.133336 0.880544
2.000000 0.062496 0.349992 1.075000 1.166664 0.883385
2.000000 0.000000 0.400008 1.100000 1.200000 0.866138
2.000000 0.700000 0.049992 1.150000 1.500000 0.793760
2.000000 0.637504 0.100008 1.175000 1.533336 0.751468
2.000000 0.587488 0.199992 1.175000 1.533336 0.786859
2.000000 0.524992 0.283344 1.250000 1.566664 0.823362
2.000000 0.424992 0.333336 1.200000 1.600000 0.787454
2.000000 0.375008 0.433344 1.250000 1.666664 0.785753
2.000000 0.300000 0.499992 1.250000 1.666664 0.802139
2.000000 0.212512 0.566664 1.275000 1.733336 0.707974
2.000000 0.137504 0.649992 1.325000 1.766664 0.731898
2.000000 0.075008 0.700008 1.350000 1.800000 0.763667
2.000000 0.175008 0.033336 1.050000 1.333336 0.882834
2.000000 0.112512 0.083328 1.075000 1.366664 0.882529
2.000000 0.062496 0.166656 1.075000 1.400000 0.891249
