2.000000 0.912512 0.033336 0.975000 1.000000 0.893765
2.000000 0.875008 0.100008 1.000000 1.000000 0.897967
2.000000 0.812512 0.166656 1.025000 1.066664 0.896104
2.000000 0.762496 0.233328 1.025000 1.066664 0.891587
2.000000 0.724992 0.316656 1.050000 1.100000 0.890831
2.000000 0.662496 0.400008 1.075000 1.133336 0.893930
2.000000 0.600000 0.499992 1.100000 1.133336 0.878212
2.000000 0.550016 0.583344 1.100000 1.166664 0.894938
2.000000 0.487488 0.666672 1.125000 1.200000 0.910029
2.000000 0.424992 0.750000 1.150000 1.233336 0.905803
2.000000 0.362496 0.850008 1.175000 1.300000 0.905327
2.000000 0.300000 0.916656 1.200000 1.300000 0.908631
2.000000 0.987488 0.000000 1.075000 1.466664 0.660979
2.000000 0.949984 0.066672 1.100000 1.466664 0.849622
2.000000 0.875008 0.166656 1.150000 1.533336 0.793107
2.000000 0.837504 0.250008 1.125000 1.566664 0.743668
2.000000 0.812512 0.316656 1.175000 1.566664 0.806624
2.000000 0.762496 0.383328 1.175000 1.566664 0.787608
2.000000 0.712512 0.499992 1.225000 1.666664 0.798881
2.000000 0.649984 0.550008 1.200000 1.700000 0.857602
2.000000 0.612512 0.649992 1.225000 1.766664 0.766228
2.000000 0.550016 0.750000 1.250000 1.766664 0.853437
2.000000 0.487488 0.866664 1.275000 1.800000 0.846753
2.000000 0.449984 0.966672 1.300000 1.866664 0.825790
