2.000000 0.237504 0.050000 1.225000 1.366664 0.893450
2.000000 0.162496 0.150008 1.275000 1.433336 0.892743
2.000000 0.087488 0.266672 1.275000 1.400000 0.901812
2.000000 0.012512 0.383336 1.325000 1.433336 0.906460
2.000000 0.375008 0.050000 1.300000 1.833336 0.793293
2.000000 0.275008 0.183344 1.400000 1.966664 0.814987
2.000000 0.237504 0.300008 1.375000 2.000000 0.832923
2.000000 0.162496 0.433328 1.425000 2.066664 0.866743
2.000000 0.087488 0.533336 1.475000 2.200000 0.814291
2.000000 0.012512 0.683336 1.525000 2.166664 0.864265
