2.000000 0.300000 0.033332 0.750000 0.833332 0.909824
2.000000 0.243744 0.100004 0.762500 0.866668 0.912361
2.000000 0.193744 0.166664 0.787500 0.933332 0.911565
2.000000 0.143744 0.275000 0.837500 0.916668 0.915213
2.000000 0.081248 0.366668 0.837500 0.966668 0.916179
2.000000 0.031248 0.475004 0.862500 0.983332 0.927569
2.000000 0.375008 0.074996 0.825000 1.183332 0.775772
2.000000 0.343744 0.133328 0.887500 1.200000 0.781924
2.000000 0.275008 0.233336 0.875000 1.266672 0.782500
2.000000 0.224992 0.341672 0.950000 1.316664 0.743484
2.000000 0.168752 0.391664 0.962500 1.350000 0.745361
2.000000 0.112496 0.524996 0.975000 1.449996 0.613707
2.000000 0.056256 0.641672 1.012500 1.483332 0.697928
