2.000000 0.600000 0.066664 1.500000 1.666664 0.909824
2.000000 0.487488 0.200008 1.525000 1.733336 0.912361
2.000000 0.387488 0.333328 1.575000 1.866664 0.911565
2.000000 0.287488 0.550000 1.675000 1.833336 0.915213
2.000000 0.162496 0.733336 1.675000 1.933336 0.916179
2.000000 0.062496 0.950008 1.725000 1.966664 0.927569
2.000000 0.750016 0.149992 1.650000 2.366664 0.775772
2.000000 0.687488 0.266656 1.775000 2.400000 0.781924
2.000000 0.550016 0.466672 1.750000 2.533344 0.782500
2.000000 0.449984 0.683344 1.900000 2.633328 0.743484
2.000000 0.337504 0.783328 1.925000 2.700000 0.745361
