2.000000 0.021876 0.012499 0.306250 0.383334 0.895008
2.000000 0.035936 0.004168 0.328125 0.416667 0.562144
2.000000 0.009376 0.033334 0.343750 0.433332 0.607586
2.000000 0.426564 0.012499 0.253125 0.300000 0.921389
2.000000 0.407812 0.041668 0.265625 0.324999 0.914091
2.000000 0.385936 0.079168 0.271875 0.333333 0.910086
2.000000 0.364064 0.120832 0.290625 0.350001 0.917614
2.000000 0.339064 0.164584 0.303125 0.370833 0.910519
2.000000 0.314064 0.210418 0.315625 0.387501 0.919096
2.000000 0.287500 0.264583 0.331250 0.412500 0.926622
2.000000 0.256252 0.322918 0.350000 0.437499 0.918277
2.000000 0.223436 0.381250 0.371875 0.470832 0.915390
2.000000 0.190624 0.445834 0.387500 0.500001 0.924602
2.000000 0.150000 0.520834 0.412500 0.533334 0.925680
2.000000 0.107812 0.600001 0.440624 0.583332 0.930598
2.000000 0.060936 0.681250 0.471876 0.612501 0.935933
2.000000 0.007812 0.722917 0.509376 0.545832 0.928878
2.000000 0.012500 0.025000 0.343750 0.441666 0.880786
2.000000 0.112500 0.049999 0.337500 0.433332 0.483929
