2.000000 0.012500 0.127082 0.031250 0.037500 0.598720
2.000000 0.251564 0.189584 0.053125 0.079167 0.659645
2.000000 0.185936 0.262499 0.078125 0.108333 0.744945
2.000000 0.062500 0.066668 0.031250 0.033333 0.305368
2.000000 0.009376 0.133334 0.037500 0.033333 0.568111
2.000000 0.245312 0.179168 0.053125 0.075000 0.708796
2.000000 0.178124 0.241667 0.068750 0.100000 0.791781
2.000000 0.028124 0.112499 0.037500 0.033333 0.413405
2.000000 0.150000 0.131249 0.037500 0.054167 0.460191
2.000000 0.210936 0.110417 0.040625 0.070833 0.462268
2.000000 0.293752 0.306251 0.068750 0.079167 0.771256
2.000000 0.320312 0.716666 0.171875 0.183333 0.800678
2.000000 0.028124 0.112499 0.037500 0.033333 0.411519
2.000000 0.210936 0.114584 0.040625 0.062500 0.513952
2.000000 0.150000 0.131249 0.037500 0.054167 0.524353
2.000000 0.292188 0.304166 0.071875 0.083333 0.762541
2.000000 0.314064 0.697916 0.165625 0.187500 0.811778
2.000000 0.028124 0.114584 0.037500 0.037500 0.440953
2.000000 0.210936 0.114584 0.040625 0.062500 0.525017
2.000000 0.150000 0.131249 0.037500 0.054167 0.528843
2.000000 0.290624 0.302084 0.068750 0.079167 0.767796
2.000000 0.304688 0.681251 0.159375 0.179167 0.870686
2.000000 0.026564 0.112499 0.040625 0.041667 0.416400
2.000000 0.210936 0.118751 0.040625 0.054167 0.551474
2.000000 0.150000 0.129167 0.037500 0.058333 0.567407
2.000000 0.289064 0.297917 0.071875 0.079167 0.781706
2.000000 0.296876 0.664583 0.156250 0.162500 0.856866
2.000000 0.026564 0.110417 0.040625 0.037500 0.412683
2.000000 0.210936 0.112499 0.040625 0.058333 0.539473
2.000000 0.150000 0.127082 0.037500 0.054167 0.615435
2.000000 0.287500 0.295832 0.068750 0.075000 0.772271
2.000000 0.292188 0.647918 0.153125 0.154167 0.848817
2.000000 0.026564 0.110417 0.040625 0.037500 0.398835
2.000000 0.210936 0.112499 0.040625 0.058333 0.537435
2.000000 0.150000 0.127082 0.037500 0.054167 0.641605
2.000000 0.285936 0.293750 0.071875 0.070833 0.791666
2.000000 0.287500 0.635417 0.150000 0.162500 0.823977
2.000000 0.025000 0.110417 0.037500 0.037500 0.364514
2.000000 0.210936 0.112499 0.040625 0.058333 0.519853
2.000000 0.150000 0.127082 0.037500 0.054167 0.621187
2.000000 0.285936 0.291668 0.071875 0.075000 0.770516
2.000000 0.282812 0.618749 0.153125 0.145833 0.860681
2.000000 0.021876 0.112499 0.037500 0.041667 0.366833
2.000000 0.210936 0.114584 0.040625 0.054167 0.562548
2.000000 0.150000 0.127082 0.037500 0.054167 0.613631
2.000000 0.284376 0.289583 0.068750 0.070833 0.777397
2.000000 0.282812 0.606251 0.159375 0.145833 0.860076
2.000000 0.021876 0.112499 0.037500 0.041667 0.356058
2.000000 0.210936 0.114584 0.040625 0.054167 0.602223
2.000000 0.150000 0.127082 0.037500 0.054167 0.609135
2.000000 0.284376 0.285416 0.075000 0.070833 0.747271
2.000000 0.281248 0.597917 0.162500 0.145833 0.848023
2.000000 0.021876 0.112499 0.037500 0.041667 0.380336
2.000000 0.150000 0.125000 0.037500 0.050000 0.619667
2.000000 0.210936 0.114584 0.040625 0.054167 0.627265
2.000000 0.282812 0.283334 0.071875 0.075000 0.734286
2.000000 0.268748 0.583334 0.143750 0.141667 0.809571
2.000000 0.009376 0.135416 0.037500 0.029167 0.622891
2.000000 0.245312 0.179168 0.053125 0.075000 0.676093
2.000000 0.176564 0.239582 0.071875 0.095833 0.789893
2.000000 0.021876 0.112499 0.037500 0.041667 0.408757
2.000000 0.210936 0.114584 0.040625 0.054167 0.621075
2.000000 0.150000 0.125000 0.037500 0.050000 0.625723
2.000000 0.279688 0.281249 0.065625 0.070833 0.726213
2.000000 0.262500 0.566666 0.137500 0.141667 0.784081
2.000000 0.020312 0.112499 0.034375 0.041667 0.399343
2.000000 0.210936 0.110417 0.040625 0.054167 0.612040
2.000000 0.150000 0.122918 0.037500 0.054167 0.612441
2.000000 0.276564 0.277082 0.065625 0.070833 0.768785
2.000000 0.257812 0.556250 0.134375 0.129167 0.798612
2.000000 0.020312 0.114584 0.034375 0.037500 0.389099
2.000000 0.148436 0.125000 0.034375 0.050000 0.577037
2.000000 0.210936 0.110417 0.040625 0.054167 0.611857
2.000000 0.276564 0.277082 0.065625 0.070833 0.785781
2.000000 0.253124 0.550001 0.125000 0.133333 0.794472
2.000000 0.020312 0.116666 0.034375 0.041667 0.370701
2.000000 0.148436 0.125000 0.034375 0.050000 0.590928
2.000000 0.209376 0.110417 0.037500 0.054167 0.621925
2.000000 0.275000 0.275000 0.062500 0.066667 0.729672
2.000000 0.248436 0.537500 0.128125 0.125000 0.818797
2.000000 0.018748 0.116666 0.031250 0.041667 0.373176
2.000000 0.148436 0.125000 0.034375 0.050000 0.587420
2.000000 0.209376 0.110417 0.037500 0.054167 0.614885
2.000000 0.273436 0.270833 0.059375 0.066667 0.680771
2.000000 0.243752 0.531251 0.118750 0.129167 0.841306
2.000000 0.018748 0.122918 0.031250 0.037500 0.424909
2.000000 0.148436 0.125000 0.034375 0.050000 0.550882
2.000000 0.207812 0.110417 0.040625 0.054167 0.589057
2.000000 0.271876 0.268751 0.062500 0.070833 0.677924
2.000000 0.243752 0.522917 0.131250 0.129167 0.864341
2.000000 0.045312 0.085418 0.028125 0.045833 0.334013
2.000000 0.018748 0.122918 0.031250 0.037500 0.470843
2.000000 0.148436 0.122918 0.034375 0.045833 0.573139
2.000000 0.209376 0.110417 0.037500 0.054167 0.586100
2.000000 0.273436 0.268751 0.065625 0.070833 0.678916
2.000000 0.245312 0.512501 0.134375 0.125000 0.861103
2.000000 0.045312 0.085418 0.028125 0.037500 0.324267
2.000000 0.017188 0.120833 0.034375 0.041667 0.492854
2.000000 0.148436 0.122918 0.034375 0.045833 0.577353
2.000000 0.209376 0.110417 0.037500 0.054167 0.599667
2.000000 0.271876 0.264584 0.062500 0.070833 0.678609
2.000000 0.237500 0.504167 0.125000 0.125000 0.826420
2.000000 0.045312 0.087500 0.028125 0.041667 0.342475
2.000000 0.017188 0.122918 0.034375 0.037500 0.509153
2.000000 0.148436 0.122918 0.034375 0.045833 0.544391
2.000000 0.207812 0.110417 0.040625 0.054167 0.610016
2.000000 0.268748 0.262499 0.062500 0.066667 0.753238
2.000000 0.232812 0.493751 0.121875 0.120833 0.834979
2.000000 0.045312 0.087500 0.028125 0.041667 0.338959
2.000000 0.148436 0.122918 0.034375 0.045833 0.573346
2.000000 0.015624 0.125000 0.037500 0.041667 0.589815
2.000000 0.207812 0.106250 0.040625 0.054167 0.627959
2.000000 0.267188 0.260417 0.065625 0.070833 0.797859
2.000000 0.226564 0.485417 0.109375 0.120833 0.798705
2.000000 0.009376 0.133334 0.037500 0.033333 0.614430
2.000000 0.243752 0.179168 0.056250 0.075000 0.700752
2.000000 0.175000 0.239582 0.068750 0.095833 0.799574
2.000000 0.045312 0.087500 0.028125 0.041667 0.380076
2.000000 0.015624 0.125000 0.037500 0.041667 0.575453
2.000000 0.148436 0.122918 0.034375 0.045833 0.589932
2.000000 0.207812 0.106250 0.040625 0.054167 0.623675
2.000000 0.225000 0.477083 0.112500 0.120833 0.769336
2.000000 0.265624 0.258332 0.062500 0.066667 0.776529
2.000000 0.043752 0.087500 0.031250 0.041667 0.403348
2.000000 0.148436 0.118751 0.034375 0.045833 0.454216
2.000000 0.206248 0.104168 0.037500 0.058333 0.597846
2.000000 0.015624 0.125000 0.037500 0.041667 0.646250
2.000000 0.265624 0.254168 0.062500 0.066667 0.781441
2.000000 0.221876 0.466667 0.106250 0.116667 0.829531
2.000000 0.043752 0.087500 0.031250 0.041667 0.379050
2.000000 0.148436 0.116666 0.034375 0.050000 0.485495
2.000000 0.206248 0.106250 0.037500 0.054167 0.619299
2.000000 0.015624 0.129167 0.037500 0.041667 0.628602
2.000000 0.264064 0.254168 0.065625 0.066667 0.757349
2.000000 0.220312 0.462500 0.109375 0.116667 0.840366
2.000000 0.043752 0.089582 0.031250 0.037500 0.360786
2.000000 0.148436 0.116666 0.034375 0.050000 0.445448
2.000000 0.206248 0.104168 0.037500 0.058333 0.604305
2.000000 0.014064 0.129167 0.040625 0.041667 0.608491
2.000000 0.264064 0.252083 0.065625 0.062500 0.762118
2.000000 0.218752 0.456251 0.106250 0.112500 0.845185
2.000000 0.043752 0.089582 0.031250 0.045833 0.368485
2.000000 0.148436 0.114584 0.034375 0.054167 0.462459
2.000000 0.012500 0.129167 0.037500 0.041667 0.596567
2.000000 0.206248 0.104168 0.037500 0.058333 0.613749
2.000000 0.262500 0.250001 0.062500 0.066667 0.735913
2.000000 0.215624 0.449999 0.100000 0.108333 0.845223
2.000000 0.043752 0.091667 0.031250 0.041667 0.366475
2.000000 0.148436 0.114584 0.034375 0.054167 0.479188
2.000000 0.012500 0.129167 0.037500 0.041667 0.584495
2.000000 0.206248 0.104168 0.037500 0.058333 0.598925
2.000000 0.262500 0.245834 0.062500 0.066667 0.718932
2.000000 0.214064 0.441668 0.103125 0.108333 0.800570
2.000000 0.043752 0.091667 0.031250 0.041667 0.362559
2.000000 0.148436 0.110417 0.034375 0.054167 0.501721
2.000000 0.012500 0.129167 0.037500 0.041667 0.601616
2.000000 0.206248 0.104168 0.037500 0.058333 0.614930
2.000000 0.259376 0.243749 0.062500 0.070833 0.728352
2.000000 0.209376 0.435416 0.100000 0.104167 0.831255
2.000000 0.043752 0.091667 0.031250 0.041667 0.361317
2.000000 0.148436 0.110417 0.034375 0.054167 0.522647
2.000000 0.012500 0.129167 0.037500 0.041667 0.579808
2.000000 0.206248 0.102083 0.037500 0.054167 0.609277
2.000000 0.257812 0.243749 0.059375 0.062500 0.747560
2.000000 0.207812 0.427082 0.096875 0.104167 0.853334
2.000000 0.043752 0.095834 0.031250 0.041667 0.376374
2.000000 0.148436 0.110417 0.034375 0.054167 0.516618
2.000000 0.012500 0.129167 0.037500 0.041667 0.534866
2.000000 0.206248 0.104168 0.037500 0.058333 0.596170
2.000000 0.259376 0.241667 0.062500 0.066667 0.757636
2.000000 0.206248 0.418751 0.093750 0.104167 0.846291
2.000000 0.043752 0.093749 0.031250 0.037500 0.406188
2.000000 0.148436 0.110417 0.034375 0.054167 0.522335
2.000000 0.010936 0.131249 0.034375 0.037500 0.534849
2.000000 0.206248 0.100001 0.037500 0.058333 0.597116
2.000000 0.259376 0.241667 0.068750 0.066667 0.758711
2.000000 0.203124 0.412499 0.093750 0.108333 0.846819
2.000000 0.006248 0.137501 0.037500 0.033333 0.621709
2.000000 0.243752 0.177083 0.056250 0.079167 0.702554
2.000000 0.175000 0.237500 0.068750 0.091667 0.805333
2.000000 0.043752 0.091667 0.031250 0.041667 0.407120
2.000000 0.010936 0.133334 0.040625 0.041667 0.515761
2.000000 0.148436 0.110417 0.034375 0.054167 0.522691
2.000000 0.206248 0.100001 0.037500 0.058333 0.599613
2.000000 0.257812 0.237500 0.065625 0.066667 0.763176
2.000000 0.203124 0.406250 0.093750 0.104167 0.829322
2.000000 0.043752 0.091667 0.031250 0.041667 0.415996
2.000000 0.148436 0.110417 0.034375 0.054167 0.523550
2.000000 0.009376 0.133334 0.037500 0.041667 0.533765
2.000000 0.206248 0.102083 0.037500 0.054167 0.612515
2.000000 0.257812 0.233333 0.065625 0.066667 0.723966
2.000000 0.201564 0.404168 0.090625 0.100000 0.788737
2.000000 0.043752 0.093749 0.031250 0.037500 0.412245
2.000000 0.009376 0.133334 0.037500 0.041667 0.499710
2.000000 0.148436 0.108332 0.034375 0.058333 0.502607
2.000000 0.206248 0.102083 0.037500 0.054167 0.608211
2.000000 0.254688 0.233333 0.059375 0.066667 0.673514
2.000000 0.200000 0.395834 0.093750 0.100000 0.815871
2.000000 0.042188 0.095834 0.034375 0.041667 0.419167
2.000000 0.009376 0.133334 0.037500 0.041667 0.485853
2.000000 0.148436 0.108332 0.034375 0.058333 0.489547
2.000000 0.204688 0.102083 0.034375 0.054167 0.611579
2.000000 0.251564 0.231251 0.053125 0.062500 0.708338
2.000000 0.198436 0.391667 0.090625 0.100000 0.804244
2.000000 0.040624 0.095834 0.031250 0.041667 0.424594
2.000000 0.148436 0.106250 0.034375 0.054167 0.486830
2.000000 0.007812 0.133334 0.034375 0.041667 0.492329
2.000000 0.206248 0.100001 0.037500 0.058333 0.585541
2.000000 0.251564 0.231251 0.053125 0.062500 0.714914
2.000000 0.196876 0.385418 0.093750 0.095833 0.813409
2.000000 0.040624 0.093749 0.031250 0.045833 0.464380
2.000000 0.148436 0.106250 0.034375 0.054167 0.469358
2.000000 0.006248 0.133334 0.037500 0.041667 0.497876
2.000000 0.206248 0.102083 0.037500 0.054167 0.545086
2.000000 0.251564 0.227084 0.053125 0.062500 0.708186
2.000000 0.196876 0.379166 0.087500 0.091667 0.817382
2.000000 0.040624 0.093749 0.031250 0.045833 0.471549
2.000000 0.006248 0.135416 0.037500 0.045833 0.500419
2.000000 0.148436 0.106250 0.034375 0.054167 0.503303
2.000000 0.206248 0.102083 0.037500 0.054167 0.547915
2.000000 0.248436 0.224999 0.046875 0.058333 0.687557
2.000000 0.192188 0.374999 0.084375 0.091667 0.833915
2.000000 0.040624 0.095834 0.031250 0.041667 0.470530
2.000000 0.148436 0.106250 0.034375 0.054167 0.490354
2.000000 0.006248 0.135416 0.037500 0.045833 0.504007
2.000000 0.206248 0.102083 0.037500 0.054167 0.529539
2.000000 0.246876 0.224999 0.050000 0.058333 0.721056
2.000000 0.195312 0.370832 0.090625 0.091667 0.778336
2.000000 0.040624 0.095834 0.031250 0.041667 0.480758
2.000000 0.146876 0.106250 0.031250 0.054167 0.481232
2.000000 0.004688 0.135416 0.040625 0.045833 0.510528
2.000000 0.204688 0.102083 0.040625 0.054167 0.549487
2.000000 0.246876 0.224999 0.050000 0.058333 0.725220
2.000000 0.190624 0.364583 0.081250 0.087500 0.804127
2.000000 0.146876 0.106250 0.031250 0.054167 0.493876
2.000000 0.039064 0.097916 0.034375 0.045833 0.506277
2.000000 0.204688 0.102083 0.040625 0.054167 0.560713
2.000000 0.003124 0.135416 0.037500 0.045833 0.574212
2.000000 0.246876 0.220832 0.050000 0.058333 0.728140
2.000000 0.190624 0.360416 0.081250 0.087500 0.805564
2.000000 0.793752 0.991667 0.262500 0.258333 0.921859
2.000000 0.006248 0.137501 0.037500 0.033333 0.626383
2.000000 0.242188 0.177083 0.053125 0.079167 0.733010
2.000000 0.175000 0.235418 0.068750 0.095833 0.800810
2.000000 0.146876 0.106250 0.031250 0.054167 0.464670
2.000000 0.039064 0.097916 0.034375 0.045833 0.498226
2.000000 0.203124 0.102083 0.037500 0.054167 0.565014
2.000000 0.003124 0.137501 0.037500 0.050000 0.587983
2.000000 0.245312 0.218750 0.053125 0.062500 0.727298
2.000000 0.193748 0.356249 0.087500 0.087500 0.794288
2.000000 0.773436 0.960416 0.253125 0.245833 0.914477
2.000000 0.148436 0.104168 0.034375 0.050000 0.462391
2.000000 0.039064 0.097916 0.034375 0.045833 0.526089
2.000000 0.003124 0.137501 0.037500 0.050000 0.569977
2.000000 0.204688 0.100001 0.040625 0.050000 0.575195
2.000000 0.243752 0.218750 0.050000 0.062500 0.736783
2.000000 0.193748 0.352082 0.093750 0.087500 0.784247
2.000000 0.750000 0.935417 0.243750 0.237500 0.919344
2.000000 0.148436 0.104168 0.034375 0.050000 0.443177
2.000000 0.039064 0.095834 0.034375 0.050000 0.521941
2.000000 0.001564 0.137501 0.040625 0.050000 0.566944
2.000000 0.204688 0.100001 0.040625 0.050000 0.572431
2.000000 0.243752 0.216668 0.050000 0.058333 0.737103
2.000000 0.193748 0.347918 0.093750 0.087500 0.794841
2.000000 0.729688 0.906251 0.234375 0.229167 0.918266
2.000000 0.148436 0.104168 0.034375 0.050000 0.440289
2.000000 0.039064 0.097916 0.034375 0.045833 0.537676
2.000000 0.001564 0.137501 0.040625 0.050000 0.547502
2.000000 0.204688 0.100001 0.040625 0.050000 0.589898
2.000000 0.243752 0.216668 0.050000 0.058333 0.726380
2.000000 0.190624 0.343751 0.087500 0.087500 0.774200
2.000000 0.710936 0.883334 0.228125 0.225000 0.924421
2.000000 0.148436 0.102083 0.034375 0.054167 0.394213
2.000000 0.001564 0.139583 0.040625 0.054167 0.530629
2.000000 0.035936 0.097916 0.034375 0.045833 0.533351
2.000000 0.203124 0.100001 0.037500 0.050000 0.578561
2.000000 0.242188 0.214583 0.053125 0.054167 0.767067
2.000000 0.190624 0.339584 0.093750 0.087500 0.772527
2.000000 0.692188 0.860417 0.221875 0.212500 0.919918
2.000000 0.148436 0.100001 0.034375 0.058333 0.358453
2.000000 0.035936 0.097916 0.034375 0.045833 0.510213
2.000000 0.204688 0.100001 0.040625 0.050000 0.599504
2.000000 0.242188 0.212501 0.053125 0.058333 0.760169
2.000000 0.184376 0.333332 0.081250 0.083333 0.778903
2.000000 0.676564 0.839582 0.209375 0.212500 0.910623
2.000000 0.148436 0.100001 0.034375 0.058333 0.335314
2.000000 0.035936 0.097916 0.034375 0.045833 0.501702
2.000000 0.204688 0.100001 0.040625 0.050000 0.522817
2.000000 0.242188 0.212501 0.053125 0.058333 0.788010
2.000000 0.182812 0.329168 0.071875 0.083333 0.798379
2.000000 0.657812 0.818750 0.209375 0.204167 0.917471
2.000000 0.148436 0.100001 0.034375 0.058333 0.365107
2.000000 0.203124 0.100001 0.037500 0.050000 0.480003
2.000000 0.035936 0.097916 0.034375 0.045833 0.515204
2.000000 0.240624 0.208334 0.050000 0.058333 0.796102
2.000000 0.181252 0.325001 0.068750 0.083333 0.836897
2.000000 0.645312 0.800000 0.196875 0.200000 0.909652
2.000000 0.148436 0.100001 0.034375 0.058333 0.328319
2.000000 0.203124 0.100001 0.037500 0.050000 0.460809
2.000000 0.035936 0.100001 0.034375 0.041667 0.512701
2.000000 0.240624 0.208334 0.050000 0.058333 0.798799
2.000000 0.179688 0.320834 0.071875 0.083333 0.838359
2.000000 0.628124 0.777083 0.200000 0.195833 0.901331
2.000000 0.148436 0.095834 0.034375 0.058333 0.356263
2.000000 0.203124 0.097916 0.037500 0.045833 0.435644
2.000000 0.035936 0.097916 0.034375 0.045833 0.524279
2.000000 0.239064 0.204167 0.053125 0.058333 0.797846
2.000000 0.179688 0.316667 0.071875 0.075000 0.833419
2.000000 0.615624 0.760418 0.187500 0.187500 0.906979
2.000000 0.232812 0.118751 0.053125 0.079167 0.330804
2.000000 0.006248 0.137501 0.037500 0.033333 0.679283
2.000000 0.242188 0.175001 0.053125 0.075000 0.727187
2.000000 0.171876 0.233333 0.068750 0.091667 0.785085
2.000000 0.148436 0.097916 0.034375 0.054167 0.304263
2.000000 0.203124 0.097916 0.037500 0.045833 0.423899
2.000000 0.035936 0.097916 0.034375 0.045833 0.529408
2.000000 0.239064 0.204167 0.053125 0.058333 0.785755
2.000000 0.179688 0.314582 0.071875 0.079167 0.838554
2.000000 0.603124 0.743750 0.181250 0.187500 0.905949
2.000000 0.148436 0.095834 0.034375 0.058333 0.397270
2.000000 0.203124 0.095834 0.037500 0.050000 0.449914
2.000000 0.035936 0.100001 0.034375 0.050000 0.515710
2.000000 0.235936 0.204167 0.046875 0.058333 0.784724
2.000000 0.176564 0.312500 0.065625 0.075000 0.828291
2.000000 0.590624 0.727082 0.181250 0.179167 0.906551
2.000000 0.148436 0.095834 0.034375 0.058333 0.419033
2.000000 0.203124 0.095834 0.037500 0.050000 0.429598
2.000000 0.035936 0.100001 0.034375 0.050000 0.521387
2.000000 0.235936 0.202082 0.046875 0.054167 0.786451
2.000000 0.176564 0.308333 0.065625 0.075000 0.817379
2.000000 0.579688 0.710417 0.171875 0.179167 0.896990
2.000000 0.148436 0.097916 0.034375 0.054167 0.381627
2.000000 0.203124 0.097916 0.037500 0.045833 0.391974
2.000000 0.034376 0.100001 0.031250 0.050000 0.501075
2.000000 0.234376 0.202082 0.050000 0.054167 0.779711
2.000000 0.176564 0.304166 0.065625 0.075000 0.796914
2.000000 0.567188 0.695834 0.171875 0.175000 0.891881
2.000000 0.203124 0.097916 0.037500 0.045833 0.324187
2.000000 0.148436 0.097916 0.034375 0.054167 0.351037
2.000000 0.034376 0.100001 0.031250 0.050000 0.502213
2.000000 0.234376 0.200000 0.050000 0.058333 0.770985
2.000000 0.176564 0.299999 0.065625 0.075000 0.778624
2.000000 0.557812 0.679166 0.165625 0.166667 0.889388
2.000000 0.148436 0.097916 0.034375 0.054167 0.383140
2.000000 0.034376 0.102083 0.031250 0.054167 0.491094
2.000000 0.176564 0.295832 0.071875 0.075000 0.755734
2.000000 0.234376 0.197918 0.050000 0.054167 0.760525
2.000000 0.546876 0.666668 0.162500 0.166667 0.895842
2.000000 0.148436 0.095834 0.034375 0.058333 0.378099
2.000000 0.032812 0.102083 0.034375 0.054167 0.485982
2.000000 0.232812 0.197918 0.046875 0.054167 0.748120
2.000000 0.173436 0.293750 0.065625 0.070833 0.793335
2.000000 0.539064 0.652082 0.159375 0.162500 0.861808
2.000000 0.148436 0.095834 0.034375 0.058333 0.350406
2.000000 0.032812 0.102083 0.034375 0.054167 0.477910
2.000000 0.232812 0.197918 0.046875 0.054167 0.758616
2.000000 0.175000 0.289583 0.068750 0.070833 0.787817
2.000000 0.528124 0.639584 0.156250 0.154167 0.862993
2.000000 0.148436 0.097916 0.034375 0.054167 0.321961
2.000000 0.031248 0.104168 0.031250 0.050000 0.463904
2.000000 0.173436 0.287501 0.065625 0.075000 0.764297
2.000000 0.231252 0.193751 0.050000 0.054167 0.771970
2.000000 0.520312 0.627083 0.146875 0.154167 0.878696
2.000000 0.031248 0.104168 0.031250 0.050000 0.463602
2.000000 0.173436 0.283334 0.065625 0.075000 0.762300
2.000000 0.231252 0.193751 0.050000 0.054167 0.773977
2.000000 0.510936 0.616667 0.146875 0.150000 0.875453
2.000000 0.232812 0.116666 0.053125 0.075000 0.339838
2.000000 0.006248 0.137501 0.037500 0.033333 0.661997
2.000000 0.242188 0.175001 0.053125 0.075000 0.703834
2.000000 0.171876 0.231251 0.068750 0.095833 0.756054
2.000000 0.031248 0.102083 0.031250 0.054167 0.446954
2.000000 0.231252 0.193751 0.050000 0.054167 0.766285
2.000000 0.171876 0.281249 0.062500 0.070833 0.789079
2.000000 0.503124 0.602084 0.150000 0.145833 0.875027
2.000000 0.031248 0.102083 0.031250 0.062500 0.436638
2.000000 0.231252 0.191666 0.050000 0.050000 0.765511
2.000000 0.171876 0.279167 0.062500 0.066667 0.796227
2.000000 0.495312 0.589583 0.140625 0.137500 0.873818
2.000000 0.029688 0.104168 0.034375 0.058333 0.432131
2.000000 0.231252 0.189584 0.050000 0.054167 0.747787
2.000000 0.171876 0.277082 0.062500 0.070833 0.777339
2.000000 0.489064 0.581249 0.140625 0.137500 0.847761
2.000000 0.198436 0.091667 0.034375 0.041667 0.300806
2.000000 0.029688 0.104168 0.034375 0.058333 0.419146
2.000000 0.229688 0.189584 0.046875 0.054167 0.669663
2.000000 0.171876 0.270833 0.062500 0.066667 0.770476
2.000000 0.476564 0.570833 0.134375 0.141667 0.855208
2.000000 0.029688 0.106250 0.034375 0.054167 0.446861
2.000000 0.229688 0.189584 0.046875 0.054167 0.639325
2.000000 0.171876 0.268751 0.062500 0.070833 0.751197
2.000000 0.470312 0.560417 0.134375 0.129167 0.852417
2.000000 0.029688 0.106250 0.034375 0.054167 0.428282
2.000000 0.228124 0.185417 0.050000 0.054167 0.651204
2.000000 0.171876 0.266666 0.068750 0.066667 0.729692
2.000000 0.465624 0.550001 0.131250 0.133333 0.845092
2.000000 0.029688 0.106250 0.034375 0.054167 0.425079
2.000000 0.226564 0.185417 0.046875 0.054167 0.628009
2.000000 0.170312 0.262499 0.065625 0.066667 0.754169
2.000000 0.459376 0.541667 0.125000 0.125000 0.846664
2.000000 0.029688 0.106250 0.034375 0.062500 0.471997
2.000000 0.226564 0.185417 0.046875 0.054167 0.642070
2.000000 0.170312 0.262499 0.065625 0.066667 0.757726
2.000000 0.453124 0.529166 0.125000 0.125000 0.869279
2.000000 0.029688 0.106250 0.034375 0.062500 0.458115
2.000000 0.225000 0.181250 0.043750 0.054167 0.655075
2.000000 0.170312 0.258332 0.065625 0.066667 0.755313
2.000000 0.446876 0.524999 0.125000 0.125000 0.878247
2.000000 0.028124 0.108332 0.037500 0.058333 0.459506
2.000000 0.223436 0.181250 0.046875 0.054167 0.697518
2.000000 0.170312 0.254168 0.065625 0.066667 0.738048
2.000000 0.440624 0.516668 0.118750 0.125000 0.842081
2.000000 0.060936 0.070832 0.028125 0.033333 0.319660
2.000000 0.232812 0.116666 0.053125 0.075000 0.322009
2.000000 0.006248 0.139583 0.037500 0.037500 0.648322
2.000000 0.240624 0.175001 0.056250 0.075000 0.694130
2.000000 0.171876 0.229166 0.068750 0.091667 0.730968
2.000000 0.028124 0.106250 0.037500 0.062500 0.444473
2.000000 0.223436 0.179168 0.046875 0.050000 0.720925
2.000000 0.168752 0.250001 0.056250 0.066667 0.761039
2.000000 0.434376 0.508334 0.118750 0.125000 0.833067
2.000000 0.026564 0.106250 0.034375 0.062500 0.433533
2.000000 0.223436 0.179168 0.046875 0.050000 0.717557
2.000000 0.167188 0.250001 0.059375 0.066667 0.775470
2.000000 0.429688 0.497918 0.115625 0.120833 0.800591
2.000000 0.026564 0.108332 0.034375 0.058333 0.404132
2.000000 0.223436 0.177083 0.046875 0.045833 0.742363
2.000000 0.423436 0.489584 0.115625 0.120833 0.779382
2.000000 0.167188 0.247916 0.059375 0.062500 0.801864
2.000000 0.026564 0.108332 0.034375 0.058333 0.373577
2.000000 0.223436 0.175001 0.046875 0.050000 0.746327
2.000000 0.165624 0.243749 0.056250 0.062500 0.799826
2.000000 0.418752 0.485417 0.112500 0.120833 0.847382
2.000000 0.025000 0.112499 0.037500 0.058333 0.383129
2.000000 0.223436 0.175001 0.046875 0.050000 0.750162
2.000000 0.165624 0.243749 0.056250 0.062500 0.786203
2.000000 0.412500 0.477083 0.112500 0.120833 0.846820
2.000000 0.025000 0.114584 0.037500 0.054167 0.407815
2.000000 0.221876 0.175001 0.043750 0.050000 0.745992
2.000000 0.167188 0.239582 0.059375 0.062500 0.789738
2.000000 0.407812 0.466667 0.109375 0.116667 0.859475
2.000000 0.025000 0.112499 0.037500 0.058333 0.405970
2.000000 0.221876 0.170834 0.043750 0.050000 0.759489
2.000000 0.165624 0.237500 0.056250 0.066667 0.771668
2.000000 0.404688 0.460418 0.109375 0.112500 0.859339
2.000000 0.023436 0.116666 0.034375 0.058333 0.402929
2.000000 0.221876 0.170834 0.043750 0.050000 0.745904
2.000000 0.165624 0.235418 0.056250 0.062500 0.760108
2.000000 0.400000 0.456251 0.106250 0.112500 0.847329
2.000000 0.021876 0.116666 0.037500 0.058333 0.450808
2.000000 0.165624 0.231251 0.056250 0.062500 0.745731
2.000000 0.220312 0.170834 0.046875 0.050000 0.745810
2.000000 0.395312 0.452084 0.103125 0.112500 0.825576
2.000000 0.021876 0.116666 0.037500 0.058333 0.474785
2.000000 0.165624 0.231251 0.056250 0.062500 0.714793
2.000000 0.221876 0.170834 0.043750 0.050000 0.745768
2.000000 0.392188 0.441668 0.103125 0.108333 0.809929
2.000000 0.060936 0.070832 0.028125 0.033333 0.306863
2.000000 0.004688 0.139583 0.040625 0.037500 0.652310
2.000000 0.240624 0.175001 0.050000 0.075000 0.701485
2.000000 0.171876 0.229166 0.062500 0.091667 0.732450
2.000000 0.021876 0.116666 0.037500 0.058333 0.493963
2.000000 0.164064 0.231251 0.053125 0.062500 0.751270
2.000000 0.220312 0.170834 0.046875 0.050000 0.752738
2.000000 0.385936 0.435416 0.103125 0.104167 0.837144
2.000000 0.023436 0.116666 0.040625 0.058333 0.461597
2.000000 0.218752 0.170834 0.043750 0.050000 0.756553
2.000000 0.164064 0.229166 0.053125 0.058333 0.761507
2.000000 0.384376 0.431249 0.100000 0.104167 0.790173
2.000000 0.146876 0.087500 0.031250 0.050000 0.364582
2.000000 0.020312 0.114584 0.040625 0.062500 0.425825
2.000000 0.165624 0.227084 0.056250 0.062500 0.695136
2.000000 0.220312 0.166667 0.046875 0.050000 0.749956
2.000000 0.378124 0.425000 0.100000 0.108333 0.823634
2.000000 0.146876 0.087500 0.031250 0.050000 0.389315
2.000000 0.020312 0.114584 0.040625 0.062500 0.415110
2.000000 0.165624 0.224999 0.056250 0.058333 0.735175
2.000000 0.218752 0.166667 0.043750 0.050000 0.751307
2.000000 0.373436 0.418751 0.096875 0.104167 0.814794
2.000000 0.020312 0.116666 0.040625 0.058333 0.430414
2.000000 0.218752 0.166667 0.043750 0.050000 0.757887
2.000000 0.165624 0.222917 0.056250 0.054167 0.768974
2.000000 0.371876 0.416666 0.093750 0.100000 0.809550
2.000000 0.020312 0.118751 0.040625 0.062500 0.456153
2.000000 0.164064 0.220832 0.053125 0.058333 0.753346
2.000000 0.368752 0.408332 0.093750 0.100000 0.754083
2.000000 0.218752 0.164582 0.043750 0.045833 0.760487
2.000000 0.020312 0.118751 0.040625 0.062500 0.481355
2.000000 0.164064 0.216668 0.053125 0.058333 0.739349
2.000000 0.364064 0.404168 0.096875 0.100000 0.741261
2.000000 0.218752 0.162500 0.043750 0.050000 0.763962
2.000000 0.017188 0.120833 0.040625 0.058333 0.495740
2.000000 0.162500 0.216668 0.050000 0.058333 0.745956
2.000000 0.218752 0.162500 0.043750 0.050000 0.764143
2.000000 0.362500 0.397916 0.093750 0.095833 0.798310
2.000000 0.017188 0.122918 0.040625 0.054167 0.488160
2.000000 0.357812 0.393749 0.090625 0.095833 0.725668
2.000000 0.217188 0.162500 0.040625 0.050000 0.760961
2.000000 0.162500 0.212501 0.050000 0.058333 0.768467
2.000000 0.146876 0.085418 0.031250 0.045833 0.300748
2.000000 0.195312 0.081251 0.034375 0.054167 0.302290
2.000000 0.017188 0.122918 0.040625 0.054167 0.462312
2.000000 0.162500 0.212501 0.050000 0.058333 0.755103
2.000000 0.217188 0.160418 0.040625 0.045833 0.763946
2.000000 0.354688 0.389582 0.090625 0.095833 0.788028
2.000000 0.060936 0.070832 0.028125 0.033333 0.305019
2.000000 0.232812 0.114584 0.053125 0.070833 0.328054
2.000000 0.004688 0.139583 0.040625 0.037500 0.653940
2.000000 0.239064 0.170834 0.053125 0.075000 0.745253
2.000000 0.170312 0.227084 0.065625 0.087500 0.770588
2.000000 0.148436 0.085418 0.028125 0.045833 0.309717
2.000000 0.017188 0.125000 0.040625 0.058333 0.453463
2.000000 0.162500 0.210416 0.050000 0.054167 0.761781
2.000000 0.217188 0.160418 0.040625 0.045833 0.763435
2.000000 0.351564 0.381251 0.090625 0.095833 0.790643
2.000000 0.017188 0.122918 0.040625 0.062500 0.444473
2.000000 0.215624 0.158333 0.043750 0.050000 0.743421
2.000000 0.348436 0.377084 0.090625 0.095833 0.748196
2.000000 0.160936 0.206249 0.046875 0.054167 0.753421
2.000000 0.015624 0.122918 0.043750 0.062500 0.430245
2.000000 0.343752 0.370832 0.087500 0.091667 0.669141
2.000000 0.160936 0.206249 0.046875 0.054167 0.717672
2.000000 0.214064 0.158333 0.040625 0.050000 0.731626
2.000000 0.015624 0.120833 0.043750 0.066667 0.408130
2.000000 0.342188 0.368750 0.084375 0.087500 0.701616
2.000000 0.214064 0.156251 0.040625 0.045833 0.725063
2.000000 0.160936 0.204167 0.046875 0.050000 0.743305
2.000000 0.148436 0.081251 0.028125 0.045833 0.313441
2.000000 0.012500 0.135416 0.043750 0.045833 0.406869
2.000000 0.214064 0.156251 0.040625 0.045833 0.733004
2.000000 0.339064 0.364583 0.084375 0.087500 0.736385
2.000000 0.159376 0.204167 0.043750 0.050000 0.754242
2.000000 0.012500 0.135416 0.043750 0.045833 0.407769
2.000000 0.214064 0.156251 0.040625 0.045833 0.709966
2.000000 0.160936 0.202082 0.046875 0.054167 0.743927
2.000000 0.337500 0.360416 0.081250 0.087500 0.746055
2.000000 0.012500 0.139583 0.043750 0.045833 0.385788
2.000000 0.214064 0.152084 0.040625 0.045833 0.689988
2.000000 0.160936 0.200000 0.046875 0.050000 0.736512
2.000000 0.334376 0.356249 0.081250 0.087500 0.747656
2.000000 0.012500 0.137501 0.043750 0.050000 0.400219
2.000000 0.214064 0.152084 0.040625 0.045833 0.698907
2.000000 0.160936 0.200000 0.046875 0.050000 0.751344
2.000000 0.331248 0.352082 0.081250 0.087500 0.805971
2.000000 0.012500 0.137501 0.043750 0.050000 0.444038
2.000000 0.215624 0.152084 0.043750 0.045833 0.700385
2.000000 0.160936 0.197918 0.046875 0.054167 0.739798
2.000000 0.329688 0.347918 0.084375 0.087500 0.802992
2.000000 0.012500 0.127082 0.043750 0.070833 0.397132
2.000000 0.214064 0.152084 0.040625 0.045833 0.704013
2.000000 0.159376 0.193751 0.050000 0.054167 0.718119
2.000000 0.325000 0.345833 0.081250 0.083333 0.768608
2.000000 0.010936 0.129167 0.034375 0.033333 0.602292
2.000000 0.250000 0.189584 0.056250 0.079167 0.684981
2.000000 0.184376 0.258332 0.075000 0.108333 0.784452
2.000000 0.062500 0.070832 0.031250 0.033333 0.320565
2.000000 0.232812 0.112499 0.053125 0.066667 0.362732
2.000000 0.004688 0.141668 0.040625 0.041667 0.672826
2.000000 0.239064 0.170834 0.053125 0.075000 0.730626
2.000000 0.170312 0.224999 0.065625 0.091667 0.771184
2.000000 0.007812 0.143750 0.040625 0.045833 0.309332
2.000000 0.012500 0.127082 0.043750 0.070833 0.400132
2.000000 0.214064 0.152084 0.040625 0.045833 0.697885
2.000000 0.160936 0.193751 0.046875 0.054167 0.734850
2.000000 0.323436 0.339584 0.078125 0.087500 0.743165
2.000000 0.193748 0.081251 0.031250 0.045833 0.308692
2.000000 0.007812 0.143750 0.040625 0.045833 0.337108
2.000000 0.012500 0.125000 0.043750 0.075000 0.402428
2.000000 0.214064 0.152084 0.040625 0.045833 0.690109
2.000000 0.160936 0.191666 0.053125 0.050000 0.702461
2.000000 0.320312 0.337499 0.078125 0.083333 0.776892
2.000000 0.195312 0.081251 0.034375 0.045833 0.310024
2.000000 0.009376 0.137501 0.043750 0.050000 0.442293
2.000000 0.214064 0.149999 0.040625 0.050000 0.674756
2.000000 0.159376 0.191666 0.050000 0.050000 0.714462
2.000000 0.320312 0.333332 0.078125 0.083333 0.734093
2.000000 0.007812 0.139583 0.040625 0.054167 0.453720
2.000000 0.210936 0.149999 0.040625 0.041667 0.638966
2.000000 0.317188 0.331250 0.078125 0.079167 0.688655
2.000000 0.160936 0.187499 0.053125 0.050000 0.694552
2.000000 0.006248 0.143750 0.043750 0.045833 0.456746
2.000000 0.210936 0.147917 0.040625 0.045833 0.644558
2.000000 0.312500 0.325001 0.075000 0.083333 0.667689
2.000000 0.159376 0.187499 0.050000 0.050000 0.690419
2.000000 0.006248 0.141668 0.043750 0.050000 0.504127
2.000000 0.212500 0.147917 0.043750 0.045833 0.642893
2.000000 0.310936 0.320834 0.071875 0.083333 0.679934
2.000000 0.159376 0.185417 0.050000 0.045833 0.683754
2.000000 0.193748 0.077084 0.031250 0.045833 0.303409
2.000000 0.006248 0.145832 0.043750 0.050000 0.490884
2.000000 0.212500 0.147917 0.043750 0.045833 0.643189
2.000000 0.157812 0.183332 0.040625 0.050000 0.677503
2.000000 0.309376 0.316667 0.075000 0.083333 0.723255
2.000000 0.193748 0.074999 0.037500 0.050000 0.323571
2.000000 0.004688 0.145832 0.046875 0.050000 0.471066
2.000000 0.212500 0.147917 0.043750 0.045833 0.620471
2.000000 0.157812 0.181250 0.040625 0.045833 0.690625
2.000000 0.307812 0.312500 0.071875 0.083333 0.747709
2.000000 0.192188 0.077084 0.034375 0.045833 0.334735
2.000000 0.003124 0.145832 0.043750 0.050000 0.477342
2.000000 0.212500 0.147917 0.043750 0.045833 0.573064
2.000000 0.156248 0.179168 0.043750 0.050000 0.688145
2.000000 0.307812 0.310418 0.071875 0.079167 0.753430
2.000000 0.193748 0.079166 0.031250 0.041667 0.321007
2.000000 0.001564 0.145832 0.046875 0.050000 0.516021
2.000000 0.209376 0.145832 0.037500 0.041667 0.587850
2.000000 0.157812 0.177083 0.040625 0.045833 0.663767
2.000000 0.304688 0.308333 0.071875 0.083333 0.764702
2.000000 0.232812 0.110417 0.053125 0.062500 0.381029
2.000000 0.004688 0.143750 0.040625 0.037500 0.675771
2.000000 0.239064 0.170834 0.053125 0.075000 0.726553
2.000000 0.170312 0.220832 0.065625 0.091667 0.791363
2.000000 0.193748 0.079166 0.031250 0.041667 0.324861
2.000000 0.001564 0.145832 0.046875 0.050000 0.516207
2.000000 0.209376 0.143750 0.037500 0.037500 0.596797
2.000000 0.156248 0.175001 0.043750 0.050000 0.675746
2.000000 0.303124 0.306251 0.068750 0.079167 0.701876
2.000000 0.193748 0.074999 0.031250 0.041667 0.351197
2.000000 0.001564 0.145832 0.046875 0.050000 0.503464
2.000000 0.300000 0.302084 0.068750 0.079167 0.651491
2.000000 0.207812 0.143750 0.034375 0.037500 0.659256
2.000000 0.156248 0.175001 0.043750 0.050000 0.691459
2.000000 0.193748 0.074999 0.031250 0.041667 0.363552
2.000000 0.001564 0.145832 0.046875 0.050000 0.518757
2.000000 0.207812 0.143750 0.034375 0.037500 0.632291
2.000000 0.156248 0.175001 0.043750 0.050000 0.674995
2.000000 0.298436 0.295832 0.065625 0.075000 0.675159
2.000000 0.004688 0.125000 0.046875 0.066667 0.339811
2.000000 0.193748 0.074999 0.031250 0.041667 0.392486
2.000000 0.001564 0.147917 0.046875 0.054167 0.549602
2.000000 0.207812 0.141668 0.034375 0.041667 0.634631
2.000000 0.157812 0.170834 0.046875 0.050000 0.635562
2.000000 0.296876 0.295832 0.068750 0.075000 0.760492
2.000000 0.003124 0.118751 0.043750 0.054167 0.346589
2.000000 0.193748 0.072917 0.031250 0.045833 0.390373
2.000000 0.000000 0.147917 0.043750 0.054167 0.569706
2.000000 0.156248 0.170834 0.043750 0.050000 0.625865
2.000000 0.207812 0.141668 0.034375 0.041667 0.627460
2.000000 0.295312 0.291668 0.071875 0.075000 0.767808
2.000000 0.003124 0.116666 0.043750 0.050000 0.319219
2.000000 0.193748 0.074999 0.031250 0.041667 0.387235
2.000000 0.001564 0.149999 0.046875 0.050000 0.556932
2.000000 0.156248 0.170834 0.043750 0.050000 0.605501
2.000000 0.207812 0.139583 0.034375 0.037500 0.616467
2.000000 0.293752 0.289583 0.068750 0.070833 0.784353
2.000000 0.193748 0.072917 0.031250 0.045833 0.397384
2.000000 0.207812 0.139583 0.034375 0.037500 0.626256
2.000000 0.154688 0.170834 0.040625 0.050000 0.627529
2.000000 0.292188 0.285416 0.065625 0.070833 0.754803
2.000000 0.193748 0.074999 0.031250 0.041667 0.427152
2.000000 0.154688 0.168749 0.040625 0.045833 0.663680
2.000000 0.207812 0.137501 0.034375 0.041667 0.672302
2.000000 0.290624 0.283334 0.062500 0.075000 0.737556
2.000000 0.001564 0.118751 0.046875 0.054167 0.324115
2.000000 0.193748 0.074999 0.031250 0.041667 0.440235
2.000000 0.154688 0.168749 0.040625 0.045833 0.612275
2.000000 0.207812 0.137501 0.034375 0.041667 0.704936
2.000000 0.289064 0.281249 0.065625 0.070833 0.720021
2.000000 0.001564 0.120833 0.046875 0.058333 0.328426
2.000000 0.193748 0.072917 0.031250 0.045833 0.443661
2.000000 0.154688 0.166667 0.040625 0.041667 0.566583
2.000000 0.207812 0.137501 0.034375 0.041667 0.702264
2.000000 0.285936 0.277082 0.065625 0.070833 0.784088
2.000000 0.062500 0.070832 0.031250 0.033333 0.319943
2.000000 0.232812 0.110417 0.053125 0.062500 0.361095
2.000000 0.004688 0.143750 0.040625 0.037500 0.661322
2.000000 0.239064 0.168749 0.053125 0.070833 0.724627
2.000000 0.170312 0.220832 0.065625 0.091667 0.791521
2.000000 0.001564 0.120833 0.046875 0.058333 0.326380
2.000000 0.193748 0.072917 0.031250 0.045833 0.448355
2.000000 0.153124 0.164582 0.037500 0.045833 0.605374
2.000000 0.206248 0.137501 0.037500 0.041667 0.702366
2.000000 0.285936 0.275000 0.065625 0.066667 0.805935
2.000000 0.000000 0.118751 0.050000 0.054167 0.314231
2.000000 0.193748 0.072917 0.031250 0.045833 0.438269
2.000000 0.153124 0.162500 0.037500 0.041667 0.600018
2.000000 0.206248 0.137501 0.037500 0.041667 0.687211
2.000000 0.282812 0.272918 0.065625 0.070833 0.804629
2.000000 0.001564 0.118751 0.046875 0.054167 0.360437
2.000000 0.193748 0.072917 0.031250 0.045833 0.443675
2.000000 0.153124 0.162500 0.037500 0.041667 0.594363
2.000000 0.206248 0.137501 0.037500 0.041667 0.705748
2.000000 0.282812 0.270833 0.065625 0.066667 0.790933
2.000000 0.000000 0.118751 0.050000 0.054167 0.336688
2.000000 0.192188 0.072917 0.034375 0.045833 0.447047
2.000000 0.153124 0.162500 0.037500 0.041667 0.577394
2.000000 0.206248 0.135416 0.037500 0.045833 0.708843
2.000000 0.281248 0.266666 0.062500 0.066667 0.788703
2.000000 0.192188 0.072917 0.034375 0.045833 0.457806
2.000000 0.153124 0.162500 0.037500 0.041667 0.594662
2.000000 0.206248 0.135416 0.037500 0.045833 0.710727
2.000000 0.281248 0.266666 0.062500 0.066667 0.778606
2.000000 0.192188 0.072917 0.034375 0.045833 0.471240
2.000000 0.153124 0.160418 0.037500 0.045833 0.604477
2.000000 0.206248 0.133334 0.037500 0.041667 0.713028
2.000000 0.278124 0.262499 0.062500 0.066667 0.761971
2.000000 0.192188 0.072917 0.034375 0.045833 0.466936
2.000000 0.153124 0.158333 0.037500 0.041667 0.568817
2.000000 0.206248 0.133334 0.037500 0.041667 0.694937
2.000000 0.276564 0.260417 0.059375 0.062500 0.785522
2.000000 0.192188 0.072917 0.034375 0.045833 0.466047
2.000000 0.151564 0.158333 0.034375 0.041667 0.547758
2.000000 0.204688 0.133334 0.040625 0.041667 0.707285
2.000000 0.276564 0.258332 0.059375 0.066667 0.774740
2.000000 0.192188 0.070832 0.034375 0.041667 0.466421
2.000000 0.151564 0.158333 0.034375 0.041667 0.584270
2.000000 0.204688 0.133334 0.040625 0.041667 0.693473
2.000000 0.276564 0.254168 0.059375 0.066667 0.765372
2.000000 0.192188 0.070832 0.034375 0.041667 0.462546
2.000000 0.151564 0.154166 0.034375 0.041667 0.565183
2.000000 0.206248 0.129167 0.037500 0.041667 0.680216
2.000000 0.273436 0.254168 0.059375 0.066667 0.772505
2.000000 0.062500 0.068750 0.031250 0.037500 0.301102
2.000000 0.232812 0.110417 0.053125 0.062500 0.373284
2.000000 0.004688 0.143750 0.040625 0.037500 0.654297
2.000000 0.237500 0.168749 0.050000 0.070833 0.730317
2.000000 0.168752 0.218750 0.068750 0.095833 0.798881
2.000000 0.192188 0.068750 0.034375 0.045833 0.471057
2.000000 0.151564 0.154166 0.034375 0.041667 0.595160
2.000000 0.204688 0.129167 0.040625 0.041667 0.672510
2.000000 0.271876 0.252083 0.062500 0.062500 0.791186
2.000000 0.192188 0.068750 0.034375 0.045833 0.442774
2.000000 0.151564 0.152084 0.034375 0.037500 0.623389
2.000000 0.203124 0.129167 0.037500 0.041667 0.686694
2.000000 0.271876 0.250001 0.062500 0.066667 0.786021
2.000000 0.192188 0.070832 0.034375 0.041667 0.403994
2.000000 0.151564 0.152084 0.034375 0.037500 0.615799
2.000000 0.203124 0.129167 0.037500 0.041667 0.694385
2.000000 0.268748 0.247916 0.056250 0.062500 0.794177
2.000000 0.192188 0.070832 0.034375 0.041667 0.399771
2.000000 0.151564 0.152084 0.034375 0.037500 0.537891
2.000000 0.203124 0.129167 0.037500 0.041667 0.696083
2.000000 0.268748 0.243749 0.056250 0.062500 0.794908
2.000000 0.192188 0.070832 0.034375 0.041667 0.415695
2.000000 0.151564 0.149999 0.034375 0.041667 0.574117
2.000000 0.203124 0.129167 0.037500 0.041667 0.695706
2.000000 0.267188 0.241667 0.053125 0.066667 0.812539
2.000000 0.192188 0.070832 0.034375 0.041667 0.434054
2.000000 0.151564 0.149999 0.034375 0.041667 0.568671
2.000000 0.203124 0.127082 0.037500 0.037500 0.713947
2.000000 0.265624 0.241667 0.056250 0.066667 0.820913
2.000000 0.192188 0.070832 0.034375 0.041667 0.424080
2.000000 0.151564 0.149999 0.034375 0.041667 0.564038
2.000000 0.203124 0.129167 0.037500 0.041667 0.702465
2.000000 0.262500 0.239582 0.056250 0.062500 0.814490
2.000000 0.192188 0.070832 0.034375 0.041667 0.410964
2.000000 0.151564 0.147917 0.034375 0.037500 0.566062
2.000000 0.203124 0.127082 0.037500 0.037500 0.698508
2.000000 0.262500 0.237500 0.056250 0.066667 0.803973
2.000000 0.192188 0.070832 0.034375 0.041667 0.415826
2.000000 0.151564 0.147917 0.034375 0.037500 0.524385
2.000000 0.203124 0.127082 0.037500 0.037500 0.685987
2.000000 0.262500 0.235418 0.056250 0.062500 0.797636
2.000000 0.193748 0.070832 0.031250 0.041667 0.396017
2.000000 0.151564 0.145832 0.034375 0.041667 0.564283
2.000000 0.203124 0.127082 0.037500 0.037500 0.650174
2.000000 0.262500 0.233333 0.056250 0.066667 0.791540
2.000000 0.232812 0.112499 0.053125 0.058333 0.406371
2.000000 0.001564 0.143750 0.040625 0.037500 0.582612
2.000000 0.237500 0.166667 0.050000 0.075000 0.714870
2.000000 0.170312 0.216668 0.065625 0.091667 0.785909
2.000000 0.757812 0.977084 0.253125 0.254167 0.921772
2.000000 0.192188 0.070832 0.034375 0.041667 0.416194
2.000000 0.151564 0.145832 0.034375 0.041667 0.531121
2.000000 0.204688 0.125000 0.034375 0.033333 0.662571
2.000000 0.260936 0.231251 0.053125 0.062500 0.785512
2.000000 0.151564 0.143750 0.034375 0.037500 0.464113
2.000000 0.192188 0.068750 0.034375 0.045833 0.464713
2.000000 0.203124 0.122918 0.037500 0.037500 0.658570
2.000000 0.259376 0.231251 0.056250 0.062500 0.769839
2.000000 0.151564 0.143750 0.034375 0.037500 0.452165
2.000000 0.190624 0.064583 0.031250 0.045833 0.457664
2.000000 0.203124 0.122918 0.037500 0.037500 0.662135
2.000000 0.259376 0.227084 0.056250 0.062500 0.782918
2.000000 0.150000 0.141668 0.031250 0.033333 0.450356
2.000000 0.190624 0.064583 0.031250 0.045833 0.451487
2.000000 0.203124 0.122918 0.037500 0.037500 0.666513
2.000000 0.257812 0.224999 0.053125 0.058333 0.778362
2.000000 0.192188 0.066668 0.034375 0.041667 0.424092
2.000000 0.150000 0.139583 0.031250 0.037500 0.452945
2.000000 0.204688 0.122918 0.034375 0.037500 0.641078
2.000000 0.257812 0.224999 0.053125 0.058333 0.722211
2.000000 0.190624 0.064583 0.031250 0.045833 0.426282
2.000000 0.148436 0.137501 0.034375 0.041667 0.482431
2.000000 0.203124 0.122918 0.037500 0.037500 0.609867
2.000000 0.257812 0.220832 0.053125 0.058333 0.699814
2.000000 0.190624 0.064583 0.031250 0.045833 0.426350
2.000000 0.148436 0.137501 0.034375 0.041667 0.505127
2.000000 0.203124 0.120833 0.037500 0.041667 0.601800
2.000000 0.256248 0.220832 0.050000 0.058333 0.709213
2.000000 0.190624 0.064583 0.031250 0.045833 0.431755
2.000000 0.148436 0.137501 0.034375 0.041667 0.473513
2.000000 0.203124 0.122918 0.037500 0.037500 0.600789
2.000000 0.254688 0.218750 0.053125 0.062500 0.718835
2.000000 0.190624 0.066668 0.031250 0.041667 0.406335
2.000000 0.150000 0.137501 0.031250 0.041667 0.422063
2.000000 0.203124 0.122918 0.037500 0.037500 0.582907
2.000000 0.253124 0.216668 0.050000 0.058333 0.731979
2.000000 0.150000 0.135416 0.031250 0.037500 0.362118
2.000000 0.190624 0.064583 0.031250 0.045833 0.403000
2.000000 0.203124 0.120833 0.037500 0.041667 0.572206
2.000000 0.253124 0.214583 0.050000 0.062500 0.736804
2.000000 0.231252 0.112499 0.056250 0.058333 0.427644
2.000000 0.001564 0.145832 0.040625 0.041667 0.594858
2.000000 0.237500 0.166667 0.050000 0.075000 0.730140
2.000000 0.167188 0.216668 0.065625 0.091667 0.794663
2.000000 0.739064 0.950000 0.240625 0.250000 0.925845
2.000000 0.150000 0.135416 0.031250 0.037500 0.366376
2.000000 0.190624 0.064583 0.031250 0.045833 0.403998
2.000000 0.201564 0.120833 0.034375 0.041667 0.536982
2.000000 0.253124 0.214583 0.050000 0.054167 0.729147
2.000000 0.148436 0.135416 0.034375 0.037500 0.358913
2.000000 0.189064 0.062501 0.028125 0.050000 0.401271
2.000000 0.203124 0.118751 0.037500 0.037500 0.589722
2.000000 0.250000 0.212501 0.050000 0.058333 0.742179
2.000000 0.150000 0.135416 0.031250 0.037500 0.311605
2.000000 0.190624 0.062501 0.031250 0.050000 0.389197
2.000000 0.203124 0.118751 0.037500 0.037500 0.577620
2.000000 0.250000 0.210416 0.050000 0.054167 0.738079
2.000000 0.148436 0.131249 0.028125 0.037500 0.331709
2.000000 0.190624 0.062501 0.031250 0.050000 0.348840
2.000000 0.203124 0.116666 0.037500 0.041667 0.500482
2.000000 0.248436 0.208334 0.046875 0.058333 0.721391
2.000000 0.148436 0.131249 0.028125 0.037500 0.333614
2.000000 0.190624 0.062501 0.031250 0.050000 0.342595
2.000000 0.201564 0.114584 0.034375 0.037500 0.513637
2.000000 0.248436 0.206249 0.046875 0.054167 0.735340
2.000000 0.190624 0.060416 0.031250 0.045833 0.345894
2.000000 0.146876 0.129167 0.031250 0.041667 0.396866
2.000000 0.203124 0.114584 0.037500 0.037500 0.571212
2.000000 0.246876 0.204167 0.050000 0.058333 0.744927
2.000000 0.148436 0.129167 0.028125 0.041667 0.352953
2.000000 0.189064 0.060416 0.028125 0.045833 0.364387
2.000000 0.201564 0.114584 0.034375 0.037500 0.539634
2.000000 0.245312 0.204167 0.046875 0.058333 0.747635
2.000000 0.189064 0.060416 0.028125 0.045833 0.361889
2.000000 0.146876 0.127082 0.031250 0.037500 0.364862
2.000000 0.201564 0.116666 0.034375 0.033333 0.529493
2.000000 0.245312 0.202082 0.046875 0.054167 0.770272
2.000000 0.189064 0.058334 0.028125 0.050000 0.361452
2.000000 0.148436 0.127082 0.028125 0.037500 0.365068
2.000000 0.201564 0.114584 0.034375 0.037500 0.525376
2.000000 0.245312 0.202082 0.046875 0.054167 0.772658
2.000000 0.189064 0.060416 0.028125 0.054167 0.359926
2.000000 0.148436 0.127082 0.028125 0.037500 0.369842
2.000000 0.200000 0.116666 0.031250 0.033333 0.522843
2.000000 0.245312 0.202082 0.046875 0.054167 0.783193
2.000000 0.062500 0.064583 0.031250 0.037500 0.307457
2.000000 0.004688 0.087500 0.028125 0.025000 0.312637
2.000000 0.231252 0.110417 0.056250 0.054167 0.373083
2.000000 0.000000 0.145832 0.043750 0.041667 0.535061
2.000000 0.237500 0.164582 0.050000 0.070833 0.703266
2.000000 0.167188 0.214583 0.065625 0.087500 0.768659
2.000000 0.720312 0.925001 0.234375 0.241667 0.928754
2.000000 0.150000 0.127082 0.031250 0.037500 0.342862
2.000000 0.189064 0.058334 0.028125 0.050000 0.359609
2.000000 0.200000 0.114584 0.031250 0.037500 0.426860
2.000000 0.245312 0.197918 0.046875 0.054167 0.760967
2.000000 0.189064 0.058334 0.028125 0.050000 0.367873
2.000000 0.150000 0.127082 0.031250 0.037500 0.388588
2.000000 0.200000 0.114584 0.031250 0.037500 0.392838
2.000000 0.242188 0.197918 0.046875 0.054167 0.781849
2.000000 0.189064 0.058334 0.028125 0.050000 0.354049
2.000000 0.148436 0.127082 0.034375 0.037500 0.393165
2.000000 0.201564 0.114584 0.034375 0.037500 0.402270
2.000000 0.773436 0.979166 0.290625 0.341667 0.569891
2.000000 0.242188 0.197918 0.046875 0.054167 0.790350
2.000000 0.189064 0.058334 0.028125 0.050000 0.339653
2.000000 0.150000 0.125000 0.031250 0.033333 0.384639
2.000000 0.200000 0.112499 0.031250 0.033333 0.417268
2.000000 0.753124 0.956249 0.281250 0.329166 0.727907
2.000000 0.242188 0.193751 0.046875 0.054167 0.757662
2.000000 0.189064 0.058334 0.028125 0.050000 0.360318
2.000000 0.148436 0.125000 0.034375 0.033333 0.396867
2.000000 0.200000 0.112499 0.031250 0.033333 0.417510
2.000000 0.737500 0.931250 0.268750 0.320832 0.594585
2.000000 0.240624 0.191666 0.043750 0.050000 0.763319
2.000000 0.382812 0.995834 0.228125 0.275000 0.899752
2.000000 0.189064 0.058334 0.028125 0.050000 0.344133
2.000000 0.148436 0.125000 0.034375 0.033333 0.386397
2.000000 0.198436 0.110417 0.028125 0.037500 0.390259
2.000000 0.239064 0.191666 0.046875 0.050000 0.757952
2.000000 0.373436 0.968750 0.221875 0.262500 0.885506
2.000000 0.189064 0.058334 0.028125 0.050000 0.321666
2.000000 0.148436 0.122918 0.034375 0.037500 0.336132
2.000000 0.198436 0.110417 0.028125 0.037500 0.361143
2.000000 0.704688 0.885416 0.253125 0.304167 0.512843
2.000000 0.239064 0.189584 0.046875 0.054167 0.741724
2.000000 0.364064 0.939584 0.215625 0.262500 0.892436
2.000000 0.148436 0.122918 0.034375 0.037500 0.303045
2.000000 0.189064 0.058334 0.028125 0.050000 0.317267
2.000000 0.198436 0.110417 0.028125 0.037500 0.378901
2.000000 0.239064 0.189584 0.046875 0.054167 0.738008
2.000000 0.353124 0.916667 0.206250 0.250000 0.857644
2.000000 0.189064 0.058334 0.028125 0.050000 0.307550
2.000000 0.196876 0.110417 0.031250 0.037500 0.375620
2.000000 0.675000 0.847916 0.243750 0.287500 0.560249
2.000000 0.239064 0.187499 0.046875 0.050000 0.747568
2.000000 0.345312 0.893750 0.203125 0.245833 0.849187
2.000000 0.196876 0.106250 0.031250 0.037500 0.347175
2.000000 0.660936 0.827084 0.234375 0.270833 0.544933
2.000000 0.237500 0.185417 0.043750 0.054167 0.744635
2.000000 0.337500 0.875000 0.200000 0.241667 0.857598
2.000000 0.004688 0.087500 0.028125 0.025000 0.316665
2.000000 0.062500 0.066668 0.031250 0.041667 0.324721
2.000000 0.232812 0.112499 0.053125 0.058333 0.356983
2.000000 0.000000 0.145832 0.043750 0.041667 0.549734
2.000000 0.237500 0.164582 0.050000 0.070833 0.698808
2.000000 0.167188 0.214583 0.059375 0.087500 0.751073
2.000000 0.703124 0.902084 0.225000 0.229167 0.897943
2.000000 0.195312 0.106250 0.028125 0.037500 0.312415
2.000000 0.646876 0.810416 0.231250 0.270833 0.531281
2.000000 0.235936 0.183332 0.046875 0.050000 0.756858
2.000000 0.331248 0.850001 0.193750 0.233333 0.851607
2.000000 0.200000 0.106250 0.031250 0.037500 0.475027
2.000000 0.235936 0.183332 0.046875 0.050000 0.742862
2.000000 0.323436 0.831251 0.190625 0.220833 0.839373
2.000000 0.198436 0.106250 0.034375 0.037500 0.473365
2.000000 0.235936 0.183332 0.046875 0.050000 0.733935
2.000000 0.315624 0.814583 0.181250 0.220833 0.828646
2.000000 0.198436 0.106250 0.034375 0.037500 0.474200
2.000000 0.234376 0.181250 0.043750 0.045833 0.728607
2.000000 0.309376 0.791666 0.181250 0.208333 0.843153
2.000000 0.198436 0.106250 0.034375 0.037500 0.475138
2.000000 0.234376 0.179168 0.043750 0.050000 0.724595
2.000000 0.303124 0.772916 0.175000 0.204167 0.813806
2.000000 0.198436 0.104168 0.034375 0.041667 0.472331
2.000000 0.234376 0.177083 0.043750 0.045833 0.711297
2.000000 0.295312 0.756251 0.171875 0.204167 0.834859
2.000000 0.198436 0.104168 0.034375 0.041667 0.463653
2.000000 0.421876 0.983333 0.231250 0.283333 0.495290
2.000000 0.232812 0.177083 0.040625 0.045833 0.701151
2.000000 0.290624 0.737501 0.168750 0.200000 0.769704
2.000000 0.198436 0.104168 0.034375 0.041667 0.454644
2.000000 0.412500 0.956249 0.225000 0.270833 0.647957
2.000000 0.231252 0.177083 0.043750 0.045833 0.700991
2.000000 0.284376 0.725000 0.162500 0.191667 0.772435
2.000000 0.198436 0.104168 0.034375 0.041667 0.455904
2.000000 0.231252 0.175001 0.043750 0.050000 0.704792
2.000000 0.279688 0.706250 0.159375 0.195833 0.767258
2.000000 0.196876 0.106250 0.031250 0.037500 0.404536
2.000000 0.229688 0.172916 0.040625 0.045833 0.720371
2.000000 0.276564 0.695834 0.159375 0.191667 0.765637
2.000000 0.062500 0.066668 0.031250 0.041667 0.327467
2.000000 0.229688 0.110417 0.053125 0.054167 0.376472
2.000000 0.237500 0.164582 0.050000 0.070833 0.722513
2.000000 0.164064 0.212501 0.059375 0.083333 0.733260
2.000000 0.684376 0.879167 0.218750 0.225000 0.917599
2.000000 0.196876 0.104168 0.031250 0.041667 0.357514
2.000000 0.382812 0.877082 0.203125 0.254167 0.444540
2.000000 0.229688 0.170834 0.040625 0.050000 0.730073
2.000000 0.270312 0.683333 0.153125 0.183333 0.785874
2.000000 0.150000 0.110417 0.025000 0.037500 0.306428
2.000000 0.196876 0.102083 0.031250 0.037500 0.378413
2.000000 0.228124 0.170834 0.043750 0.050000 0.719792
2.000000 0.268748 0.670832 0.143750 0.183333 0.808938
2.000000 0.148436 0.110417 0.028125 0.037500 0.324519
2.000000 0.196876 0.102083 0.031250 0.037500 0.396851
2.000000 0.364064 0.839582 0.190625 0.237500 0.501393
2.000000 0.228124 0.168749 0.043750 0.045833 0.717419
2.000000 0.262500 0.656249 0.143750 0.179167 0.825904
2.000000 0.196876 0.102083 0.031250 0.037500 0.336631
2.000000 0.148436 0.110417 0.028125 0.037500 0.353589
2.000000 0.357812 0.818750 0.184375 0.229167 0.679906
2.000000 0.228124 0.166667 0.043750 0.050000 0.731436
2.000000 0.259376 0.643751 0.143750 0.179167 0.814630
2.000000 0.196876 0.102083 0.037500 0.037500 0.348890
2.000000 0.148436 0.110417 0.028125 0.037500 0.380742
2.000000 0.228124 0.166667 0.043750 0.050000 0.718280
2.000000 0.348436 0.797918 0.184375 0.229167 0.727294
2.000000 0.254688 0.631250 0.140625 0.170833 0.786270
2.000000 0.196876 0.102083 0.037500 0.037500 0.337185
2.000000 0.148436 0.108332 0.028125 0.033333 0.371327
2.000000 0.228124 0.164582 0.043750 0.045833 0.676363
2.000000 0.345312 0.781250 0.184375 0.220833 0.735160
2.000000 0.251564 0.620834 0.140625 0.166667 0.806028
2.000000 0.148436 0.108332 0.028125 0.033333 0.352997
2.000000 0.228124 0.162500 0.043750 0.050000 0.677727
2.000000 0.343752 0.762500 0.187500 0.216667 0.791999
2.000000 0.246876 0.610418 0.137500 0.162500 0.792968
2.000000 0.196876 0.102083 0.031250 0.037500 0.316411
2.000000 0.150000 0.108332 0.025000 0.033333 0.348477
2.000000 0.226564 0.162500 0.046875 0.050000 0.679343
2.000000 0.243752 0.604166 0.137500 0.158333 0.767376
2.000000 0.340624 0.747917 0.187500 0.212500 0.834748
2.000000 0.198436 0.102083 0.034375 0.037500 0.308478
2.000000 0.148436 0.108332 0.028125 0.033333 0.360938
2.000000 0.225000 0.162500 0.043750 0.050000 0.670577
2.000000 0.239064 0.591668 0.134375 0.158333 0.727366
2.000000 0.335936 0.731249 0.190625 0.204167 0.754253
2.000000 0.198436 0.102083 0.034375 0.037500 0.313165
2.000000 0.148436 0.106250 0.028125 0.037500 0.339768
2.000000 0.225000 0.160418 0.043750 0.045833 0.672375
2.000000 0.234376 0.581249 0.131250 0.154167 0.701993
2.000000 0.320312 0.718751 0.165625 0.195833 0.793165
2.000000 0.062500 0.066668 0.031250 0.041667 0.317394
2.000000 0.229688 0.108332 0.053125 0.058333 0.342766
2.000000 0.237500 0.164582 0.050000 0.070833 0.713388
2.000000 0.165624 0.210416 0.062500 0.079167 0.749007
2.000000 0.668752 0.858332 0.212500 0.225000 0.916808
2.000000 0.148436 0.106250 0.028125 0.037500 0.334528
2.000000 0.225000 0.160418 0.043750 0.045833 0.682545
2.000000 0.234376 0.572918 0.131250 0.154167 0.730586
2.000000 0.314064 0.700001 0.159375 0.200000 0.777068
2.000000 0.196876 0.100001 0.031250 0.033333 0.302814
2.000000 0.148436 0.106250 0.028125 0.037500 0.325605
2.000000 0.231252 0.562499 0.125000 0.150000 0.664730
2.000000 0.225000 0.158333 0.043750 0.050000 0.678002
2.000000 0.310936 0.689582 0.159375 0.195833 0.820074
2.000000 0.150000 0.104168 0.025000 0.033333 0.301993
2.000000 0.226564 0.554168 0.121875 0.150000 0.597419
2.000000 0.225000 0.158333 0.043750 0.050000 0.659134
2.000000 0.303124 0.674999 0.156250 0.183333 0.805413
2.000000 0.196876 0.100001 0.031250 0.033333 0.310806
2.000000 0.225000 0.156251 0.043750 0.045833 0.649532
2.000000 0.223436 0.543749 0.121875 0.145833 0.668542
2.000000 0.296876 0.660416 0.150000 0.179167 0.724158
2.000000 0.196876 0.100001 0.031250 0.033333 0.335360
2.000000 0.223436 0.154166 0.040625 0.050000 0.649066
2.000000 0.293752 0.647918 0.143750 0.179167 0.699789
2.000000 0.220312 0.535418 0.121875 0.145833 0.719491
2.000000 0.150000 0.104168 0.025000 0.033333 0.356302
2.000000 0.196876 0.100001 0.031250 0.033333 0.367865
2.000000 0.221876 0.154166 0.043750 0.050000 0.630888
2.000000 0.218752 0.529166 0.118750 0.141667 0.690828
2.000000 0.289064 0.635417 0.146875 0.170833 0.791040
2.000000 0.150000 0.104168 0.025000 0.033333 0.308418
2.000000 0.196876 0.100001 0.031250 0.033333 0.317080
2.000000 0.223436 0.154166 0.040625 0.050000 0.608121
2.000000 0.217188 0.520832 0.115625 0.141667 0.731582
2.000000 0.287500 0.625001 0.150000 0.166667 0.798121
2.000000 0.196876 0.100001 0.031250 0.033333 0.333979
2.000000 0.221876 0.152084 0.043750 0.045833 0.616798
2.000000 0.217188 0.510416 0.115625 0.137500 0.769394
2.000000 0.279688 0.610418 0.140625 0.162500 0.823206
2.000000 0.196876 0.100001 0.031250 0.033333 0.345049
2.000000 0.221876 0.152084 0.043750 0.045833 0.610556
2.000000 0.212500 0.506249 0.112500 0.137500 0.712725
2.000000 0.284376 0.604166 0.150000 0.158333 0.805963
2.000000 0.196876 0.100001 0.031250 0.033333 0.338844
2.000000 0.220312 0.149999 0.040625 0.041667 0.618847
2.000000 0.210936 0.495833 0.115625 0.133333 0.691729
2.000000 0.278124 0.593750 0.143750 0.162500 0.761023
2.000000 0.010936 0.129167 0.034375 0.033333 0.615341
2.000000 0.250000 0.187499 0.056250 0.075000 0.690245
2.000000 0.182812 0.258332 0.078125 0.108333 0.814279
2.000000 0.229688 0.108332 0.053125 0.058333 0.338896
2.000000 0.235936 0.162500 0.053125 0.075000 0.664748
2.000000 0.164064 0.208334 0.059375 0.083333 0.766735
2.000000 0.656248 0.837500 0.206250 0.216667 0.902931
2.000000 0.196876 0.100001 0.031250 0.033333 0.334840
2.000000 0.220312 0.147917 0.040625 0.045833 0.648009
2.000000 0.209376 0.489584 0.112500 0.129167 0.711626
2.000000 0.267188 0.577082 0.134375 0.154167 0.784887
2.000000 0.229688 0.106250 0.053125 0.054167 0.345932
2.000000 0.234376 0.160418 0.050000 0.070833 0.666308
2.000000 0.164064 0.206249 0.059375 0.079167 0.776925
2.000000 0.640624 0.818750 0.200000 0.212500 0.915012
2.000000 0.228124 0.108332 0.050000 0.058333 0.334725
2.000000 0.232812 0.160418 0.046875 0.070833 0.634538
2.000000 0.164064 0.206249 0.059375 0.079167 0.752653
2.000000 0.628124 0.802082 0.193750 0.204167 0.897326
2.000000 0.226564 0.108332 0.053125 0.058333 0.305663
2.000000 0.231252 0.160418 0.050000 0.070833 0.655051
2.000000 0.164064 0.202082 0.059375 0.079167 0.754940
2.000000 0.614064 0.781250 0.190625 0.195833 0.894679
2.000000 0.231252 0.160418 0.050000 0.070833 0.651231
2.000000 0.162500 0.202082 0.056250 0.079167 0.749743
2.000000 0.603124 0.764582 0.187500 0.195833 0.881714
2.000000 0.223436 0.110417 0.053125 0.062500 0.406512
2.000000 0.231252 0.158333 0.050000 0.075000 0.649183
2.000000 0.162500 0.200000 0.056250 0.075000 0.773802
2.000000 0.590624 0.749999 0.181250 0.191667 0.908624
2.000000 0.223436 0.108332 0.053125 0.058333 0.377235
2.000000 0.231252 0.158333 0.050000 0.066667 0.665821
2.000000 0.162500 0.197918 0.056250 0.079167 0.757502
2.000000 0.579688 0.733334 0.178125 0.183333 0.901536
2.000000 0.223436 0.108332 0.053125 0.058333 0.369257
2.000000 0.231252 0.156251 0.050000 0.070833 0.666762
2.000000 0.160936 0.197918 0.059375 0.079167 0.747378
2.000000 0.568748 0.720833 0.175000 0.183333 0.889414
2.000000 0.223436 0.106250 0.053125 0.054167 0.335668
2.000000 0.231252 0.156251 0.050000 0.070833 0.667722
2.000000 0.159376 0.197918 0.056250 0.079167 0.732178
2.000000 0.559376 0.704168 0.168750 0.175000 0.887159
2.000000 0.229688 0.154166 0.046875 0.066667 0.663872
2.000000 0.160936 0.193751 0.059375 0.079167 0.733355
2.000000 0.548436 0.687500 0.165625 0.166667 0.883006
2.000000 0.010936 0.129167 0.034375 0.033333 0.585598
2.000000 0.250000 0.187499 0.056250 0.075000 0.720039
2.000000 0.184376 0.256250 0.075000 0.104167 0.821299
2.000000 0.228124 0.154166 0.050000 0.066667 0.657786
2.000000 0.159376 0.193751 0.056250 0.079167 0.704355
2.000000 0.539064 0.677084 0.159375 0.162500 0.883911
2.000000 0.228124 0.154166 0.050000 0.066667 0.635406
2.000000 0.160936 0.189584 0.053125 0.079167 0.701887
2.000000 0.529688 0.662501 0.159375 0.158333 0.885479
2.000000 0.228124 0.154166 0.050000 0.066667 0.618614
2.000000 0.157812 0.189584 0.053125 0.079167 0.692666
2.000000 0.520312 0.645833 0.153125 0.150000 0.875107
2.000000 0.226564 0.152084 0.046875 0.062500 0.594014
2.000000 0.157812 0.189584 0.053125 0.079167 0.679136
2.000000 0.512500 0.637499 0.150000 0.150000 0.853406
2.000000 0.225000 0.152084 0.050000 0.062500 0.589092
2.000000 0.159376 0.187499 0.056250 0.075000 0.714349
2.000000 0.503124 0.620834 0.150000 0.141667 0.866812
2.000000 0.056252 0.083333 0.031250 0.033333 0.318243
2.000000 0.225000 0.152084 0.050000 0.062500 0.575358
2.000000 0.159376 0.185417 0.056250 0.079167 0.722700
2.000000 0.495312 0.612500 0.146875 0.141667 0.860633
2.000000 0.056252 0.081251 0.031250 0.037500 0.344834
2.000000 0.225000 0.152084 0.050000 0.062500 0.532161
2.000000 0.157812 0.185417 0.053125 0.079167 0.711618
2.000000 0.489064 0.602084 0.140625 0.137500 0.862116
2.000000 0.056252 0.081251 0.031250 0.037500 0.330323
2.000000 0.225000 0.152084 0.050000 0.062500 0.570588
2.000000 0.157812 0.183332 0.053125 0.075000 0.706824
2.000000 0.481252 0.591668 0.137500 0.133333 0.863761
2.000000 0.225000 0.152084 0.050000 0.062500 0.562249
2.000000 0.157812 0.183332 0.053125 0.075000 0.718568
2.000000 0.473436 0.579167 0.134375 0.133333 0.862833
2.000000 0.225000 0.152084 0.050000 0.062500 0.614633
2.000000 0.157812 0.181250 0.053125 0.070833 0.722675
2.000000 0.467188 0.572918 0.134375 0.137500 0.864099
2.000000 0.010936 0.129167 0.034375 0.033333 0.538287
2.000000 0.248436 0.187499 0.053125 0.075000 0.734625
2.000000 0.182812 0.254168 0.071875 0.108333 0.814830
2.000000 0.054688 0.081251 0.034375 0.037500 0.311728
2.000000 0.223436 0.147917 0.046875 0.062500 0.584720
2.000000 0.156248 0.179168 0.050000 0.075000 0.682456
2.000000 0.460936 0.558332 0.134375 0.116667 0.822302
2.000000 0.053124 0.083333 0.031250 0.033333 0.307295
2.000000 0.223436 0.147917 0.046875 0.062500 0.641896
2.000000 0.156248 0.179168 0.050000 0.075000 0.683901
2.000000 0.454688 0.552083 0.128125 0.129167 0.856055
2.000000 0.053124 0.083333 0.031250 0.033333 0.309353
2.000000 0.225000 0.147917 0.043750 0.062500 0.622305
2.000000 0.156248 0.177083 0.050000 0.079167 0.681929
2.000000 0.448436 0.545834 0.128125 0.125000 0.855014
2.000000 0.053124 0.083333 0.031250 0.033333 0.343416
2.000000 0.223436 0.147917 0.046875 0.062500 0.584313
2.000000 0.156248 0.175001 0.050000 0.075000 0.696529
2.000000 0.443748 0.535418 0.125000 0.120833 0.851263
2.000000 0.051564 0.081251 0.034375 0.037500 0.343080
2.000000 0.223436 0.147917 0.046875 0.062500 0.573905
2.000000 0.156248 0.175001 0.050000 0.075000 0.741285
2.000000 0.437500 0.524999 0.125000 0.116667 0.850072
2.000000 0.051564 0.083333 0.034375 0.041667 0.327063
2.000000 0.223436 0.145832 0.046875 0.058333 0.544469
2.000000 0.156248 0.175001 0.050000 0.075000 0.741092
2.000000 0.432812 0.520832 0.121875 0.116667 0.839754
2.000000 0.051564 0.083333 0.034375 0.041667 0.349448
2.000000 0.223436 0.145832 0.046875 0.058333 0.529799
2.000000 0.156248 0.172916 0.050000 0.070833 0.724615
2.000000 0.426564 0.512501 0.121875 0.116667 0.787229
2.000000 0.051564 0.083333 0.034375 0.041667 0.335679
2.000000 0.223436 0.143750 0.046875 0.062500 0.492983
2.000000 0.154688 0.170834 0.046875 0.075000 0.709584
2.000000 0.420312 0.502082 0.115625 0.112500 0.824630
2.000000 0.051564 0.083333 0.034375 0.041667 0.359781
2.000000 0.223436 0.143750 0.046875 0.062500 0.503544
2.000000 0.156248 0.168749 0.050000 0.070833 0.726691
2.000000 0.415624 0.493751 0.112500 0.112500 0.792163
2.000000 0.051564 0.083333 0.034375 0.041667 0.360065
2.000000 0.223436 0.143750 0.046875 0.062500 0.509669
2.000000 0.156248 0.168749 0.050000 0.070833 0.696177
2.000000 0.410936 0.487499 0.115625 0.116667 0.828258
2.000000 0.010936 0.129167 0.034375 0.033333 0.485198
2.000000 0.248436 0.187499 0.053125 0.075000 0.716918
2.000000 0.181252 0.252083 0.075000 0.104167 0.803538
2.000000 0.051564 0.083333 0.034375 0.041667 0.310624
2.000000 0.221876 0.139583 0.043750 0.062500 0.512968
2.000000 0.156248 0.168749 0.050000 0.070833 0.678752
2.000000 0.406248 0.483332 0.112500 0.116667 0.816156
2.000000 0.051564 0.083333 0.034375 0.041667 0.381897
2.000000 0.221876 0.139583 0.043750 0.062500 0.582591
2.000000 0.154688 0.166667 0.046875 0.066667 0.728746
2.000000 0.403124 0.477083 0.112500 0.112500 0.838967
2.000000 0.051564 0.083333 0.034375 0.041667 0.392214
2.000000 0.221876 0.139583 0.043750 0.062500 0.567836
2.000000 0.154688 0.166667 0.046875 0.066667 0.682540
2.000000 0.396876 0.468749 0.112500 0.112500 0.840884
2.000000 0.051564 0.083333 0.034375 0.041667 0.380711
2.000000 0.220312 0.139583 0.046875 0.062500 0.591558
2.000000 0.154688 0.166667 0.046875 0.066667 0.701289
2.000000 0.392188 0.462500 0.109375 0.108333 0.832608
2.000000 0.053124 0.081251 0.037500 0.045833 0.373482
2.000000 0.220312 0.137501 0.046875 0.058333 0.590324
2.000000 0.154688 0.162500 0.046875 0.066667 0.687806
2.000000 0.389064 0.458333 0.109375 0.108333 0.808222
2.000000 0.053124 0.079166 0.037500 0.041667 0.386597
2.000000 0.220312 0.137501 0.046875 0.058333 0.599673
2.000000 0.154688 0.162500 0.046875 0.066667 0.684238
2.000000 0.384376 0.452084 0.106250 0.112500 0.815887
2.000000 0.050000 0.081251 0.037500 0.045833 0.332694
2.000000 0.220312 0.137501 0.046875 0.058333 0.612845
2.000000 0.153124 0.162500 0.043750 0.066667 0.667951
2.000000 0.381248 0.443750 0.106250 0.104167 0.786947
2.000000 0.050000 0.083333 0.037500 0.041667 0.327449
2.000000 0.218752 0.137501 0.043750 0.058333 0.609018
2.000000 0.153124 0.162500 0.043750 0.066667 0.632166
2.000000 0.376564 0.437501 0.103125 0.100000 0.809257
2.000000 0.050000 0.083333 0.037500 0.041667 0.327821
2.000000 0.218752 0.137501 0.043750 0.058333 0.588505
2.000000 0.153124 0.162500 0.043750 0.066667 0.616816
2.000000 0.371876 0.433334 0.106250 0.100000 0.826314
2.000000 0.050000 0.083333 0.037500 0.041667 0.301011
2.000000 0.218752 0.135416 0.043750 0.062500 0.546791
2.000000 0.153124 0.160418 0.043750 0.062500 0.560378
2.000000 0.371876 0.431249 0.100000 0.104167 0.831980
2.000000 0.062500 0.068750 0.031250 0.029167 0.314700
2.000000 0.009376 0.133334 0.037500 0.033333 0.514456
2.000000 0.248436 0.183332 0.053125 0.075000 0.700278
2.000000 0.179688 0.247916 0.071875 0.104167 0.802952
2.000000 0.050000 0.083333 0.037500 0.041667 0.300504
2.000000 0.043752 0.095834 0.031250 0.033333 0.310764
2.000000 0.218752 0.135416 0.043750 0.062500 0.533723
2.000000 0.153124 0.158333 0.043750 0.066667 0.543473
2.000000 0.367188 0.425000 0.096875 0.108333 0.863914
2.000000 0.048436 0.085418 0.040625 0.045833 0.307770
2.000000 0.042188 0.095834 0.034375 0.033333 0.320719
2.000000 0.154688 0.158333 0.046875 0.066667 0.575275
2.000000 0.218752 0.133334 0.043750 0.058333 0.582536
2.000000 0.364064 0.420833 0.096875 0.108333 0.857042
2.000000 0.050000 0.085418 0.037500 0.045833 0.304954
2.000000 0.043752 0.095834 0.031250 0.033333 0.307783
2.000000 0.154688 0.156251 0.046875 0.062500 0.568218
2.000000 0.218752 0.133334 0.043750 0.058333 0.607800
2.000000 0.359376 0.416666 0.100000 0.100000 0.841852
2.000000 0.042188 0.093749 0.034375 0.037500 0.306212
2.000000 0.048436 0.083333 0.040625 0.050000 0.334252
2.000000 0.154688 0.156251 0.046875 0.062500 0.566202
2.000000 0.217188 0.133334 0.040625 0.058333 0.592029
2.000000 0.357812 0.408332 0.096875 0.100000 0.851056
2.000000 0.042188 0.093749 0.034375 0.037500 0.344107
2.000000 0.153124 0.154166 0.043750 0.066667 0.543203
2.000000 0.217188 0.133334 0.040625 0.058333 0.621497
2.000000 0.354688 0.404168 0.096875 0.100000 0.827687
2.000000 0.042188 0.095834 0.034375 0.033333 0.387498
2.000000 0.153124 0.154166 0.043750 0.066667 0.492906
2.000000 0.217188 0.133334 0.040625 0.058333 0.608300
2.000000 0.350000 0.402083 0.100000 0.104167 0.803841
2.000000 0.042188 0.095834 0.034375 0.033333 0.447127
2.000000 0.153124 0.152084 0.043750 0.062500 0.469891
2.000000 0.217188 0.133334 0.040625 0.058333 0.582117
2.000000 0.348436 0.395834 0.096875 0.100000 0.821122
2.000000 0.039064 0.097916 0.034375 0.037500 0.426047
2.000000 0.151564 0.152084 0.040625 0.062500 0.520548
2.000000 0.217188 0.133334 0.040625 0.058333 0.594574
2.000000 0.343752 0.391667 0.093750 0.100000 0.804417
2.000000 0.039064 0.100001 0.034375 0.033333 0.438450
2.000000 0.151564 0.152084 0.040625 0.062500 0.520295
2.000000 0.217188 0.133334 0.040625 0.058333 0.603123
2.000000 0.342188 0.387500 0.090625 0.091667 0.815700
2.000000 0.039064 0.100001 0.034375 0.033333 0.456093
2.000000 0.151564 0.149999 0.040625 0.058333 0.537647
2.000000 0.217188 0.133334 0.040625 0.058333 0.566013
2.000000 0.339064 0.381251 0.090625 0.095833 0.809989
2.000000 0.009376 0.133334 0.037500 0.033333 0.512323
2.000000 0.246876 0.183332 0.056250 0.075000 0.718075
2.000000 0.179688 0.247916 0.071875 0.104167 0.773059
2.000000 0.039064 0.100001 0.034375 0.033333 0.443105
2.000000 0.151564 0.149999 0.040625 0.058333 0.496565
2.000000 0.215624 0.131249 0.043750 0.062500 0.542231
2.000000 0.335936 0.377084 0.090625 0.087500 0.755572
2.000000 0.039064 0.100001 0.034375 0.033333 0.466329
2.000000 0.214064 0.129167 0.040625 0.058333 0.544772
2.000000 0.151564 0.149999 0.040625 0.058333 0.546913
2.000000 0.334376 0.372917 0.087500 0.087500 0.768762
2.000000 0.037500 0.100001 0.031250 0.033333 0.470590
2.000000 0.214064 0.129167 0.040625 0.058333 0.545619
2.000000 0.151564 0.145832 0.040625 0.058333 0.557992
2.000000 0.332812 0.368750 0.090625 0.087500 0.813280
2.000000 0.037500 0.100001 0.031250 0.033333 0.480547
2.000000 0.151564 0.145832 0.040625 0.058333 0.570434
2.000000 0.214064 0.129167 0.040625 0.058333 0.584444
2.000000 0.331248 0.366668 0.087500 0.091667 0.820950
2.000000 0.034376 0.100001 0.031250 0.033333 0.493870
2.000000 0.214064 0.129167 0.040625 0.058333 0.572783
2.000000 0.151564 0.145832 0.040625 0.058333 0.581697
2.000000 0.326564 0.360416 0.090625 0.087500 0.819165
2.000000 0.034376 0.104168 0.031250 0.033333 0.534428
2.000000 0.214064 0.129167 0.040625 0.058333 0.551447
2.000000 0.151564 0.145832 0.040625 0.058333 0.588873
2.000000 0.325000 0.356249 0.087500 0.087500 0.817210
2.000000 0.034376 0.104168 0.031250 0.033333 0.512783
2.000000 0.214064 0.129167 0.040625 0.058333 0.543024
2.000000 0.151564 0.141668 0.040625 0.058333 0.573601
2.000000 0.321876 0.354167 0.087500 0.083333 0.817388
2.000000 0.034376 0.104168 0.031250 0.033333 0.489621
2.000000 0.214064 0.127082 0.040625 0.054167 0.536085
2.000000 0.151564 0.141668 0.040625 0.058333 0.571271
2.000000 0.320312 0.350000 0.090625 0.083333 0.820425
2.000000 0.034376 0.104168 0.031250 0.033333 0.480378
2.000000 0.214064 0.127082 0.040625 0.054167 0.528746
2.000000 0.150000 0.141668 0.037500 0.058333 0.585401
2.000000 0.318748 0.343751 0.087500 0.079167 0.788077
2.000000 0.214064 0.127082 0.040625 0.054167 0.449147
2.000000 0.031248 0.104168 0.031250 0.033333 0.509513
2.000000 0.150000 0.139583 0.037500 0.062500 0.549495
2.000000 0.317188 0.343751 0.084375 0.079167 0.766152
2.000000 0.434376 0.989582 0.237500 0.262500 0.911946
2.000000 0.062500 0.068750 0.031250 0.029167 0.302763
2.000000 0.009376 0.133334 0.037500 0.033333 0.549814
2.000000 0.246876 0.181250 0.056250 0.079167 0.684932
2.000000 0.178124 0.245834 0.068750 0.100000 0.786140
2.000000 0.214064 0.127082 0.040625 0.054167 0.390464
2.000000 0.150000 0.137501 0.037500 0.058333 0.518908
2.000000 0.031248 0.104168 0.031250 0.033333 0.525890
2.000000 0.310936 0.339584 0.078125 0.079167 0.768358
2.000000 0.420312 0.960416 0.228125 0.254167 0.903200
2.000000 0.214064 0.127082 0.040625 0.054167 0.409091
2.000000 0.150000 0.137501 0.037500 0.058333 0.452506
2.000000 0.032812 0.106250 0.034375 0.037500 0.527940
2.000000 0.310936 0.337499 0.078125 0.083333 0.780381
2.000000 0.410936 0.925001 0.221875 0.250000 0.905021
2.000000 0.150000 0.137501 0.037500 0.058333 0.436372
2.000000 0.214064 0.116666 0.040625 0.066667 0.441397
2.000000 0.032812 0.106250 0.034375 0.037500 0.531783
2.000000 0.309376 0.333332 0.081250 0.083333 0.743281
2.000000 0.395312 0.889583 0.209375 0.254167 0.840793
2.000000 0.214064 0.114584 0.040625 0.070833 0.418145
2.000000 0.150000 0.137501 0.037500 0.058333 0.460307
2.000000 0.032812 0.106250 0.034375 0.037500 0.514596
2.000000 0.307812 0.327083 0.078125 0.079167 0.718322
2.000000 0.382812 0.862499 0.203125 0.250000 0.888374
2.000000 0.214064 0.108332 0.040625 0.083333 0.372800
2.000000 0.150000 0.137501 0.037500 0.058333 0.456508
2.000000 0.032812 0.106250 0.034375 0.037500 0.511892
2.000000 0.304688 0.322916 0.078125 0.087500 0.722685
2.000000 0.371876 0.841667 0.200000 0.225000 0.891691
2.000000 0.212500 0.108332 0.043750 0.083333 0.400472
2.000000 0.150000 0.135416 0.037500 0.054167 0.479438
2.000000 0.031248 0.106250 0.037500 0.037500 0.493027
2.000000 0.301564 0.316667 0.078125 0.091667 0.777811
2.000000 0.360936 0.822917 0.190625 0.212500 0.891449
2.000000 0.214064 0.108332 0.040625 0.083333 0.417840
2.000000 0.031248 0.106250 0.037500 0.037500 0.460411
2.000000 0.150000 0.133334 0.037500 0.058333 0.474280
2.000000 0.300000 0.314582 0.075000 0.087500 0.793275
2.000000 0.350000 0.800000 0.187500 0.208333 0.895000
2.000000 0.214064 0.106250 0.040625 0.079167 0.422220
2.000000 0.029688 0.110417 0.034375 0.037500 0.453834
2.000000 0.150000 0.135416 0.037500 0.054167 0.455759
2.000000 0.300000 0.310418 0.075000 0.087500 0.776861
2.000000 0.345312 0.775001 0.184375 0.200000 0.872348
2.000000 0.214064 0.108332 0.040625 0.075000 0.437805
2.000000 0.150000 0.135416 0.037500 0.054167 0.437808
2.000000 0.031248 0.112499 0.037500 0.033333 0.457852
2.000000 0.301564 0.310418 0.078125 0.087500 0.733734
2.000000 0.342188 0.758333 0.190625 0.191667 0.869232
2.000000 0.150000 0.133334 0.037500 0.058333 0.405588
2.000000 0.212500 0.106250 0.037500 0.079167 0.410980
2.000000 0.029688 0.110417 0.034375 0.037500 0.444963
2.000000 0.296876 0.308333 0.075000 0.083333 0.741990
2.000000 0.329688 0.739583 0.178125 0.187500 0.871813
