2.000000 0.025000 0.254164 0.062500 0.075000 0.598720
2.000000 0.503128 0.379168 0.106250 0.158334 0.659645
2.000000 0.371872 0.524998 0.156250 0.216666 0.744945
2.000000 0.125000 0.133336 0.062500 0.066666 0.305368
2.000000 0.018752 0.266668 0.075000 0.066666 0.568111
2.000000 0.490624 0.358336 0.106250 0.150000 0.708796
2.000000 0.356248 0.483334 0.137500 0.200000 0.791781
2.000000 0.056248 0.224998 0.075000 0.066666 0.413405
2.000000 0.300000 0.262498 0.075000 0.108334 0.460191
2.000000 0.421872 0.220834 0.081250 0.141666 0.462268
2.000000 0.587504 0.612502 0.137500 0.158334 0.771256
2.000000 0.056248 0.224998 0.075000 0.066666 0.411519
2.000000 0.421872 0.229168 0.081250 0.125000 0.513952
2.000000 0.300000 0.262498 0.075000 0.108334 0.524353
2.000000 0.584376 0.608332 0.143750 0.166666 0.762541
2.000000 0.056248 0.229168 0.075000 0.075000 0.440953
2.000000 0.421872 0.229168 0.081250 0.125000 0.525017
2.000000 0.300000 0.262498 0.075000 0.108334 0.528843
2.000000 0.581248 0.604168 0.137500 0.158334 0.767796
2.000000 0.053128 0.224998 0.081250 0.083334 0.416400
2.000000 0.421872 0.237502 0.081250 0.108334 0.551474
2.000000 0.300000 0.258334 0.075000 0.116666 0.567407
2.000000 0.578128 0.595834 0.143750 0.158334 0.781706
2.000000 0.053128 0.220834 0.081250 0.075000 0.412683
2.000000 0.421872 0.224998 0.081250 0.116666 0.539473
2.000000 0.300000 0.254164 0.075000 0.108334 0.615435
2.000000 0.575000 0.591664 0.137500 0.150000 0.772271
2.000000 0.053128 0.220834 0.081250 0.075000 0.398835
2.000000 0.421872 0.224998 0.081250 0.116666 0.537435
2.000000 0.300000 0.254164 0.075000 0.108334 0.641605
2.000000 0.571872 0.587500 0.143750 0.141666 0.791666
2.000000 0.050000 0.220834 0.075000 0.075000 0.364514
2.000000 0.421872 0.224998 0.081250 0.116666 0.519853
2.000000 0.300000 0.254164 0.075000 0.108334 0.621187
2.000000 0.571872 0.583336 0.143750 0.150000 0.770516
2.000000 0.043752 0.224998 0.075000 0.083334 0.366833
2.000000 0.421872 0.229168 0.081250 0.108334 0.562548
2.000000 0.300000 0.254164 0.075000 0.108334 0.613631
2.000000 0.568752 0.579166 0.137500 0.141666 0.777397
2.000000 0.043752 0.224998 0.075000 0.083334 0.356058
2.000000 0.421872 0.229168 0.081250 0.108334 0.602223
2.000000 0.300000 0.254164 0.075000 0.108334 0.609135
2.000000 0.568752 0.570832 0.150000 0.141666 0.747271
2.000000 0.043752 0.224998 0.075000 0.083334 0.380336
2.000000 0.300000 0.250000 0.075000 0.100000 0.619667
2.000000 0.421872 0.229168 0.081250 0.108334 0.627265
2.000000 0.565624 0.566668 0.143750 0.150000 0.734286
2.000000 0.018752 0.270832 0.075000 0.058334 0.622891
2.000000 0.490624 0.358336 0.106250 0.150000 0.676093
2.000000 0.353128 0.479164 0.143750 0.191666 0.789893
2.000000 0.043752 0.224998 0.075000 0.083334 0.408757
2.000000 0.421872 0.229168 0.081250 0.108334 0.621075
2.000000 0.300000 0.250000 0.075000 0.100000 0.625723
2.000000 0.559376 0.562498 0.131250 0.141666 0.726213
2.000000 0.040624 0.224998 0.068750 0.083334 0.399343
2.000000 0.421872 0.220834 0.081250 0.108334 0.612040
2.000000 0.300000 0.245836 0.075000 0.108334 0.612441
2.000000 0.553128 0.554164 0.131250 0.141666 0.768785
2.000000 0.040624 0.229168 0.068750 0.075000 0.389099
2.000000 0.296872 0.250000 0.068750 0.100000 0.577037
2.000000 0.421872 0.220834 0.081250 0.108334 0.611857
2.000000 0.553128 0.554164 0.131250 0.141666 0.785781
2.000000 0.040624 0.233332 0.068750 0.083334 0.370701
2.000000 0.296872 0.250000 0.068750 0.100000 0.590928
2.000000 0.418752 0.220834 0.075000 0.108334 0.621925
2.000000 0.550000 0.550000 0.125000 0.133334 0.729672
2.000000 0.037496 0.233332 0.062500 0.083334 0.373176
2.000000 0.296872 0.250000 0.068750 0.100000 0.587420
2.000000 0.418752 0.220834 0.075000 0.108334 0.614885
2.000000 0.546872 0.541666 0.118750 0.133334 0.680771
2.000000 0.037496 0.245836 0.062500 0.075000 0.424909
2.000000 0.296872 0.250000 0.068750 0.100000 0.550882
2.000000 0.415624 0.220834 0.081250 0.108334 0.589057
2.000000 0.543752 0.537502 0.125000 0.141666 0.677924
2.000000 0.090624 0.170836 0.056250 0.091666 0.334013
2.000000 0.037496 0.245836 0.062500 0.075000 0.470843
2.000000 0.296872 0.245836 0.068750 0.091666 0.573139
2.000000 0.418752 0.220834 0.075000 0.108334 0.586100
2.000000 0.546872 0.537502 0.131250 0.141666 0.678916
2.000000 0.090624 0.170836 0.056250 0.075000 0.324267
2.000000 0.034376 0.241666 0.068750 0.083334 0.492854
2.000000 0.296872 0.245836 0.068750 0.091666 0.577353
2.000000 0.418752 0.220834 0.075000 0.108334 0.599667
2.000000 0.543752 0.529168 0.125000 0.141666 0.678609
2.000000 0.090624 0.175000 0.056250 0.083334 0.342475
2.000000 0.034376 0.245836 0.068750 0.075000 0.509153
2.000000 0.296872 0.245836 0.068750 0.091666 0.544391
2.000000 0.415624 0.220834 0.081250 0.108334 0.610016
2.000000 0.537496 0.524998 0.125000 0.133334 0.753238
2.000000 0.465624 0.987502 0.243750 0.241666 0.834979
2.000000 0.090624 0.175000 0.056250 0.083334 0.338959
2.000000 0.296872 0.245836 0.068750 0.091666 0.573346
2.000000 0.031248 0.250000 0.075000 0.083334 0.589815
2.000000 0.415624 0.212500 0.081250 0.108334 0.627959
2.000000 0.534376 0.520834 0.131250 0.141666 0.797859
2.000000 0.453128 0.970834 0.218750 0.241666 0.798705
2.000000 0.018752 0.266668 0.075000 0.066666 0.614430
2.000000 0.487504 0.358336 0.112500 0.150000 0.700752
2.000000 0.350000 0.479164 0.137500 0.191666 0.799574
2.000000 0.090624 0.175000 0.056250 0.083334 0.380076
2.000000 0.031248 0.250000 0.075000 0.083334 0.575453
2.000000 0.296872 0.245836 0.068750 0.091666 0.589932
2.000000 0.415624 0.212500 0.081250 0.108334 0.623675
2.000000 0.450000 0.954166 0.225000 0.241666 0.769336
2.000000 0.531248 0.516664 0.125000 0.133334 0.776529
2.000000 0.087504 0.175000 0.062500 0.083334 0.403348
2.000000 0.296872 0.237502 0.068750 0.091666 0.454216
2.000000 0.412496 0.208336 0.075000 0.116666 0.597846
2.000000 0.031248 0.250000 0.075000 0.083334 0.646250
2.000000 0.531248 0.508336 0.125000 0.133334 0.781441
2.000000 0.443752 0.933334 0.212500 0.233334 0.829531
2.000000 0.087504 0.175000 0.062500 0.083334 0.379050
2.000000 0.296872 0.233332 0.068750 0.100000 0.485495
2.000000 0.412496 0.212500 0.075000 0.108334 0.619299
2.000000 0.031248 0.258334 0.075000 0.083334 0.628602
2.000000 0.528128 0.508336 0.131250 0.133334 0.757349
2.000000 0.440624 0.925000 0.218750 0.233334 0.840366
2.000000 0.087504 0.179164 0.062500 0.075000 0.360786
2.000000 0.296872 0.233332 0.068750 0.100000 0.445448
2.000000 0.412496 0.208336 0.075000 0.116666 0.604305
2.000000 0.028128 0.258334 0.081250 0.083334 0.608491
2.000000 0.528128 0.504166 0.131250 0.125000 0.762118
2.000000 0.437504 0.912502 0.212500 0.225000 0.845185
2.000000 0.087504 0.179164 0.062500 0.091666 0.368485
2.000000 0.296872 0.229168 0.068750 0.108334 0.462459
2.000000 0.025000 0.258334 0.075000 0.083334 0.596567
2.000000 0.412496 0.208336 0.075000 0.116666 0.613749
2.000000 0.525000 0.500002 0.125000 0.133334 0.735913
2.000000 0.431248 0.899998 0.200000 0.216666 0.845223
2.000000 0.087504 0.183334 0.062500 0.083334 0.366475
2.000000 0.296872 0.229168 0.068750 0.108334 0.479188
2.000000 0.025000 0.258334 0.075000 0.083334 0.584495
2.000000 0.412496 0.208336 0.075000 0.116666 0.598925
2.000000 0.525000 0.491668 0.125000 0.133334 0.718932
2.000000 0.428128 0.883336 0.206250 0.216666 0.800570
2.000000 0.087504 0.183334 0.062500 0.083334 0.362559
2.000000 0.296872 0.220834 0.068750 0.108334 0.501721
2.000000 0.025000 0.258334 0.075000 0.083334 0.601616
2.000000 0.412496 0.208336 0.075000 0.116666 0.614930
2.000000 0.518752 0.487498 0.125000 0.141666 0.728352
2.000000 0.418752 0.870832 0.200000 0.208334 0.831255
2.000000 0.087504 0.183334 0.062500 0.083334 0.361317
2.000000 0.296872 0.220834 0.068750 0.108334 0.522647
2.000000 0.025000 0.258334 0.075000 0.083334 0.579808
2.000000 0.412496 0.204166 0.075000 0.108334 0.609277
2.000000 0.515624 0.487498 0.118750 0.125000 0.747560
2.000000 0.415624 0.854164 0.193750 0.208334 0.853334
2.000000 0.087504 0.191668 0.062500 0.083334 0.376374
2.000000 0.296872 0.220834 0.068750 0.108334 0.516618
2.000000 0.025000 0.258334 0.075000 0.083334 0.534866
2.000000 0.412496 0.208336 0.075000 0.116666 0.596170
2.000000 0.518752 0.483334 0.125000 0.133334 0.757636
2.000000 0.412496 0.837502 0.187500 0.208334 0.846291
2.000000 0.087504 0.187498 0.062500 0.075000 0.406188
2.000000 0.296872 0.220834 0.068750 0.108334 0.522335
2.000000 0.021872 0.262498 0.068750 0.075000 0.534849
2.000000 0.412496 0.200002 0.075000 0.116666 0.597116
2.000000 0.518752 0.483334 0.137500 0.133334 0.758711
2.000000 0.406248 0.824998 0.187500 0.216666 0.846819
2.000000 0.012496 0.275002 0.075000 0.066666 0.621709
2.000000 0.487504 0.354166 0.112500 0.158334 0.702554
2.000000 0.350000 0.475000 0.137500 0.183334 0.805333
2.000000 0.087504 0.183334 0.062500 0.083334 0.407120
2.000000 0.021872 0.266668 0.081250 0.083334 0.515761
2.000000 0.296872 0.220834 0.068750 0.108334 0.522691
2.000000 0.412496 0.200002 0.075000 0.116666 0.599613
2.000000 0.515624 0.475000 0.131250 0.133334 0.763176
2.000000 0.406248 0.812500 0.187500 0.208334 0.829322
2.000000 0.087504 0.183334 0.062500 0.083334 0.415996
2.000000 0.296872 0.220834 0.068750 0.108334 0.523550
2.000000 0.018752 0.266668 0.075000 0.083334 0.533765
2.000000 0.412496 0.204166 0.075000 0.108334 0.612515
2.000000 0.515624 0.466666 0.131250 0.133334 0.723966
2.000000 0.403128 0.808336 0.181250 0.200000 0.788737
2.000000 0.087504 0.187498 0.062500 0.075000 0.412245
2.000000 0.018752 0.266668 0.075000 0.083334 0.499710
2.000000 0.296872 0.216664 0.068750 0.116666 0.502607
2.000000 0.412496 0.204166 0.075000 0.108334 0.608211
2.000000 0.509376 0.466666 0.118750 0.133334 0.673514
2.000000 0.400000 0.791668 0.187500 0.200000 0.815871
2.000000 0.084376 0.191668 0.068750 0.083334 0.419167
2.000000 0.018752 0.266668 0.075000 0.083334 0.485853
2.000000 0.296872 0.216664 0.068750 0.116666 0.489547
2.000000 0.409376 0.204166 0.068750 0.108334 0.611579
2.000000 0.503128 0.462502 0.106250 0.125000 0.708338
2.000000 0.396872 0.783334 0.181250 0.200000 0.804244
2.000000 0.081248 0.191668 0.062500 0.083334 0.424594
2.000000 0.296872 0.212500 0.068750 0.108334 0.486830
2.000000 0.015624 0.266668 0.068750 0.083334 0.492329
2.000000 0.412496 0.200002 0.075000 0.116666 0.585541
2.000000 0.503128 0.462502 0.106250 0.125000 0.714914
2.000000 0.393752 0.770836 0.187500 0.191666 0.813409
2.000000 0.081248 0.187498 0.062500 0.091666 0.464380
2.000000 0.296872 0.212500 0.068750 0.108334 0.469358
2.000000 0.012496 0.266668 0.075000 0.083334 0.497876
2.000000 0.412496 0.204166 0.075000 0.108334 0.545086
2.000000 0.503128 0.454168 0.106250 0.125000 0.708186
2.000000 0.393752 0.758332 0.175000 0.183334 0.817382
2.000000 0.081248 0.187498 0.062500 0.091666 0.471549
2.000000 0.012496 0.270832 0.075000 0.091666 0.500419
2.000000 0.296872 0.212500 0.068750 0.108334 0.503303
2.000000 0.412496 0.204166 0.075000 0.108334 0.547915
2.000000 0.496872 0.449998 0.093750 0.116666 0.687557
2.000000 0.384376 0.749998 0.168750 0.183334 0.833915
2.000000 0.081248 0.191668 0.062500 0.083334 0.470530
2.000000 0.296872 0.212500 0.068750 0.108334 0.490354
2.000000 0.012496 0.270832 0.075000 0.091666 0.504007
2.000000 0.412496 0.204166 0.075000 0.108334 0.529539
2.000000 0.493752 0.449998 0.100000 0.116666 0.721056
2.000000 0.390624 0.741664 0.181250 0.183334 0.778336
2.000000 0.081248 0.191668 0.062500 0.083334 0.480758
2.000000 0.293752 0.212500 0.062500 0.108334 0.481232
2.000000 0.009376 0.270832 0.081250 0.091666 0.510528
2.000000 0.409376 0.204166 0.081250 0.108334 0.549487
2.000000 0.493752 0.449998 0.100000 0.116666 0.725220
2.000000 0.381248 0.729166 0.162500 0.175000 0.804127
2.000000 0.293752 0.212500 0.062500 0.108334 0.493876
2.000000 0.078128 0.195832 0.068750 0.091666 0.506277
2.000000 0.409376 0.204166 0.081250 0.108334 0.560713
2.000000 0.006248 0.270832 0.075000 0.091666 0.574212
2.000000 0.493752 0.441664 0.100000 0.116666 0.728140
2.000000 0.381248 0.720832 0.162500 0.175000 0.805564
2.000000 0.012496 0.275002 0.075000 0.066666 0.626383
2.000000 0.484376 0.354166 0.106250 0.158334 0.733010
2.000000 0.350000 0.470836 0.137500 0.191666 0.800810
2.000000 0.293752 0.212500 0.062500 0.108334 0.464670
2.000000 0.078128 0.195832 0.068750 0.091666 0.498226
2.000000 0.406248 0.204166 0.075000 0.108334 0.565014
2.000000 0.006248 0.275002 0.075000 0.100000 0.587983
2.000000 0.490624 0.437500 0.106250 0.125000 0.727298
2.000000 0.387496 0.712498 0.175000 0.175000 0.794288
2.000000 0.296872 0.208336 0.068750 0.100000 0.462391
2.000000 0.078128 0.195832 0.068750 0.091666 0.526089
2.000000 0.006248 0.275002 0.075000 0.100000 0.569977
2.000000 0.409376 0.200002 0.081250 0.100000 0.575195
2.000000 0.487504 0.437500 0.100000 0.125000 0.736783
2.000000 0.387496 0.704164 0.187500 0.175000 0.784247
2.000000 0.296872 0.208336 0.068750 0.100000 0.443177
2.000000 0.078128 0.191668 0.068750 0.100000 0.521941
2.000000 0.003128 0.275002 0.081250 0.100000 0.566944
2.000000 0.409376 0.200002 0.081250 0.100000 0.572431
2.000000 0.487504 0.433336 0.100000 0.116666 0.737103
2.000000 0.387496 0.695836 0.187500 0.175000 0.794841
2.000000 0.296872 0.208336 0.068750 0.100000 0.440289
2.000000 0.078128 0.195832 0.068750 0.091666 0.537676
2.000000 0.003128 0.275002 0.081250 0.100000 0.547502
2.000000 0.409376 0.200002 0.081250 0.100000 0.589898
2.000000 0.487504 0.433336 0.100000 0.116666 0.726380
2.000000 0.381248 0.687502 0.175000 0.175000 0.774200
2.000000 0.296872 0.204166 0.068750 0.108334 0.394213
2.000000 0.003128 0.279166 0.081250 0.108334 0.530629
2.000000 0.071872 0.195832 0.068750 0.091666 0.533351
2.000000 0.406248 0.200002 0.075000 0.100000 0.578561
2.000000 0.484376 0.429166 0.106250 0.108334 0.767067
2.000000 0.381248 0.679168 0.187500 0.175000 0.772527
2.000000 0.296872 0.200002 0.068750 0.116666 0.358453
2.000000 0.071872 0.195832 0.068750 0.091666 0.510213
2.000000 0.409376 0.200002 0.081250 0.100000 0.599504
2.000000 0.484376 0.425002 0.106250 0.116666 0.760169
2.000000 0.368752 0.666664 0.162500 0.166666 0.778903
2.000000 0.296872 0.200002 0.068750 0.116666 0.335314
2.000000 0.071872 0.195832 0.068750 0.091666 0.501702
2.000000 0.409376 0.200002 0.081250 0.100000 0.522817
2.000000 0.484376 0.425002 0.106250 0.116666 0.788010
2.000000 0.365624 0.658336 0.143750 0.166666 0.798379
2.000000 0.296872 0.200002 0.068750 0.116666 0.365107
2.000000 0.406248 0.200002 0.075000 0.100000 0.480003
2.000000 0.071872 0.195832 0.068750 0.091666 0.515204
2.000000 0.481248 0.416668 0.100000 0.116666 0.796102
2.000000 0.362504 0.650002 0.137500 0.166666 0.836897
2.000000 0.296872 0.200002 0.068750 0.116666 0.328319
2.000000 0.406248 0.200002 0.075000 0.100000 0.460809
2.000000 0.071872 0.200002 0.068750 0.083334 0.512701
2.000000 0.481248 0.416668 0.100000 0.116666 0.798799
2.000000 0.359376 0.641668 0.143750 0.166666 0.838359
2.000000 0.296872 0.191668 0.068750 0.116666 0.356263
2.000000 0.406248 0.195832 0.075000 0.091666 0.435644
2.000000 0.071872 0.195832 0.068750 0.091666 0.524279
2.000000 0.478128 0.408334 0.106250 0.116666 0.797846
2.000000 0.359376 0.633334 0.143750 0.150000 0.833419
2.000000 0.465624 0.237502 0.106250 0.158334 0.330804
2.000000 0.012496 0.275002 0.075000 0.066666 0.679283
2.000000 0.484376 0.350002 0.106250 0.150000 0.727187
2.000000 0.343752 0.466666 0.137500 0.183334 0.785085
2.000000 0.296872 0.195832 0.068750 0.108334 0.304263
2.000000 0.406248 0.195832 0.075000 0.091666 0.423899
2.000000 0.071872 0.195832 0.068750 0.091666 0.529408
2.000000 0.478128 0.408334 0.106250 0.116666 0.785755
2.000000 0.359376 0.629164 0.143750 0.158334 0.838554
2.000000 0.296872 0.191668 0.068750 0.116666 0.397270
2.000000 0.406248 0.191668 0.075000 0.100000 0.449914
2.000000 0.071872 0.200002 0.068750 0.100000 0.515710
2.000000 0.471872 0.408334 0.093750 0.116666 0.784724
2.000000 0.353128 0.625000 0.131250 0.150000 0.828291
2.000000 0.296872 0.191668 0.068750 0.116666 0.419033
2.000000 0.406248 0.191668 0.075000 0.100000 0.429598
2.000000 0.071872 0.200002 0.068750 0.100000 0.521387
2.000000 0.471872 0.404164 0.093750 0.108334 0.786451
2.000000 0.353128 0.616666 0.131250 0.150000 0.817379
2.000000 0.296872 0.195832 0.068750 0.108334 0.381627
2.000000 0.406248 0.195832 0.075000 0.091666 0.391974
2.000000 0.068752 0.200002 0.062500 0.100000 0.501075
2.000000 0.468752 0.404164 0.100000 0.108334 0.779711
2.000000 0.353128 0.608332 0.131250 0.150000 0.796914
2.000000 0.406248 0.195832 0.075000 0.091666 0.324187
2.000000 0.296872 0.195832 0.068750 0.108334 0.351037
2.000000 0.068752 0.200002 0.062500 0.100000 0.502213
2.000000 0.468752 0.400000 0.100000 0.116666 0.770985
2.000000 0.353128 0.599998 0.131250 0.150000 0.778624
2.000000 0.296872 0.195832 0.068750 0.108334 0.383140
2.000000 0.068752 0.204166 0.062500 0.108334 0.491094
2.000000 0.353128 0.591664 0.143750 0.150000 0.755734
2.000000 0.468752 0.395836 0.100000 0.108334 0.760525
2.000000 0.296872 0.191668 0.068750 0.116666 0.378099
2.000000 0.065624 0.204166 0.068750 0.108334 0.485982
2.000000 0.465624 0.395836 0.093750 0.108334 0.748120
2.000000 0.346872 0.587500 0.131250 0.141666 0.793335
2.000000 0.296872 0.191668 0.068750 0.116666 0.350406
2.000000 0.065624 0.204166 0.068750 0.108334 0.477910
2.000000 0.465624 0.395836 0.093750 0.108334 0.758616
2.000000 0.350000 0.579166 0.137500 0.141666 0.787817
2.000000 0.296872 0.195832 0.068750 0.108334 0.321961
2.000000 0.062496 0.208336 0.062500 0.100000 0.463904
2.000000 0.346872 0.575002 0.131250 0.150000 0.764297
2.000000 0.462504 0.387502 0.100000 0.108334 0.771970
2.000000 0.062496 0.208336 0.062500 0.100000 0.463602
2.000000 0.346872 0.566668 0.131250 0.150000 0.762300
2.000000 0.462504 0.387502 0.100000 0.108334 0.773977
2.000000 0.465624 0.233332 0.106250 0.150000 0.339838
2.000000 0.012496 0.275002 0.075000 0.066666 0.661997
2.000000 0.484376 0.350002 0.106250 0.150000 0.703834
2.000000 0.343752 0.462502 0.137500 0.191666 0.756054
2.000000 0.062496 0.204166 0.062500 0.108334 0.446954
2.000000 0.462504 0.387502 0.100000 0.108334 0.766285
2.000000 0.343752 0.562498 0.125000 0.141666 0.789079
2.000000 0.062496 0.204166 0.062500 0.125000 0.436638
2.000000 0.462504 0.383332 0.100000 0.100000 0.765511
2.000000 0.343752 0.558334 0.125000 0.133334 0.796227
2.000000 0.059376 0.208336 0.068750 0.116666 0.432131
2.000000 0.462504 0.379168 0.100000 0.108334 0.747787
2.000000 0.343752 0.554164 0.125000 0.141666 0.777339
2.000000 0.396872 0.183334 0.068750 0.083334 0.300806
2.000000 0.059376 0.208336 0.068750 0.116666 0.419146
2.000000 0.459376 0.379168 0.093750 0.108334 0.669663
2.000000 0.343752 0.541666 0.125000 0.133334 0.770476
2.000000 0.059376 0.212500 0.068750 0.108334 0.446861
2.000000 0.459376 0.379168 0.093750 0.108334 0.639325
2.000000 0.343752 0.537502 0.125000 0.141666 0.751197
2.000000 0.059376 0.212500 0.068750 0.108334 0.428282
2.000000 0.456248 0.370834 0.100000 0.108334 0.651204
2.000000 0.343752 0.533332 0.137500 0.133334 0.729692
2.000000 0.059376 0.212500 0.068750 0.108334 0.425079
2.000000 0.453128 0.370834 0.093750 0.108334 0.628009
2.000000 0.340624 0.524998 0.131250 0.133334 0.754169
2.000000 0.059376 0.212500 0.068750 0.125000 0.471997
2.000000 0.453128 0.370834 0.093750 0.108334 0.642070
2.000000 0.340624 0.524998 0.131250 0.133334 0.757726
2.000000 0.059376 0.212500 0.068750 0.125000 0.458115
2.000000 0.450000 0.362500 0.087500 0.108334 0.655075
2.000000 0.340624 0.516664 0.131250 0.133334 0.755313
2.000000 0.056248 0.216664 0.075000 0.116666 0.459506
2.000000 0.446872 0.362500 0.093750 0.108334 0.697518
2.000000 0.340624 0.508336 0.131250 0.133334 0.738048
2.000000 0.121872 0.141664 0.056250 0.066666 0.319660
2.000000 0.465624 0.233332 0.106250 0.150000 0.322009
2.000000 0.012496 0.279166 0.075000 0.075000 0.648322
2.000000 0.481248 0.350002 0.112500 0.150000 0.694130
2.000000 0.343752 0.458332 0.137500 0.183334 0.730968
2.000000 0.056248 0.212500 0.075000 0.125000 0.444473
2.000000 0.446872 0.358336 0.093750 0.100000 0.720925
2.000000 0.337504 0.500002 0.112500 0.133334 0.761039
2.000000 0.053128 0.212500 0.068750 0.125000 0.433533
2.000000 0.446872 0.358336 0.093750 0.100000 0.717557
2.000000 0.334376 0.500002 0.118750 0.133334 0.775470
2.000000 0.859376 0.995836 0.231250 0.241666 0.800591
2.000000 0.053128 0.216664 0.068750 0.116666 0.404132
2.000000 0.446872 0.354166 0.093750 0.091666 0.742363
2.000000 0.846872 0.979168 0.231250 0.241666 0.779382
2.000000 0.334376 0.495832 0.118750 0.125000 0.801864
2.000000 0.053128 0.216664 0.068750 0.116666 0.373577
2.000000 0.446872 0.350002 0.093750 0.100000 0.746327
2.000000 0.331248 0.487498 0.112500 0.125000 0.799826
2.000000 0.837504 0.970834 0.225000 0.241666 0.847382
2.000000 0.050000 0.224998 0.075000 0.116666 0.383129
2.000000 0.446872 0.350002 0.093750 0.100000 0.750162
2.000000 0.331248 0.487498 0.112500 0.125000 0.786203
2.000000 0.825000 0.954166 0.225000 0.241666 0.846820
2.000000 0.050000 0.229168 0.075000 0.108334 0.407815
2.000000 0.443752 0.350002 0.087500 0.100000 0.745992
2.000000 0.334376 0.479164 0.118750 0.125000 0.789738
2.000000 0.815624 0.933334 0.218750 0.233334 0.859475
2.000000 0.050000 0.224998 0.075000 0.116666 0.405970
2.000000 0.443752 0.341668 0.087500 0.100000 0.759489
2.000000 0.331248 0.475000 0.112500 0.133334 0.771668
2.000000 0.809376 0.920836 0.218750 0.225000 0.859339
2.000000 0.046872 0.233332 0.068750 0.116666 0.402929
2.000000 0.443752 0.341668 0.087500 0.100000 0.745904
2.000000 0.331248 0.470836 0.112500 0.125000 0.760108
2.000000 0.800000 0.912502 0.212500 0.225000 0.847329
2.000000 0.043752 0.233332 0.075000 0.116666 0.450808
2.000000 0.331248 0.462502 0.112500 0.125000 0.745731
2.000000 0.440624 0.341668 0.093750 0.100000 0.745810
2.000000 0.790624 0.904168 0.206250 0.225000 0.825576
2.000000 0.043752 0.233332 0.075000 0.116666 0.474785
2.000000 0.331248 0.462502 0.112500 0.125000 0.714793
2.000000 0.443752 0.341668 0.087500 0.100000 0.745768
2.000000 0.784376 0.883336 0.206250 0.216666 0.809929
2.000000 0.121872 0.141664 0.056250 0.066666 0.306863
2.000000 0.009376 0.279166 0.081250 0.075000 0.652310
2.000000 0.481248 0.350002 0.100000 0.150000 0.701485
2.000000 0.343752 0.458332 0.125000 0.183334 0.732450
2.000000 0.043752 0.233332 0.075000 0.116666 0.493963
2.000000 0.328128 0.462502 0.106250 0.125000 0.751270
2.000000 0.440624 0.341668 0.093750 0.100000 0.752738
2.000000 0.771872 0.870832 0.206250 0.208334 0.837144
2.000000 0.046872 0.233332 0.081250 0.116666 0.461597
2.000000 0.437504 0.341668 0.087500 0.100000 0.756553
2.000000 0.328128 0.458332 0.106250 0.116666 0.761507
2.000000 0.768752 0.862498 0.200000 0.208334 0.790173
2.000000 0.293752 0.175000 0.062500 0.100000 0.364582
2.000000 0.040624 0.229168 0.081250 0.125000 0.425825
2.000000 0.331248 0.454168 0.112500 0.125000 0.695136
2.000000 0.440624 0.333334 0.093750 0.100000 0.749956
2.000000 0.756248 0.850000 0.200000 0.216666 0.823634
2.000000 0.293752 0.175000 0.062500 0.100000 0.389315
2.000000 0.040624 0.229168 0.081250 0.125000 0.415110
2.000000 0.331248 0.449998 0.112500 0.116666 0.735175
2.000000 0.437504 0.333334 0.087500 0.100000 0.751307
2.000000 0.746872 0.837502 0.193750 0.208334 0.814794
2.000000 0.040624 0.233332 0.081250 0.116666 0.430414
2.000000 0.437504 0.333334 0.087500 0.100000 0.757887
2.000000 0.331248 0.445834 0.112500 0.108334 0.768974
2.000000 0.743752 0.833332 0.187500 0.200000 0.809550
2.000000 0.040624 0.237502 0.081250 0.125000 0.456153
2.000000 0.328128 0.441664 0.106250 0.116666 0.753346
2.000000 0.737504 0.816664 0.187500 0.200000 0.754083
2.000000 0.437504 0.329164 0.087500 0.091666 0.760487
2.000000 0.040624 0.237502 0.081250 0.125000 0.481355
2.000000 0.328128 0.433336 0.106250 0.116666 0.739349
2.000000 0.728128 0.808336 0.193750 0.200000 0.741261
2.000000 0.437504 0.325000 0.087500 0.100000 0.763962
2.000000 0.034376 0.241666 0.081250 0.116666 0.495740
2.000000 0.325000 0.433336 0.100000 0.116666 0.745956
2.000000 0.437504 0.325000 0.087500 0.100000 0.764143
2.000000 0.725000 0.795832 0.187500 0.191666 0.798310
2.000000 0.034376 0.245836 0.081250 0.108334 0.488160
2.000000 0.715624 0.787498 0.181250 0.191666 0.725668
2.000000 0.434376 0.325000 0.081250 0.100000 0.760961
2.000000 0.325000 0.425002 0.100000 0.116666 0.768467
2.000000 0.293752 0.170836 0.062500 0.091666 0.300748
2.000000 0.390624 0.162502 0.068750 0.108334 0.302290
2.000000 0.034376 0.245836 0.081250 0.108334 0.462312
2.000000 0.325000 0.425002 0.100000 0.116666 0.755103
2.000000 0.434376 0.320836 0.081250 0.091666 0.763946
2.000000 0.709376 0.779164 0.181250 0.191666 0.788028
2.000000 0.121872 0.141664 0.056250 0.066666 0.305019
2.000000 0.465624 0.229168 0.106250 0.141666 0.328054
2.000000 0.009376 0.279166 0.081250 0.075000 0.653940
2.000000 0.478128 0.341668 0.106250 0.150000 0.745253
2.000000 0.340624 0.454168 0.131250 0.175000 0.770588
2.000000 0.296872 0.170836 0.056250 0.091666 0.309717
2.000000 0.034376 0.250000 0.081250 0.116666 0.453463
2.000000 0.325000 0.420832 0.100000 0.108334 0.761781
2.000000 0.434376 0.320836 0.081250 0.091666 0.763435
2.000000 0.703128 0.762502 0.181250 0.191666 0.790643
2.000000 0.034376 0.245836 0.081250 0.125000 0.444473
2.000000 0.431248 0.316666 0.087500 0.100000 0.743421
2.000000 0.696872 0.754168 0.181250 0.191666 0.748196
2.000000 0.321872 0.412498 0.093750 0.108334 0.753421
2.000000 0.031248 0.245836 0.087500 0.125000 0.430245
2.000000 0.687504 0.741664 0.175000 0.183334 0.669141
2.000000 0.321872 0.412498 0.093750 0.108334 0.717672
2.000000 0.428128 0.316666 0.081250 0.100000 0.731626
2.000000 0.031248 0.241666 0.087500 0.133334 0.408130
2.000000 0.684376 0.737500 0.168750 0.175000 0.701616
2.000000 0.428128 0.312502 0.081250 0.091666 0.725063
2.000000 0.321872 0.408334 0.093750 0.100000 0.743305
2.000000 0.296872 0.162502 0.056250 0.091666 0.313441
2.000000 0.025000 0.270832 0.087500 0.091666 0.406869
2.000000 0.428128 0.312502 0.081250 0.091666 0.733004
2.000000 0.678128 0.729166 0.168750 0.175000 0.736385
2.000000 0.318752 0.408334 0.087500 0.100000 0.754242
2.000000 0.025000 0.270832 0.087500 0.091666 0.407769
2.000000 0.428128 0.312502 0.081250 0.091666 0.709966
2.000000 0.321872 0.404164 0.093750 0.108334 0.743927
2.000000 0.675000 0.720832 0.162500 0.175000 0.746055
2.000000 0.025000 0.279166 0.087500 0.091666 0.385788
2.000000 0.428128 0.304168 0.081250 0.091666 0.689988
2.000000 0.321872 0.400000 0.093750 0.100000 0.736512
2.000000 0.668752 0.712498 0.162500 0.175000 0.747656
2.000000 0.025000 0.275002 0.087500 0.100000 0.400219
2.000000 0.428128 0.304168 0.081250 0.091666 0.698907
2.000000 0.321872 0.400000 0.093750 0.100000 0.751344
2.000000 0.662496 0.704164 0.162500 0.175000 0.805971
2.000000 0.025000 0.275002 0.087500 0.100000 0.444038
2.000000 0.431248 0.304168 0.087500 0.091666 0.700385
2.000000 0.321872 0.395836 0.093750 0.108334 0.739798
2.000000 0.659376 0.695836 0.168750 0.175000 0.802992
2.000000 0.025000 0.254164 0.087500 0.141666 0.397132
2.000000 0.428128 0.304168 0.081250 0.091666 0.704013
2.000000 0.318752 0.387502 0.100000 0.108334 0.718119
2.000000 0.650000 0.691666 0.162500 0.166666 0.768608
2.000000 0.021872 0.258334 0.068750 0.066666 0.602292
2.000000 0.500000 0.379168 0.112500 0.158334 0.684981
2.000000 0.368752 0.516664 0.150000 0.216666 0.784452
2.000000 0.125000 0.141664 0.062500 0.066666 0.320565
2.000000 0.465624 0.224998 0.106250 0.133334 0.362732
2.000000 0.009376 0.283336 0.081250 0.083334 0.672826
2.000000 0.478128 0.341668 0.106250 0.150000 0.730626
2.000000 0.340624 0.449998 0.131250 0.183334 0.771184
2.000000 0.015624 0.287500 0.081250 0.091666 0.309332
2.000000 0.025000 0.254164 0.087500 0.141666 0.400132
2.000000 0.428128 0.304168 0.081250 0.091666 0.697885
2.000000 0.321872 0.387502 0.093750 0.108334 0.734850
2.000000 0.646872 0.679168 0.156250 0.175000 0.743165
2.000000 0.387496 0.162502 0.062500 0.091666 0.308692
2.000000 0.015624 0.287500 0.081250 0.091666 0.337108
2.000000 0.025000 0.250000 0.087500 0.150000 0.402428
2.000000 0.428128 0.304168 0.081250 0.091666 0.690109
2.000000 0.321872 0.383332 0.106250 0.100000 0.702461
2.000000 0.640624 0.674998 0.156250 0.166666 0.776892
2.000000 0.390624 0.162502 0.068750 0.091666 0.310024
2.000000 0.018752 0.275002 0.087500 0.100000 0.442293
2.000000 0.428128 0.299998 0.081250 0.100000 0.674756
2.000000 0.318752 0.383332 0.100000 0.100000 0.714462
2.000000 0.640624 0.666664 0.156250 0.166666 0.734093
2.000000 0.015624 0.279166 0.081250 0.108334 0.453720
2.000000 0.421872 0.299998 0.081250 0.083334 0.638966
2.000000 0.634376 0.662500 0.156250 0.158334 0.688655
2.000000 0.321872 0.374998 0.106250 0.100000 0.694552
2.000000 0.012496 0.287500 0.087500 0.091666 0.456746
2.000000 0.421872 0.295834 0.081250 0.091666 0.644558
2.000000 0.625000 0.650002 0.150000 0.166666 0.667689
2.000000 0.318752 0.374998 0.100000 0.100000 0.690419
2.000000 0.012496 0.283336 0.087500 0.100000 0.504127
2.000000 0.425000 0.295834 0.087500 0.091666 0.642893
2.000000 0.621872 0.641668 0.143750 0.166666 0.679934
2.000000 0.318752 0.370834 0.100000 0.091666 0.683754
2.000000 0.387496 0.154168 0.062500 0.091666 0.303409
2.000000 0.012496 0.291664 0.087500 0.100000 0.490884
2.000000 0.425000 0.295834 0.087500 0.091666 0.643189
2.000000 0.315624 0.366664 0.081250 0.100000 0.677503
2.000000 0.618752 0.633334 0.150000 0.166666 0.723255
2.000000 0.387496 0.149998 0.075000 0.100000 0.323571
2.000000 0.009376 0.291664 0.093750 0.100000 0.471066
2.000000 0.425000 0.295834 0.087500 0.091666 0.620471
2.000000 0.315624 0.362500 0.081250 0.091666 0.690625
2.000000 0.615624 0.625000 0.143750 0.166666 0.747709
2.000000 0.384376 0.154168 0.068750 0.091666 0.334735
2.000000 0.006248 0.291664 0.087500 0.100000 0.477342
2.000000 0.425000 0.295834 0.087500 0.091666 0.573064
2.000000 0.312496 0.358336 0.087500 0.100000 0.688145
2.000000 0.615624 0.620836 0.143750 0.158334 0.753430
2.000000 0.387496 0.158332 0.062500 0.083334 0.321007
2.000000 0.003128 0.291664 0.093750 0.100000 0.516021
2.000000 0.418752 0.291664 0.075000 0.083334 0.587850
2.000000 0.315624 0.354166 0.081250 0.091666 0.663767
2.000000 0.609376 0.616666 0.143750 0.166666 0.764702
2.000000 0.465624 0.220834 0.106250 0.125000 0.381029
2.000000 0.009376 0.287500 0.081250 0.075000 0.675771
2.000000 0.478128 0.341668 0.106250 0.150000 0.726553
2.000000 0.340624 0.441664 0.131250 0.183334 0.791363
2.000000 0.387496 0.158332 0.062500 0.083334 0.324861
2.000000 0.003128 0.291664 0.093750 0.100000 0.516207
2.000000 0.418752 0.287500 0.075000 0.075000 0.596797
2.000000 0.312496 0.350002 0.087500 0.100000 0.675746
2.000000 0.606248 0.612502 0.137500 0.158334 0.701876
2.000000 0.387496 0.149998 0.062500 0.083334 0.351197
2.000000 0.003128 0.291664 0.093750 0.100000 0.503464
2.000000 0.600000 0.604168 0.137500 0.158334 0.651491
2.000000 0.415624 0.287500 0.068750 0.075000 0.659256
2.000000 0.312496 0.350002 0.087500 0.100000 0.691459
2.000000 0.387496 0.149998 0.062500 0.083334 0.363552
2.000000 0.003128 0.291664 0.093750 0.100000 0.518757
2.000000 0.415624 0.287500 0.068750 0.075000 0.632291
2.000000 0.312496 0.350002 0.087500 0.100000 0.674995
2.000000 0.596872 0.591664 0.131250 0.150000 0.675159
2.000000 0.009376 0.250000 0.093750 0.133334 0.339811
2.000000 0.387496 0.149998 0.062500 0.083334 0.392486
2.000000 0.003128 0.295834 0.093750 0.108334 0.549602
2.000000 0.415624 0.283336 0.068750 0.083334 0.634631
2.000000 0.315624 0.341668 0.093750 0.100000 0.635562
2.000000 0.593752 0.591664 0.137500 0.150000 0.760492
2.000000 0.006248 0.237502 0.087500 0.108334 0.346589
2.000000 0.387496 0.145834 0.062500 0.091666 0.390373
2.000000 0.000000 0.295834 0.087500 0.108334 0.569706
2.000000 0.312496 0.341668 0.087500 0.100000 0.625865
2.000000 0.415624 0.283336 0.068750 0.083334 0.627460
2.000000 0.590624 0.583336 0.143750 0.150000 0.767808
2.000000 0.006248 0.233332 0.087500 0.100000 0.319219
2.000000 0.387496 0.149998 0.062500 0.083334 0.387235
2.000000 0.003128 0.299998 0.093750 0.100000 0.556932
2.000000 0.312496 0.341668 0.087500 0.100000 0.605501
2.000000 0.415624 0.279166 0.068750 0.075000 0.616467
2.000000 0.587504 0.579166 0.137500 0.141666 0.784353
2.000000 0.387496 0.145834 0.062500 0.091666 0.397384
2.000000 0.415624 0.279166 0.068750 0.075000 0.626256
2.000000 0.309376 0.341668 0.081250 0.100000 0.627529
2.000000 0.584376 0.570832 0.131250 0.141666 0.754803
2.000000 0.387496 0.149998 0.062500 0.083334 0.427152
2.000000 0.309376 0.337498 0.081250 0.091666 0.663680
2.000000 0.415624 0.275002 0.068750 0.083334 0.672302
2.000000 0.581248 0.566668 0.125000 0.150000 0.737556
2.000000 0.003128 0.237502 0.093750 0.108334 0.324115
2.000000 0.387496 0.149998 0.062500 0.083334 0.440235
2.000000 0.309376 0.337498 0.081250 0.091666 0.612275
2.000000 0.415624 0.275002 0.068750 0.083334 0.704936
2.000000 0.578128 0.562498 0.131250 0.141666 0.720021
2.000000 0.003128 0.241666 0.093750 0.116666 0.328426
2.000000 0.387496 0.145834 0.062500 0.091666 0.443661
2.000000 0.309376 0.333334 0.081250 0.083334 0.566583
2.000000 0.415624 0.275002 0.068750 0.083334 0.702264
2.000000 0.571872 0.554164 0.131250 0.141666 0.784088
2.000000 0.125000 0.141664 0.062500 0.066666 0.319943
2.000000 0.465624 0.220834 0.106250 0.125000 0.361095
2.000000 0.009376 0.287500 0.081250 0.075000 0.661322
2.000000 0.478128 0.337498 0.106250 0.141666 0.724627
2.000000 0.340624 0.441664 0.131250 0.183334 0.791521
2.000000 0.003128 0.241666 0.093750 0.116666 0.326380
2.000000 0.387496 0.145834 0.062500 0.091666 0.448355
2.000000 0.306248 0.329164 0.075000 0.091666 0.605374
2.000000 0.412496 0.275002 0.075000 0.083334 0.702366
2.000000 0.571872 0.550000 0.131250 0.133334 0.805935
2.000000 0.000000 0.237502 0.100000 0.108334 0.314231
2.000000 0.387496 0.145834 0.062500 0.091666 0.438269
2.000000 0.306248 0.325000 0.075000 0.083334 0.600018
2.000000 0.412496 0.275002 0.075000 0.083334 0.687211
2.000000 0.565624 0.545836 0.131250 0.141666 0.804629
2.000000 0.003128 0.237502 0.093750 0.108334 0.360437
2.000000 0.387496 0.145834 0.062500 0.091666 0.443675
2.000000 0.306248 0.325000 0.075000 0.083334 0.594363
2.000000 0.412496 0.275002 0.075000 0.083334 0.705748
2.000000 0.565624 0.541666 0.131250 0.133334 0.790933
2.000000 0.000000 0.237502 0.100000 0.108334 0.336688
2.000000 0.384376 0.145834 0.068750 0.091666 0.447047
2.000000 0.306248 0.325000 0.075000 0.083334 0.577394
2.000000 0.412496 0.270832 0.075000 0.091666 0.708843
2.000000 0.562496 0.533332 0.125000 0.133334 0.788703
2.000000 0.384376 0.145834 0.068750 0.091666 0.457806
2.000000 0.306248 0.325000 0.075000 0.083334 0.594662
2.000000 0.412496 0.270832 0.075000 0.091666 0.710727
2.000000 0.562496 0.533332 0.125000 0.133334 0.778606
2.000000 0.384376 0.145834 0.068750 0.091666 0.471240
2.000000 0.306248 0.320836 0.075000 0.091666 0.604477
2.000000 0.412496 0.266668 0.075000 0.083334 0.713028
2.000000 0.556248 0.524998 0.125000 0.133334 0.761971
2.000000 0.384376 0.145834 0.068750 0.091666 0.466936
2.000000 0.306248 0.316666 0.075000 0.083334 0.568817
2.000000 0.412496 0.266668 0.075000 0.083334 0.694937
2.000000 0.553128 0.520834 0.118750 0.125000 0.785522
2.000000 0.384376 0.145834 0.068750 0.091666 0.466047
2.000000 0.303128 0.316666 0.068750 0.083334 0.547758
2.000000 0.409376 0.266668 0.081250 0.083334 0.707285
2.000000 0.553128 0.516664 0.118750 0.133334 0.774740
2.000000 0.384376 0.141664 0.068750 0.083334 0.466421
2.000000 0.303128 0.316666 0.068750 0.083334 0.584270
2.000000 0.409376 0.266668 0.081250 0.083334 0.693473
2.000000 0.553128 0.508336 0.118750 0.133334 0.765372
2.000000 0.384376 0.141664 0.068750 0.083334 0.462546
2.000000 0.303128 0.308332 0.068750 0.083334 0.565183
2.000000 0.412496 0.258334 0.075000 0.083334 0.680216
2.000000 0.546872 0.508336 0.118750 0.133334 0.772505
2.000000 0.125000 0.137500 0.062500 0.075000 0.301102
2.000000 0.465624 0.220834 0.106250 0.125000 0.373284
2.000000 0.009376 0.287500 0.081250 0.075000 0.654297
2.000000 0.475000 0.337498 0.100000 0.141666 0.730317
2.000000 0.337504 0.437500 0.137500 0.191666 0.798881
2.000000 0.384376 0.137500 0.068750 0.091666 0.471057
2.000000 0.303128 0.308332 0.068750 0.083334 0.595160
2.000000 0.409376 0.258334 0.081250 0.083334 0.672510
2.000000 0.543752 0.504166 0.125000 0.125000 0.791186
2.000000 0.384376 0.137500 0.068750 0.091666 0.442774
2.000000 0.303128 0.304168 0.068750 0.075000 0.623389
2.000000 0.406248 0.258334 0.075000 0.083334 0.686694
2.000000 0.543752 0.500002 0.125000 0.133334 0.786021
2.000000 0.384376 0.141664 0.068750 0.083334 0.403994
2.000000 0.303128 0.304168 0.068750 0.075000 0.615799
2.000000 0.406248 0.258334 0.075000 0.083334 0.694385
2.000000 0.537496 0.495832 0.112500 0.125000 0.794177
2.000000 0.384376 0.141664 0.068750 0.083334 0.399771
2.000000 0.303128 0.304168 0.068750 0.075000 0.537891
2.000000 0.406248 0.258334 0.075000 0.083334 0.696083
2.000000 0.537496 0.487498 0.112500 0.125000 0.794908
2.000000 0.384376 0.141664 0.068750 0.083334 0.415695
2.000000 0.303128 0.299998 0.068750 0.083334 0.574117
2.000000 0.406248 0.258334 0.075000 0.083334 0.695706
2.000000 0.534376 0.483334 0.106250 0.133334 0.812539
2.000000 0.384376 0.141664 0.068750 0.083334 0.434054
2.000000 0.303128 0.299998 0.068750 0.083334 0.568671
2.000000 0.406248 0.254164 0.075000 0.075000 0.713947
2.000000 0.531248 0.483334 0.112500 0.133334 0.820913
2.000000 0.384376 0.141664 0.068750 0.083334 0.424080
2.000000 0.303128 0.299998 0.068750 0.083334 0.564038
2.000000 0.406248 0.258334 0.075000 0.083334 0.702465
2.000000 0.525000 0.479164 0.112500 0.125000 0.814490
2.000000 0.384376 0.141664 0.068750 0.083334 0.410964
2.000000 0.303128 0.295834 0.068750 0.075000 0.566062
2.000000 0.406248 0.254164 0.075000 0.075000 0.698508
2.000000 0.525000 0.475000 0.112500 0.133334 0.803973
2.000000 0.384376 0.141664 0.068750 0.083334 0.415826
2.000000 0.303128 0.295834 0.068750 0.075000 0.524385
2.000000 0.406248 0.254164 0.075000 0.075000 0.685987
2.000000 0.525000 0.470836 0.112500 0.125000 0.797636
2.000000 0.387496 0.141664 0.062500 0.083334 0.396017
2.000000 0.303128 0.291664 0.068750 0.083334 0.564283
2.000000 0.406248 0.254164 0.075000 0.075000 0.650174
2.000000 0.525000 0.466666 0.112500 0.133334 0.791540
2.000000 0.465624 0.224998 0.106250 0.116666 0.406371
2.000000 0.003128 0.287500 0.081250 0.075000 0.582612
2.000000 0.475000 0.333334 0.100000 0.150000 0.714870
2.000000 0.340624 0.433336 0.131250 0.183334 0.785909
2.000000 0.384376 0.141664 0.068750 0.083334 0.416194
2.000000 0.303128 0.291664 0.068750 0.083334 0.531121
2.000000 0.409376 0.250000 0.068750 0.066666 0.662571
2.000000 0.521872 0.462502 0.106250 0.125000 0.785512
2.000000 0.303128 0.287500 0.068750 0.075000 0.464113
2.000000 0.384376 0.137500 0.068750 0.091666 0.464713
2.000000 0.406248 0.245836 0.075000 0.075000 0.658570
2.000000 0.518752 0.462502 0.112500 0.125000 0.769839
2.000000 0.303128 0.287500 0.068750 0.075000 0.452165
2.000000 0.381248 0.129166 0.062500 0.091666 0.457664
2.000000 0.406248 0.245836 0.075000 0.075000 0.662135
2.000000 0.518752 0.454168 0.112500 0.125000 0.782918
2.000000 0.300000 0.283336 0.062500 0.066666 0.450356
2.000000 0.381248 0.129166 0.062500 0.091666 0.451487
2.000000 0.406248 0.245836 0.075000 0.075000 0.666513
2.000000 0.515624 0.449998 0.106250 0.116666 0.778362
2.000000 0.384376 0.133336 0.068750 0.083334 0.424092
2.000000 0.300000 0.279166 0.062500 0.075000 0.452945
2.000000 0.409376 0.245836 0.068750 0.075000 0.641078
2.000000 0.515624 0.449998 0.106250 0.116666 0.722211
2.000000 0.381248 0.129166 0.062500 0.091666 0.426282
2.000000 0.296872 0.275002 0.068750 0.083334 0.482431
2.000000 0.406248 0.245836 0.075000 0.075000 0.609867
2.000000 0.515624 0.441664 0.106250 0.116666 0.699814
2.000000 0.381248 0.129166 0.062500 0.091666 0.426350
2.000000 0.296872 0.275002 0.068750 0.083334 0.505127
2.000000 0.406248 0.241666 0.075000 0.083334 0.601800
2.000000 0.512496 0.441664 0.100000 0.116666 0.709213
2.000000 0.381248 0.129166 0.062500 0.091666 0.431755
2.000000 0.296872 0.275002 0.068750 0.083334 0.473513
2.000000 0.406248 0.245836 0.075000 0.075000 0.600789
2.000000 0.509376 0.437500 0.106250 0.125000 0.718835
2.000000 0.381248 0.133336 0.062500 0.083334 0.406335
2.000000 0.300000 0.275002 0.062500 0.083334 0.422063
2.000000 0.406248 0.245836 0.075000 0.075000 0.582907
2.000000 0.506248 0.433336 0.100000 0.116666 0.731979
2.000000 0.300000 0.270832 0.062500 0.075000 0.362118
2.000000 0.381248 0.129166 0.062500 0.091666 0.403000
2.000000 0.406248 0.241666 0.075000 0.083334 0.572206
2.000000 0.506248 0.429166 0.100000 0.125000 0.736804
2.000000 0.462504 0.224998 0.112500 0.116666 0.427644
2.000000 0.003128 0.291664 0.081250 0.083334 0.594858
2.000000 0.475000 0.333334 0.100000 0.150000 0.730140
2.000000 0.334376 0.433336 0.131250 0.183334 0.794663
2.000000 0.300000 0.270832 0.062500 0.075000 0.366376
2.000000 0.381248 0.129166 0.062500 0.091666 0.403998
2.000000 0.403128 0.241666 0.068750 0.083334 0.536982
2.000000 0.506248 0.429166 0.100000 0.108334 0.729147
2.000000 0.296872 0.270832 0.068750 0.075000 0.358913
2.000000 0.378128 0.125002 0.056250 0.100000 0.401271
2.000000 0.406248 0.237502 0.075000 0.075000 0.589722
2.000000 0.500000 0.425002 0.100000 0.116666 0.742179
2.000000 0.300000 0.270832 0.062500 0.075000 0.311605
2.000000 0.381248 0.125002 0.062500 0.100000 0.389197
2.000000 0.406248 0.237502 0.075000 0.075000 0.577620
2.000000 0.500000 0.420832 0.100000 0.108334 0.738079
2.000000 0.296872 0.262498 0.056250 0.075000 0.331709
2.000000 0.381248 0.125002 0.062500 0.100000 0.348840
2.000000 0.406248 0.233332 0.075000 0.083334 0.500482
2.000000 0.496872 0.416668 0.093750 0.116666 0.721391
2.000000 0.296872 0.262498 0.056250 0.075000 0.333614
2.000000 0.381248 0.125002 0.062500 0.100000 0.342595
2.000000 0.403128 0.229168 0.068750 0.075000 0.513637
2.000000 0.496872 0.412498 0.093750 0.108334 0.735340
2.000000 0.381248 0.120832 0.062500 0.091666 0.345894
2.000000 0.293752 0.258334 0.062500 0.083334 0.396866
2.000000 0.406248 0.229168 0.075000 0.075000 0.571212
2.000000 0.493752 0.408334 0.100000 0.116666 0.744927
2.000000 0.296872 0.258334 0.056250 0.083334 0.352953
2.000000 0.378128 0.120832 0.056250 0.091666 0.364387
2.000000 0.403128 0.229168 0.068750 0.075000 0.539634
2.000000 0.490624 0.408334 0.093750 0.116666 0.747635
2.000000 0.378128 0.120832 0.056250 0.091666 0.361889
2.000000 0.293752 0.254164 0.062500 0.075000 0.364862
2.000000 0.403128 0.233332 0.068750 0.066666 0.529493
2.000000 0.490624 0.404164 0.093750 0.108334 0.770272
2.000000 0.378128 0.116668 0.056250 0.100000 0.361452
2.000000 0.296872 0.254164 0.056250 0.075000 0.365068
2.000000 0.403128 0.229168 0.068750 0.075000 0.525376
2.000000 0.490624 0.404164 0.093750 0.108334 0.772658
2.000000 0.378128 0.120832 0.056250 0.108334 0.359926
2.000000 0.296872 0.254164 0.056250 0.075000 0.369842
2.000000 0.400000 0.233332 0.062500 0.066666 0.522843
2.000000 0.490624 0.404164 0.093750 0.108334 0.783193
2.000000 0.125000 0.129166 0.062500 0.075000 0.307457
2.000000 0.009376 0.175000 0.056250 0.050000 0.312637
2.000000 0.462504 0.220834 0.112500 0.108334 0.373083
2.000000 0.000000 0.291664 0.087500 0.083334 0.535061
2.000000 0.475000 0.329164 0.100000 0.141666 0.703266
2.000000 0.334376 0.429166 0.131250 0.175000 0.768659
2.000000 0.300000 0.254164 0.062500 0.075000 0.342862
2.000000 0.378128 0.116668 0.056250 0.100000 0.359609
2.000000 0.400000 0.229168 0.062500 0.075000 0.426860
2.000000 0.490624 0.395836 0.093750 0.108334 0.760967
2.000000 0.378128 0.116668 0.056250 0.100000 0.367873
2.000000 0.300000 0.254164 0.062500 0.075000 0.388588
2.000000 0.400000 0.229168 0.062500 0.075000 0.392838
2.000000 0.484376 0.395836 0.093750 0.108334 0.781849
2.000000 0.378128 0.116668 0.056250 0.100000 0.354049
2.000000 0.296872 0.254164 0.068750 0.075000 0.393165
2.000000 0.403128 0.229168 0.068750 0.075000 0.402270
2.000000 0.484376 0.395836 0.093750 0.108334 0.790350
2.000000 0.378128 0.116668 0.056250 0.100000 0.339653
2.000000 0.300000 0.250000 0.062500 0.066666 0.384639
2.000000 0.400000 0.224998 0.062500 0.066666 0.417268
2.000000 0.484376 0.387502 0.093750 0.108334 0.757662
2.000000 0.378128 0.116668 0.056250 0.100000 0.360318
2.000000 0.296872 0.250000 0.068750 0.066666 0.396867
2.000000 0.400000 0.224998 0.062500 0.066666 0.417510
2.000000 0.481248 0.383332 0.087500 0.100000 0.763319
2.000000 0.378128 0.116668 0.056250 0.100000 0.344133
2.000000 0.296872 0.250000 0.068750 0.066666 0.386397
2.000000 0.396872 0.220834 0.056250 0.075000 0.390259
2.000000 0.478128 0.383332 0.093750 0.100000 0.757952
2.000000 0.378128 0.116668 0.056250 0.100000 0.321666
2.000000 0.296872 0.245836 0.068750 0.075000 0.336132
2.000000 0.396872 0.220834 0.056250 0.075000 0.361143
2.000000 0.478128 0.379168 0.093750 0.108334 0.741724
2.000000 0.296872 0.245836 0.068750 0.075000 0.303045
2.000000 0.378128 0.116668 0.056250 0.100000 0.317267
2.000000 0.396872 0.220834 0.056250 0.075000 0.378901
2.000000 0.478128 0.379168 0.093750 0.108334 0.738008
2.000000 0.378128 0.116668 0.056250 0.100000 0.307550
2.000000 0.393752 0.220834 0.062500 0.075000 0.375620
2.000000 0.478128 0.374998 0.093750 0.100000 0.747568
2.000000 0.393752 0.212500 0.062500 0.075000 0.347175
2.000000 0.475000 0.370834 0.087500 0.108334 0.744635
2.000000 0.009376 0.175000 0.056250 0.050000 0.316665
2.000000 0.125000 0.133336 0.062500 0.083334 0.324721
2.000000 0.465624 0.224998 0.106250 0.116666 0.356983
2.000000 0.000000 0.291664 0.087500 0.083334 0.549734
2.000000 0.475000 0.329164 0.100000 0.141666 0.698808
2.000000 0.334376 0.429166 0.118750 0.175000 0.751073
2.000000 0.390624 0.212500 0.056250 0.075000 0.312415
2.000000 0.471872 0.366664 0.093750 0.100000 0.756858
2.000000 0.400000 0.212500 0.062500 0.075000 0.475027
2.000000 0.471872 0.366664 0.093750 0.100000 0.742862
2.000000 0.396872 0.212500 0.068750 0.075000 0.473365
2.000000 0.471872 0.366664 0.093750 0.100000 0.733935
2.000000 0.396872 0.212500 0.068750 0.075000 0.474200
2.000000 0.468752 0.362500 0.087500 0.091666 0.728607
2.000000 0.396872 0.212500 0.068750 0.075000 0.475138
2.000000 0.468752 0.358336 0.087500 0.100000 0.724595
2.000000 0.396872 0.208336 0.068750 0.083334 0.472331
2.000000 0.468752 0.354166 0.087500 0.091666 0.711297
2.000000 0.396872 0.208336 0.068750 0.083334 0.463653
2.000000 0.465624 0.354166 0.081250 0.091666 0.701151
2.000000 0.396872 0.208336 0.068750 0.083334 0.454644
2.000000 0.462504 0.354166 0.087500 0.091666 0.700991
2.000000 0.396872 0.208336 0.068750 0.083334 0.455904
2.000000 0.462504 0.350002 0.087500 0.100000 0.704792
2.000000 0.393752 0.212500 0.062500 0.075000 0.404536
2.000000 0.459376 0.345832 0.081250 0.091666 0.720371
2.000000 0.125000 0.133336 0.062500 0.083334 0.327467
2.000000 0.459376 0.220834 0.106250 0.108334 0.376472
2.000000 0.475000 0.329164 0.100000 0.141666 0.722513
2.000000 0.328128 0.425002 0.118750 0.166666 0.733260
2.000000 0.393752 0.208336 0.062500 0.083334 0.357514
2.000000 0.459376 0.341668 0.081250 0.100000 0.730073
2.000000 0.300000 0.220834 0.050000 0.075000 0.306428
2.000000 0.393752 0.204166 0.062500 0.075000 0.378413
2.000000 0.456248 0.341668 0.087500 0.100000 0.719792
2.000000 0.296872 0.220834 0.056250 0.075000 0.324519
2.000000 0.393752 0.204166 0.062500 0.075000 0.396851
2.000000 0.456248 0.337498 0.087500 0.091666 0.717419
2.000000 0.393752 0.204166 0.062500 0.075000 0.336631
2.000000 0.296872 0.220834 0.056250 0.075000 0.353589
2.000000 0.456248 0.333334 0.087500 0.100000 0.731436
2.000000 0.393752 0.204166 0.075000 0.075000 0.348890
2.000000 0.296872 0.220834 0.056250 0.075000 0.380742
2.000000 0.456248 0.333334 0.087500 0.100000 0.718280
2.000000 0.393752 0.204166 0.075000 0.075000 0.337185
2.000000 0.296872 0.216664 0.056250 0.066666 0.371327
2.000000 0.456248 0.329164 0.087500 0.091666 0.676363
2.000000 0.296872 0.216664 0.056250 0.066666 0.352997
2.000000 0.456248 0.325000 0.087500 0.100000 0.677727
2.000000 0.393752 0.204166 0.062500 0.075000 0.316411
2.000000 0.300000 0.216664 0.050000 0.066666 0.348477
2.000000 0.453128 0.325000 0.093750 0.100000 0.679343
2.000000 0.396872 0.204166 0.068750 0.075000 0.308478
2.000000 0.296872 0.216664 0.056250 0.066666 0.360938
2.000000 0.450000 0.325000 0.087500 0.100000 0.670577
2.000000 0.396872 0.204166 0.068750 0.075000 0.313165
2.000000 0.296872 0.212500 0.056250 0.075000 0.339768
2.000000 0.450000 0.320836 0.087500 0.091666 0.672375
2.000000 0.125000 0.133336 0.062500 0.083334 0.317394
2.000000 0.459376 0.216664 0.106250 0.116666 0.342766
2.000000 0.475000 0.329164 0.100000 0.141666 0.713388
2.000000 0.331248 0.420832 0.125000 0.158334 0.749007
2.000000 0.296872 0.212500 0.056250 0.075000 0.334528
2.000000 0.450000 0.320836 0.087500 0.091666 0.682545
2.000000 0.393752 0.200002 0.062500 0.066666 0.302814
2.000000 0.296872 0.212500 0.056250 0.075000 0.325605
2.000000 0.450000 0.316666 0.087500 0.100000 0.678002
2.000000 0.300000 0.208336 0.050000 0.066666 0.301993
2.000000 0.450000 0.316666 0.087500 0.100000 0.659134
2.000000 0.393752 0.200002 0.062500 0.066666 0.310806
2.000000 0.450000 0.312502 0.087500 0.091666 0.649532
2.000000 0.393752 0.200002 0.062500 0.066666 0.335360
2.000000 0.446872 0.308332 0.081250 0.100000 0.649066
2.000000 0.300000 0.208336 0.050000 0.066666 0.356302
2.000000 0.393752 0.200002 0.062500 0.066666 0.367865
2.000000 0.443752 0.308332 0.087500 0.100000 0.630888
2.000000 0.300000 0.208336 0.050000 0.066666 0.308418
2.000000 0.393752 0.200002 0.062500 0.066666 0.317080
2.000000 0.446872 0.308332 0.081250 0.100000 0.608121
2.000000 0.393752 0.200002 0.062500 0.066666 0.333979
2.000000 0.443752 0.304168 0.087500 0.091666 0.616798
2.000000 0.393752 0.200002 0.062500 0.066666 0.345049
2.000000 0.443752 0.304168 0.087500 0.091666 0.610556
2.000000 0.393752 0.200002 0.062500 0.066666 0.338844
2.000000 0.440624 0.299998 0.081250 0.083334 0.618847
2.000000 0.421872 0.991666 0.231250 0.266666 0.691729
2.000000 0.021872 0.258334 0.068750 0.066666 0.615341
2.000000 0.500000 0.374998 0.112500 0.150000 0.690245
2.000000 0.365624 0.516664 0.156250 0.216666 0.814279
2.000000 0.459376 0.216664 0.106250 0.116666 0.338896
2.000000 0.471872 0.325000 0.106250 0.150000 0.664748
2.000000 0.328128 0.416668 0.118750 0.166666 0.766735
2.000000 0.393752 0.200002 0.062500 0.066666 0.334840
2.000000 0.440624 0.295834 0.081250 0.091666 0.648009
2.000000 0.418752 0.979168 0.225000 0.258334 0.711626
2.000000 0.459376 0.212500 0.106250 0.108334 0.345932
2.000000 0.468752 0.320836 0.100000 0.141666 0.666308
2.000000 0.328128 0.412498 0.118750 0.158334 0.776925
2.000000 0.456248 0.216664 0.100000 0.116666 0.334725
2.000000 0.465624 0.320836 0.093750 0.141666 0.634538
2.000000 0.328128 0.412498 0.118750 0.158334 0.752653
2.000000 0.453128 0.216664 0.106250 0.116666 0.305663
2.000000 0.462504 0.320836 0.100000 0.141666 0.655051
2.000000 0.328128 0.404164 0.118750 0.158334 0.754940
2.000000 0.462504 0.320836 0.100000 0.141666 0.651231
2.000000 0.325000 0.404164 0.112500 0.158334 0.749743
2.000000 0.446872 0.220834 0.106250 0.125000 0.406512
2.000000 0.462504 0.316666 0.100000 0.150000 0.649183
2.000000 0.325000 0.400000 0.112500 0.150000 0.773802
2.000000 0.446872 0.216664 0.106250 0.116666 0.377235
2.000000 0.462504 0.316666 0.100000 0.133334 0.665821
2.000000 0.325000 0.395836 0.112500 0.158334 0.757502
2.000000 0.446872 0.216664 0.106250 0.116666 0.369257
2.000000 0.462504 0.312502 0.100000 0.141666 0.666762
2.000000 0.321872 0.395836 0.118750 0.158334 0.747378
2.000000 0.446872 0.212500 0.106250 0.108334 0.335668
2.000000 0.462504 0.312502 0.100000 0.141666 0.667722
2.000000 0.318752 0.395836 0.112500 0.158334 0.732178
2.000000 0.459376 0.308332 0.093750 0.133334 0.663872
2.000000 0.321872 0.387502 0.118750 0.158334 0.733355
2.000000 0.021872 0.258334 0.068750 0.066666 0.585598
2.000000 0.500000 0.374998 0.112500 0.150000 0.720039
2.000000 0.368752 0.512500 0.150000 0.208334 0.821299
2.000000 0.456248 0.308332 0.100000 0.133334 0.657786
2.000000 0.318752 0.387502 0.112500 0.158334 0.704355
2.000000 0.456248 0.308332 0.100000 0.133334 0.635406
2.000000 0.321872 0.379168 0.106250 0.158334 0.701887
2.000000 0.456248 0.308332 0.100000 0.133334 0.618614
2.000000 0.315624 0.379168 0.106250 0.158334 0.692666
2.000000 0.453128 0.304168 0.093750 0.125000 0.594014
2.000000 0.315624 0.379168 0.106250 0.158334 0.679136
2.000000 0.450000 0.304168 0.100000 0.125000 0.589092
2.000000 0.318752 0.374998 0.112500 0.150000 0.714349
2.000000 0.112504 0.166666 0.062500 0.066666 0.318243
2.000000 0.450000 0.304168 0.100000 0.125000 0.575358
2.000000 0.318752 0.370834 0.112500 0.158334 0.722700
2.000000 0.112504 0.162502 0.062500 0.075000 0.344834
2.000000 0.450000 0.304168 0.100000 0.125000 0.532161
2.000000 0.315624 0.370834 0.106250 0.158334 0.711618
2.000000 0.112504 0.162502 0.062500 0.075000 0.330323
2.000000 0.450000 0.304168 0.100000 0.125000 0.570588
2.000000 0.315624 0.366664 0.106250 0.150000 0.706824
2.000000 0.450000 0.304168 0.100000 0.125000 0.562249
2.000000 0.315624 0.366664 0.106250 0.150000 0.718568
2.000000 0.450000 0.304168 0.100000 0.125000 0.614633
2.000000 0.315624 0.362500 0.106250 0.141666 0.722675
2.000000 0.021872 0.258334 0.068750 0.066666 0.538287
2.000000 0.496872 0.374998 0.106250 0.150000 0.734625
2.000000 0.365624 0.508336 0.143750 0.216666 0.814830
2.000000 0.109376 0.162502 0.068750 0.075000 0.311728
2.000000 0.446872 0.295834 0.093750 0.125000 0.584720
2.000000 0.312496 0.358336 0.100000 0.150000 0.682456
2.000000 0.106248 0.166666 0.062500 0.066666 0.307295
2.000000 0.446872 0.295834 0.093750 0.125000 0.641896
2.000000 0.312496 0.358336 0.100000 0.150000 0.683901
2.000000 0.106248 0.166666 0.062500 0.066666 0.309353
2.000000 0.450000 0.295834 0.087500 0.125000 0.622305
2.000000 0.312496 0.354166 0.100000 0.158334 0.681929
2.000000 0.106248 0.166666 0.062500 0.066666 0.343416
2.000000 0.446872 0.295834 0.093750 0.125000 0.584313
2.000000 0.312496 0.350002 0.100000 0.150000 0.696529
2.000000 0.103128 0.162502 0.068750 0.075000 0.343080
2.000000 0.446872 0.295834 0.093750 0.125000 0.573905
2.000000 0.312496 0.350002 0.100000 0.150000 0.741285
2.000000 0.103128 0.166666 0.068750 0.083334 0.327063
2.000000 0.446872 0.291664 0.093750 0.116666 0.544469
2.000000 0.312496 0.350002 0.100000 0.150000 0.741092
2.000000 0.103128 0.166666 0.068750 0.083334 0.349448
2.000000 0.446872 0.291664 0.093750 0.116666 0.529799
2.000000 0.312496 0.345832 0.100000 0.141666 0.724615
2.000000 0.103128 0.166666 0.068750 0.083334 0.335679
2.000000 0.446872 0.287500 0.093750 0.125000 0.492983
2.000000 0.309376 0.341668 0.093750 0.150000 0.709584
2.000000 0.103128 0.166666 0.068750 0.083334 0.359781
2.000000 0.446872 0.287500 0.093750 0.125000 0.503544
2.000000 0.312496 0.337498 0.100000 0.141666 0.726691
2.000000 0.831248 0.987502 0.225000 0.225000 0.792163
2.000000 0.103128 0.166666 0.068750 0.083334 0.360065
2.000000 0.446872 0.287500 0.093750 0.125000 0.509669
2.000000 0.312496 0.337498 0.100000 0.141666 0.696177
2.000000 0.821872 0.974998 0.231250 0.233334 0.828258
2.000000 0.021872 0.258334 0.068750 0.066666 0.485198
2.000000 0.496872 0.374998 0.106250 0.150000 0.716918
2.000000 0.362504 0.504166 0.150000 0.208334 0.803538
2.000000 0.103128 0.166666 0.068750 0.083334 0.310624
2.000000 0.443752 0.279166 0.087500 0.125000 0.512968
2.000000 0.312496 0.337498 0.100000 0.141666 0.678752
2.000000 0.812496 0.966664 0.225000 0.233334 0.816156
2.000000 0.103128 0.166666 0.068750 0.083334 0.381897
2.000000 0.443752 0.279166 0.087500 0.125000 0.582591
2.000000 0.309376 0.333334 0.093750 0.133334 0.728746
2.000000 0.806248 0.954166 0.225000 0.225000 0.838967
2.000000 0.103128 0.166666 0.068750 0.083334 0.392214
2.000000 0.443752 0.279166 0.087500 0.125000 0.567836
2.000000 0.309376 0.333334 0.093750 0.133334 0.682540
2.000000 0.793752 0.937498 0.225000 0.225000 0.840884
2.000000 0.103128 0.166666 0.068750 0.083334 0.380711
2.000000 0.440624 0.279166 0.093750 0.125000 0.591558
2.000000 0.309376 0.333334 0.093750 0.133334 0.701289
2.000000 0.784376 0.925000 0.218750 0.216666 0.832608
2.000000 0.106248 0.162502 0.075000 0.091666 0.373482
2.000000 0.440624 0.275002 0.093750 0.116666 0.590324
2.000000 0.309376 0.325000 0.093750 0.133334 0.687806
2.000000 0.778128 0.916666 0.218750 0.216666 0.808222
2.000000 0.106248 0.158332 0.075000 0.083334 0.386597
2.000000 0.440624 0.275002 0.093750 0.116666 0.599673
2.000000 0.309376 0.325000 0.093750 0.133334 0.684238
2.000000 0.768752 0.904168 0.212500 0.225000 0.815887
2.000000 0.100000 0.162502 0.075000 0.091666 0.332694
2.000000 0.440624 0.275002 0.093750 0.116666 0.612845
2.000000 0.306248 0.325000 0.087500 0.133334 0.667951
2.000000 0.762496 0.887500 0.212500 0.208334 0.786947
2.000000 0.100000 0.166666 0.075000 0.083334 0.327449
2.000000 0.437504 0.275002 0.087500 0.116666 0.609018
2.000000 0.306248 0.325000 0.087500 0.133334 0.632166
2.000000 0.753128 0.875002 0.206250 0.200000 0.809257
2.000000 0.100000 0.166666 0.075000 0.083334 0.327821
2.000000 0.437504 0.275002 0.087500 0.116666 0.588505
2.000000 0.306248 0.325000 0.087500 0.133334 0.616816
2.000000 0.743752 0.866668 0.212500 0.200000 0.826314
2.000000 0.100000 0.166666 0.075000 0.083334 0.301011
2.000000 0.437504 0.270832 0.087500 0.125000 0.546791
2.000000 0.306248 0.320836 0.087500 0.125000 0.560378
2.000000 0.743752 0.862498 0.200000 0.208334 0.831980
2.000000 0.125000 0.137500 0.062500 0.058334 0.314700
2.000000 0.018752 0.266668 0.075000 0.066666 0.514456
2.000000 0.496872 0.366664 0.106250 0.150000 0.700278
2.000000 0.359376 0.495832 0.143750 0.208334 0.802952
2.000000 0.100000 0.166666 0.075000 0.083334 0.300504
2.000000 0.087504 0.191668 0.062500 0.066666 0.310764
2.000000 0.437504 0.270832 0.087500 0.125000 0.533723
2.000000 0.306248 0.316666 0.087500 0.133334 0.543473
2.000000 0.734376 0.850000 0.193750 0.216666 0.863914
2.000000 0.096872 0.170836 0.081250 0.091666 0.307770
2.000000 0.084376 0.191668 0.068750 0.066666 0.320719
2.000000 0.309376 0.316666 0.093750 0.133334 0.575275
2.000000 0.437504 0.266668 0.087500 0.116666 0.582536
2.000000 0.728128 0.841666 0.193750 0.216666 0.857042
2.000000 0.100000 0.170836 0.075000 0.091666 0.304954
2.000000 0.087504 0.191668 0.062500 0.066666 0.307783
2.000000 0.309376 0.312502 0.093750 0.125000 0.568218
2.000000 0.437504 0.266668 0.087500 0.116666 0.607800
2.000000 0.718752 0.833332 0.200000 0.200000 0.841852
2.000000 0.084376 0.187498 0.068750 0.075000 0.306212
2.000000 0.096872 0.166666 0.081250 0.100000 0.334252
2.000000 0.309376 0.312502 0.093750 0.125000 0.566202
2.000000 0.434376 0.266668 0.081250 0.116666 0.592029
2.000000 0.715624 0.816664 0.193750 0.200000 0.851056
2.000000 0.084376 0.187498 0.068750 0.075000 0.344107
2.000000 0.306248 0.308332 0.087500 0.133334 0.543203
2.000000 0.434376 0.266668 0.081250 0.116666 0.621497
2.000000 0.709376 0.808336 0.193750 0.200000 0.827687
2.000000 0.084376 0.191668 0.068750 0.066666 0.387498
2.000000 0.306248 0.308332 0.087500 0.133334 0.492906
2.000000 0.434376 0.266668 0.081250 0.116666 0.608300
2.000000 0.700000 0.804166 0.200000 0.208334 0.803841
2.000000 0.084376 0.191668 0.068750 0.066666 0.447127
2.000000 0.306248 0.304168 0.087500 0.125000 0.469891
2.000000 0.434376 0.266668 0.081250 0.116666 0.582117
2.000000 0.696872 0.791668 0.193750 0.200000 0.821122
2.000000 0.078128 0.195832 0.068750 0.075000 0.426047
2.000000 0.303128 0.304168 0.081250 0.125000 0.520548
2.000000 0.434376 0.266668 0.081250 0.116666 0.594574
2.000000 0.687504 0.783334 0.187500 0.200000 0.804417
2.000000 0.078128 0.200002 0.068750 0.066666 0.438450
2.000000 0.303128 0.304168 0.081250 0.125000 0.520295
2.000000 0.434376 0.266668 0.081250 0.116666 0.603123
2.000000 0.684376 0.775000 0.181250 0.183334 0.815700
2.000000 0.078128 0.200002 0.068750 0.066666 0.456093
2.000000 0.303128 0.299998 0.081250 0.116666 0.537647
2.000000 0.434376 0.266668 0.081250 0.116666 0.566013
2.000000 0.678128 0.762502 0.181250 0.191666 0.809989
2.000000 0.018752 0.266668 0.075000 0.066666 0.512323
2.000000 0.493752 0.366664 0.112500 0.150000 0.718075
2.000000 0.359376 0.495832 0.143750 0.208334 0.773059
2.000000 0.078128 0.200002 0.068750 0.066666 0.443105
2.000000 0.303128 0.299998 0.081250 0.116666 0.496565
2.000000 0.431248 0.262498 0.087500 0.125000 0.542231
2.000000 0.671872 0.754168 0.181250 0.175000 0.755572
2.000000 0.078128 0.200002 0.068750 0.066666 0.466329
2.000000 0.428128 0.258334 0.081250 0.116666 0.544772
2.000000 0.303128 0.299998 0.081250 0.116666 0.546913
2.000000 0.668752 0.745834 0.175000 0.175000 0.768762
2.000000 0.075000 0.200002 0.062500 0.066666 0.470590
2.000000 0.428128 0.258334 0.081250 0.116666 0.545619
2.000000 0.303128 0.291664 0.081250 0.116666 0.557992
2.000000 0.665624 0.737500 0.181250 0.175000 0.813280
2.000000 0.075000 0.200002 0.062500 0.066666 0.480547
2.000000 0.303128 0.291664 0.081250 0.116666 0.570434
2.000000 0.428128 0.258334 0.081250 0.116666 0.584444
2.000000 0.662496 0.733336 0.175000 0.183334 0.820950
2.000000 0.068752 0.200002 0.062500 0.066666 0.493870
2.000000 0.428128 0.258334 0.081250 0.116666 0.572783
2.000000 0.303128 0.291664 0.081250 0.116666 0.581697
2.000000 0.653128 0.720832 0.181250 0.175000 0.819165
2.000000 0.068752 0.208336 0.062500 0.066666 0.534428
2.000000 0.428128 0.258334 0.081250 0.116666 0.551447
2.000000 0.303128 0.291664 0.081250 0.116666 0.588873
2.000000 0.650000 0.712498 0.175000 0.175000 0.817210
2.000000 0.068752 0.208336 0.062500 0.066666 0.512783
2.000000 0.428128 0.258334 0.081250 0.116666 0.543024
2.000000 0.303128 0.283336 0.081250 0.116666 0.573601
2.000000 0.643752 0.708334 0.175000 0.166666 0.817388
2.000000 0.068752 0.208336 0.062500 0.066666 0.489621
2.000000 0.428128 0.254164 0.081250 0.108334 0.536085
2.000000 0.303128 0.283336 0.081250 0.116666 0.571271
2.000000 0.640624 0.700000 0.181250 0.166666 0.820425
2.000000 0.068752 0.208336 0.062500 0.066666 0.480378
2.000000 0.428128 0.254164 0.081250 0.108334 0.528746
2.000000 0.300000 0.283336 0.075000 0.116666 0.585401
2.000000 0.637496 0.687502 0.175000 0.158334 0.788077
2.000000 0.428128 0.254164 0.081250 0.108334 0.449147
2.000000 0.062496 0.208336 0.062500 0.066666 0.509513
2.000000 0.300000 0.279166 0.075000 0.125000 0.549495
2.000000 0.634376 0.687502 0.168750 0.158334 0.766152
2.000000 0.125000 0.137500 0.062500 0.058334 0.302763
2.000000 0.018752 0.266668 0.075000 0.066666 0.549814
2.000000 0.493752 0.362500 0.112500 0.158334 0.684932
2.000000 0.356248 0.491668 0.137500 0.200000 0.786140
2.000000 0.428128 0.254164 0.081250 0.108334 0.390464
2.000000 0.300000 0.275002 0.075000 0.116666 0.518908
2.000000 0.062496 0.208336 0.062500 0.066666 0.525890
2.000000 0.621872 0.679168 0.156250 0.158334 0.768358
2.000000 0.428128 0.254164 0.081250 0.108334 0.409091
2.000000 0.300000 0.275002 0.075000 0.116666 0.452506
2.000000 0.065624 0.212500 0.068750 0.075000 0.527940
2.000000 0.621872 0.674998 0.156250 0.166666 0.780381
2.000000 0.300000 0.275002 0.075000 0.116666 0.436372
2.000000 0.428128 0.233332 0.081250 0.133334 0.441397
2.000000 0.065624 0.212500 0.068750 0.075000 0.531783
2.000000 0.618752 0.666664 0.162500 0.166666 0.743281
2.000000 0.428128 0.229168 0.081250 0.141666 0.418145
2.000000 0.300000 0.275002 0.075000 0.116666 0.460307
2.000000 0.065624 0.212500 0.068750 0.075000 0.514596
2.000000 0.615624 0.654166 0.156250 0.158334 0.718322
2.000000 0.428128 0.216664 0.081250 0.166666 0.372800
2.000000 0.300000 0.275002 0.075000 0.116666 0.456508
2.000000 0.065624 0.212500 0.068750 0.075000 0.511892
2.000000 0.609376 0.645832 0.156250 0.175000 0.722685
2.000000 0.425000 0.216664 0.087500 0.166666 0.400472
2.000000 0.300000 0.270832 0.075000 0.108334 0.479438
2.000000 0.062496 0.212500 0.075000 0.075000 0.493027
2.000000 0.603128 0.633334 0.156250 0.183334 0.777811
2.000000 0.428128 0.216664 0.081250 0.166666 0.417840
2.000000 0.062496 0.212500 0.075000 0.075000 0.460411
2.000000 0.300000 0.266668 0.075000 0.116666 0.474280
2.000000 0.600000 0.629164 0.150000 0.175000 0.793275
2.000000 0.428128 0.212500 0.081250 0.158334 0.422220
2.000000 0.059376 0.220834 0.068750 0.075000 0.453834
2.000000 0.300000 0.270832 0.075000 0.108334 0.455759
2.000000 0.600000 0.620836 0.150000 0.175000 0.776861
2.000000 0.428128 0.216664 0.081250 0.150000 0.437805
2.000000 0.300000 0.270832 0.075000 0.108334 0.437808
2.000000 0.062496 0.224998 0.075000 0.066666 0.457852
2.000000 0.603128 0.620836 0.156250 0.175000 0.733734
2.000000 0.300000 0.266668 0.075000 0.116666 0.405588
2.000000 0.425000 0.212500 0.075000 0.158334 0.410980
2.000000 0.059376 0.220834 0.068750 0.075000 0.444963
2.000000 0.593752 0.616666 0.150000 0.166666 0.741990
