2.000000 0.050000 0.508328 0.125000 0.150000 0.598720
2.000000 0.250000 0.266672 0.125000 0.133332 0.305368
2.000000 0.037504 0.533336 0.150000 0.133332 0.568111
2.000000 0.981248 0.716672 0.212500 0.300000 0.708796
2.000000 0.712496 0.966668 0.275000 0.400000 0.791781
2.000000 0.112496 0.449996 0.150000 0.133332 0.413405
2.000000 0.600000 0.524996 0.150000 0.216668 0.460191
2.000000 0.843744 0.441668 0.162500 0.283332 0.462268
2.000000 0.112496 0.449996 0.150000 0.133332 0.411519
2.000000 0.843744 0.458336 0.162500 0.250000 0.513952
2.000000 0.600000 0.524996 0.150000 0.216668 0.524353
2.000000 0.112496 0.458336 0.150000 0.150000 0.440953
2.000000 0.843744 0.458336 0.162500 0.250000 0.525017
2.000000 0.600000 0.524996 0.150000 0.216668 0.528843
2.000000 0.106256 0.449996 0.162500 0.166668 0.416400
2.000000 0.843744 0.475004 0.162500 0.216668 0.551474
2.000000 0.600000 0.516668 0.150000 0.233332 0.567407
2.000000 0.106256 0.441668 0.162500 0.150000 0.412683
2.000000 0.843744 0.449996 0.162500 0.233332 0.539473
2.000000 0.600000 0.508328 0.150000 0.216668 0.615435
2.000000 0.106256 0.441668 0.162500 0.150000 0.398835
2.000000 0.843744 0.449996 0.162500 0.233332 0.537435
2.000000 0.600000 0.508328 0.150000 0.216668 0.641605
2.000000 0.100000 0.441668 0.150000 0.150000 0.364514
2.000000 0.843744 0.449996 0.162500 0.233332 0.519853
2.000000 0.600000 0.508328 0.150000 0.216668 0.621187
2.000000 0.087504 0.449996 0.150000 0.166668 0.366833
2.000000 0.843744 0.458336 0.162500 0.216668 0.562548
2.000000 0.600000 0.508328 0.150000 0.216668 0.613631
2.000000 0.087504 0.449996 0.150000 0.166668 0.356058
2.000000 0.843744 0.458336 0.162500 0.216668 0.602223
2.000000 0.600000 0.508328 0.150000 0.216668 0.609135
2.000000 0.087504 0.449996 0.150000 0.166668 0.380336
2.000000 0.600000 0.500000 0.150000 0.200000 0.619667
2.000000 0.843744 0.458336 0.162500 0.216668 0.627265
2.000000 0.037504 0.541664 0.150000 0.116668 0.622891
2.000000 0.981248 0.716672 0.212500 0.300000 0.676093
2.000000 0.706256 0.958328 0.287500 0.383332 0.789893
2.000000 0.087504 0.449996 0.150000 0.166668 0.408757
2.000000 0.843744 0.458336 0.162500 0.216668 0.621075
2.000000 0.600000 0.500000 0.150000 0.200000 0.625723
2.000000 0.081248 0.449996 0.137500 0.166668 0.399343
2.000000 0.843744 0.441668 0.162500 0.216668 0.612040
2.000000 0.600000 0.491672 0.150000 0.216668 0.612441
2.000000 0.081248 0.458336 0.137500 0.150000 0.389099
2.000000 0.593744 0.500000 0.137500 0.200000 0.577037
2.000000 0.843744 0.441668 0.162500 0.216668 0.611857
2.000000 0.081248 0.466664 0.137500 0.166668 0.370701
2.000000 0.593744 0.500000 0.137500 0.200000 0.590928
2.000000 0.837504 0.441668 0.150000 0.216668 0.621925
2.000000 0.074992 0.466664 0.125000 0.166668 0.373176
2.000000 0.593744 0.500000 0.137500 0.200000 0.587420
2.000000 0.837504 0.441668 0.150000 0.216668 0.614885
2.000000 0.074992 0.491672 0.125000 0.150000 0.424909
2.000000 0.593744 0.500000 0.137500 0.200000 0.550882
2.000000 0.831248 0.441668 0.162500 0.216668 0.589057
2.000000 0.181248 0.341672 0.112500 0.183332 0.334013
2.000000 0.074992 0.491672 0.125000 0.150000 0.470843
2.000000 0.593744 0.491672 0.137500 0.183332 0.573139
2.000000 0.837504 0.441668 0.150000 0.216668 0.586100
2.000000 0.181248 0.341672 0.112500 0.150000 0.324267
2.000000 0.068752 0.483332 0.137500 0.166668 0.492854
2.000000 0.593744 0.491672 0.137500 0.183332 0.577353
2.000000 0.837504 0.441668 0.150000 0.216668 0.599667
2.000000 0.181248 0.350000 0.112500 0.166668 0.342475
2.000000 0.068752 0.491672 0.137500 0.150000 0.509153
2.000000 0.593744 0.491672 0.137500 0.183332 0.544391
2.000000 0.831248 0.441668 0.162500 0.216668 0.610016
2.000000 0.181248 0.350000 0.112500 0.166668 0.338959
2.000000 0.593744 0.491672 0.137500 0.183332 0.573346
2.000000 0.062496 0.500000 0.150000 0.166668 0.589815
2.000000 0.831248 0.425000 0.162500 0.216668 0.627959
2.000000 0.037504 0.533336 0.150000 0.133332 0.614430
2.000000 0.975008 0.716672 0.225000 0.300000 0.700752
2.000000 0.700000 0.958328 0.275000 0.383332 0.799574
2.000000 0.181248 0.350000 0.112500 0.166668 0.380076
2.000000 0.062496 0.500000 0.150000 0.166668 0.575453
2.000000 0.593744 0.491672 0.137500 0.183332 0.589932
2.000000 0.831248 0.425000 0.162500 0.216668 0.623675
2.000000 0.175008 0.350000 0.125000 0.166668 0.403348
2.000000 0.593744 0.475004 0.137500 0.183332 0.454216
2.000000 0.824992 0.416672 0.150000 0.233332 0.597846
2.000000 0.062496 0.500000 0.150000 0.166668 0.646250
2.000000 0.175008 0.350000 0.125000 0.166668 0.379050
2.000000 0.593744 0.466664 0.137500 0.200000 0.485495
2.000000 0.824992 0.425000 0.150000 0.216668 0.619299
2.000000 0.062496 0.516668 0.150000 0.166668 0.628602
2.000000 0.175008 0.358328 0.125000 0.150000 0.360786
2.000000 0.593744 0.466664 0.137500 0.200000 0.445448
2.000000 0.824992 0.416672 0.150000 0.233332 0.604305
2.000000 0.056256 0.516668 0.162500 0.166668 0.608491
2.000000 0.175008 0.358328 0.125000 0.183332 0.368485
2.000000 0.593744 0.458336 0.137500 0.216668 0.462459
2.000000 0.050000 0.516668 0.150000 0.166668 0.596567
2.000000 0.824992 0.416672 0.150000 0.233332 0.613749
2.000000 0.175008 0.366668 0.125000 0.166668 0.366475
2.000000 0.593744 0.458336 0.137500 0.216668 0.479188
2.000000 0.050000 0.516668 0.150000 0.166668 0.584495
2.000000 0.824992 0.416672 0.150000 0.233332 0.598925
2.000000 0.175008 0.366668 0.125000 0.166668 0.362559
2.000000 0.593744 0.441668 0.137500 0.216668 0.501721
2.000000 0.050000 0.516668 0.150000 0.166668 0.601616
2.000000 0.824992 0.416672 0.150000 0.233332 0.614930
2.000000 0.175008 0.366668 0.125000 0.166668 0.361317
2.000000 0.593744 0.441668 0.137500 0.216668 0.522647
2.000000 0.050000 0.516668 0.150000 0.166668 0.579808
2.000000 0.824992 0.408332 0.150000 0.216668 0.609277
2.000000 0.175008 0.383336 0.125000 0.166668 0.376374
2.000000 0.593744 0.441668 0.137500 0.216668 0.516618
2.000000 0.050000 0.516668 0.150000 0.166668 0.534866
2.000000 0.824992 0.416672 0.150000 0.233332 0.596170
2.000000 0.175008 0.374996 0.125000 0.150000 0.406188
2.000000 0.593744 0.441668 0.137500 0.216668 0.522335
2.000000 0.043744 0.524996 0.137500 0.150000 0.534849
2.000000 0.824992 0.400004 0.150000 0.233332 0.597116
2.000000 0.024992 0.550004 0.150000 0.133332 0.621709
2.000000 0.975008 0.708332 0.225000 0.316668 0.702554
2.000000 0.700000 0.950000 0.275000 0.366668 0.805333
2.000000 0.175008 0.366668 0.125000 0.166668 0.407120
2.000000 0.043744 0.533336 0.162500 0.166668 0.515761
2.000000 0.593744 0.441668 0.137500 0.216668 0.522691
2.000000 0.824992 0.400004 0.150000 0.233332 0.599613
2.000000 0.175008 0.366668 0.125000 0.166668 0.415996
2.000000 0.593744 0.441668 0.137500 0.216668 0.523550
2.000000 0.037504 0.533336 0.150000 0.166668 0.533765
2.000000 0.824992 0.408332 0.150000 0.216668 0.612515
2.000000 0.175008 0.374996 0.125000 0.150000 0.412245
2.000000 0.037504 0.533336 0.150000 0.166668 0.499710
2.000000 0.593744 0.433328 0.137500 0.233332 0.502607
2.000000 0.824992 0.408332 0.150000 0.216668 0.608211
2.000000 0.168752 0.383336 0.137500 0.166668 0.419167
2.000000 0.037504 0.533336 0.150000 0.166668 0.485853
2.000000 0.593744 0.433328 0.137500 0.233332 0.489547
2.000000 0.818752 0.408332 0.137500 0.216668 0.611579
2.000000 0.162496 0.383336 0.125000 0.166668 0.424594
2.000000 0.593744 0.425000 0.137500 0.216668 0.486830
2.000000 0.031248 0.533336 0.137500 0.166668 0.492329
2.000000 0.824992 0.400004 0.150000 0.233332 0.585541
2.000000 0.162496 0.374996 0.125000 0.183332 0.464380
2.000000 0.593744 0.425000 0.137500 0.216668 0.469358
2.000000 0.024992 0.533336 0.150000 0.166668 0.497876
2.000000 0.824992 0.408332 0.150000 0.216668 0.545086
2.000000 0.162496 0.374996 0.125000 0.183332 0.471549
2.000000 0.024992 0.541664 0.150000 0.183332 0.500419
2.000000 0.593744 0.425000 0.137500 0.216668 0.503303
2.000000 0.824992 0.408332 0.150000 0.216668 0.547915
2.000000 0.993744 0.899996 0.187500 0.233332 0.687557
2.000000 0.162496 0.383336 0.125000 0.166668 0.470530
2.000000 0.593744 0.425000 0.137500 0.216668 0.490354
2.000000 0.024992 0.541664 0.150000 0.183332 0.504007
2.000000 0.824992 0.408332 0.150000 0.216668 0.529539
2.000000 0.987504 0.899996 0.200000 0.233332 0.721056
2.000000 0.162496 0.383336 0.125000 0.166668 0.480758
2.000000 0.587504 0.425000 0.125000 0.216668 0.481232
2.000000 0.018752 0.541664 0.162500 0.183332 0.510528
2.000000 0.818752 0.408332 0.162500 0.216668 0.549487
2.000000 0.987504 0.899996 0.200000 0.233332 0.725220
2.000000 0.587504 0.425000 0.125000 0.216668 0.493876
2.000000 0.156256 0.391664 0.137500 0.183332 0.506277
2.000000 0.818752 0.408332 0.162500 0.216668 0.560713
2.000000 0.012496 0.541664 0.150000 0.183332 0.574212
2.000000 0.987504 0.883328 0.200000 0.233332 0.728140
2.000000 0.024992 0.550004 0.150000 0.133332 0.626383
2.000000 0.968752 0.708332 0.212500 0.316668 0.733010
2.000000 0.700000 0.941672 0.275000 0.383332 0.800810
2.000000 0.587504 0.425000 0.125000 0.216668 0.464670
2.000000 0.156256 0.391664 0.137500 0.183332 0.498226
2.000000 0.812496 0.408332 0.150000 0.216668 0.565014
2.000000 0.012496 0.550004 0.150000 0.200000 0.587983
2.000000 0.981248 0.875000 0.212500 0.250000 0.727298
2.000000 0.593744 0.416672 0.137500 0.200000 0.462391
2.000000 0.156256 0.391664 0.137500 0.183332 0.526089
2.000000 0.012496 0.550004 0.150000 0.200000 0.569977
2.000000 0.818752 0.400004 0.162500 0.200000 0.575195
2.000000 0.975008 0.875000 0.200000 0.250000 0.736783
2.000000 0.593744 0.416672 0.137500 0.200000 0.443177
2.000000 0.156256 0.383336 0.137500 0.200000 0.521941
2.000000 0.006256 0.550004 0.162500 0.200000 0.566944
2.000000 0.818752 0.400004 0.162500 0.200000 0.572431
2.000000 0.975008 0.866672 0.200000 0.233332 0.737103
2.000000 0.593744 0.416672 0.137500 0.200000 0.440289
2.000000 0.156256 0.391664 0.137500 0.183332 0.537676
2.000000 0.006256 0.550004 0.162500 0.200000 0.547502
2.000000 0.818752 0.400004 0.162500 0.200000 0.589898
2.000000 0.975008 0.866672 0.200000 0.233332 0.726380
2.000000 0.593744 0.408332 0.137500 0.216668 0.394213
2.000000 0.006256 0.558332 0.162500 0.216668 0.530629
2.000000 0.143744 0.391664 0.137500 0.183332 0.533351
2.000000 0.812496 0.400004 0.150000 0.200000 0.578561
2.000000 0.968752 0.858332 0.212500 0.216668 0.767067
2.000000 0.593744 0.400004 0.137500 0.233332 0.358453
2.000000 0.143744 0.391664 0.137500 0.183332 0.510213
2.000000 0.818752 0.400004 0.162500 0.200000 0.599504
2.000000 0.968752 0.850004 0.212500 0.233332 0.760169
2.000000 0.593744 0.400004 0.137500 0.233332 0.335314
2.000000 0.143744 0.391664 0.137500 0.183332 0.501702
2.000000 0.818752 0.400004 0.162500 0.200000 0.522817
2.000000 0.968752 0.850004 0.212500 0.233332 0.788010
2.000000 0.593744 0.400004 0.137500 0.233332 0.365107
2.000000 0.812496 0.400004 0.150000 0.200000 0.480003
2.000000 0.143744 0.391664 0.137500 0.183332 0.515204
2.000000 0.962496 0.833336 0.200000 0.233332 0.796102
2.000000 0.593744 0.400004 0.137500 0.233332 0.328319
2.000000 0.812496 0.400004 0.150000 0.200000 0.460809
2.000000 0.143744 0.400004 0.137500 0.166668 0.512701
2.000000 0.962496 0.833336 0.200000 0.233332 0.798799
2.000000 0.593744 0.383336 0.137500 0.233332 0.356263
2.000000 0.812496 0.391664 0.150000 0.183332 0.435644
2.000000 0.143744 0.391664 0.137500 0.183332 0.524279
2.000000 0.956256 0.816668 0.212500 0.233332 0.797846
2.000000 0.931248 0.475004 0.212500 0.316668 0.330804
2.000000 0.024992 0.550004 0.150000 0.133332 0.679283
2.000000 0.968752 0.700004 0.212500 0.300000 0.727187
2.000000 0.687504 0.933332 0.275000 0.366668 0.785085
2.000000 0.593744 0.391664 0.137500 0.216668 0.304263
2.000000 0.812496 0.391664 0.150000 0.183332 0.423899
2.000000 0.143744 0.391664 0.137500 0.183332 0.529408
2.000000 0.956256 0.816668 0.212500 0.233332 0.785755
2.000000 0.593744 0.383336 0.137500 0.233332 0.397270
2.000000 0.812496 0.383336 0.150000 0.200000 0.449914
2.000000 0.143744 0.400004 0.137500 0.200000 0.515710
2.000000 0.943744 0.816668 0.187500 0.233332 0.784724
2.000000 0.593744 0.383336 0.137500 0.233332 0.419033
2.000000 0.812496 0.383336 0.150000 0.200000 0.429598
2.000000 0.143744 0.400004 0.137500 0.200000 0.521387
2.000000 0.943744 0.808328 0.187500 0.216668 0.786451
2.000000 0.593744 0.391664 0.137500 0.216668 0.381627
2.000000 0.812496 0.391664 0.150000 0.183332 0.391974
2.000000 0.137504 0.400004 0.125000 0.200000 0.501075
2.000000 0.937504 0.808328 0.200000 0.216668 0.779711
2.000000 0.812496 0.391664 0.150000 0.183332 0.324187
2.000000 0.593744 0.391664 0.137500 0.216668 0.351037
2.000000 0.137504 0.400004 0.125000 0.200000 0.502213
2.000000 0.937504 0.800000 0.200000 0.233332 0.770985
2.000000 0.593744 0.391664 0.137500 0.216668 0.383140
2.000000 0.137504 0.408332 0.125000 0.216668 0.491094
2.000000 0.937504 0.791672 0.200000 0.216668 0.760525
2.000000 0.593744 0.383336 0.137500 0.233332 0.378099
2.000000 0.131248 0.408332 0.137500 0.216668 0.485982
2.000000 0.931248 0.791672 0.187500 0.216668 0.748120
2.000000 0.593744 0.383336 0.137500 0.233332 0.350406
2.000000 0.131248 0.408332 0.137500 0.216668 0.477910
2.000000 0.931248 0.791672 0.187500 0.216668 0.758616
2.000000 0.593744 0.391664 0.137500 0.216668 0.321961
2.000000 0.124992 0.416672 0.125000 0.200000 0.463904
2.000000 0.925008 0.775004 0.200000 0.216668 0.771970
2.000000 0.124992 0.416672 0.125000 0.200000 0.463602
2.000000 0.925008 0.775004 0.200000 0.216668 0.773977
2.000000 0.931248 0.466664 0.212500 0.300000 0.339838
2.000000 0.024992 0.550004 0.150000 0.133332 0.661997
2.000000 0.968752 0.700004 0.212500 0.300000 0.703834
2.000000 0.687504 0.925004 0.275000 0.383332 0.756054
2.000000 0.124992 0.408332 0.125000 0.216668 0.446954
2.000000 0.925008 0.775004 0.200000 0.216668 0.766285
2.000000 0.124992 0.408332 0.125000 0.250000 0.436638
2.000000 0.925008 0.766664 0.200000 0.200000 0.765511
2.000000 0.118752 0.416672 0.137500 0.233332 0.432131
2.000000 0.925008 0.758336 0.200000 0.216668 0.747787
2.000000 0.793744 0.366668 0.137500 0.166668 0.300806
2.000000 0.118752 0.416672 0.137500 0.233332 0.419146
2.000000 0.918752 0.758336 0.187500 0.216668 0.669663
2.000000 0.118752 0.425000 0.137500 0.216668 0.446861
2.000000 0.918752 0.758336 0.187500 0.216668 0.639325
2.000000 0.118752 0.425000 0.137500 0.216668 0.428282
2.000000 0.912496 0.741668 0.200000 0.216668 0.651204
2.000000 0.118752 0.425000 0.137500 0.216668 0.425079
2.000000 0.906256 0.741668 0.187500 0.216668 0.628009
2.000000 0.118752 0.425000 0.137500 0.250000 0.471997
2.000000 0.906256 0.741668 0.187500 0.216668 0.642070
2.000000 0.118752 0.425000 0.137500 0.250000 0.458115
2.000000 0.900000 0.725000 0.175000 0.216668 0.655075
2.000000 0.112496 0.433328 0.150000 0.233332 0.459506
2.000000 0.893744 0.725000 0.187500 0.216668 0.697518
2.000000 0.243744 0.283328 0.112500 0.133332 0.319660
2.000000 0.931248 0.466664 0.212500 0.300000 0.322009
2.000000 0.024992 0.558332 0.150000 0.150000 0.648322
2.000000 0.962496 0.700004 0.225000 0.300000 0.694130
2.000000 0.687504 0.916664 0.275000 0.366668 0.730968
2.000000 0.112496 0.425000 0.150000 0.250000 0.444473
2.000000 0.893744 0.716672 0.187500 0.200000 0.720925
2.000000 0.106256 0.425000 0.137500 0.250000 0.433533
2.000000 0.893744 0.716672 0.187500 0.200000 0.717557
2.000000 0.106256 0.433328 0.137500 0.233332 0.404132
2.000000 0.893744 0.708332 0.187500 0.183332 0.742363
2.000000 0.668752 0.991664 0.237500 0.250000 0.801864
2.000000 0.106256 0.433328 0.137500 0.233332 0.373577
2.000000 0.893744 0.700004 0.187500 0.200000 0.746327
2.000000 0.662496 0.974996 0.225000 0.250000 0.799826
2.000000 0.100000 0.449996 0.150000 0.233332 0.383129
2.000000 0.893744 0.700004 0.187500 0.200000 0.750162
2.000000 0.662496 0.974996 0.225000 0.250000 0.786203
2.000000 0.100000 0.458336 0.150000 0.216668 0.407815
2.000000 0.887504 0.700004 0.175000 0.200000 0.745992
2.000000 0.668752 0.958328 0.237500 0.250000 0.789738
2.000000 0.100000 0.449996 0.150000 0.233332 0.405970
2.000000 0.887504 0.683336 0.175000 0.200000 0.759489
2.000000 0.662496 0.950000 0.225000 0.266668 0.771668
2.000000 0.093744 0.466664 0.137500 0.233332 0.402929
2.000000 0.887504 0.683336 0.175000 0.200000 0.745904
2.000000 0.662496 0.941672 0.225000 0.250000 0.760108
2.000000 0.087504 0.466664 0.150000 0.233332 0.450808
2.000000 0.662496 0.925004 0.225000 0.250000 0.745731
2.000000 0.881248 0.683336 0.187500 0.200000 0.745810
2.000000 0.087504 0.466664 0.150000 0.233332 0.474785
2.000000 0.662496 0.925004 0.225000 0.250000 0.714793
2.000000 0.887504 0.683336 0.175000 0.200000 0.745768
2.000000 0.243744 0.283328 0.112500 0.133332 0.306863
2.000000 0.018752 0.558332 0.162500 0.150000 0.652310
2.000000 0.962496 0.700004 0.200000 0.300000 0.701485
2.000000 0.687504 0.916664 0.250000 0.366668 0.732450
2.000000 0.087504 0.466664 0.150000 0.233332 0.493963
2.000000 0.656256 0.925004 0.212500 0.250000 0.751270
2.000000 0.881248 0.683336 0.187500 0.200000 0.752738
2.000000 0.093744 0.466664 0.162500 0.233332 0.461597
2.000000 0.875008 0.683336 0.175000 0.200000 0.756553
2.000000 0.656256 0.916664 0.212500 0.233332 0.761507
2.000000 0.587504 0.350000 0.125000 0.200000 0.364582
2.000000 0.081248 0.458336 0.162500 0.250000 0.425825
2.000000 0.662496 0.908336 0.225000 0.250000 0.695136
2.000000 0.881248 0.666668 0.187500 0.200000 0.749956
2.000000 0.587504 0.350000 0.125000 0.200000 0.389315
2.000000 0.081248 0.458336 0.162500 0.250000 0.415110
2.000000 0.662496 0.899996 0.225000 0.233332 0.735175
2.000000 0.875008 0.666668 0.175000 0.200000 0.751307
2.000000 0.081248 0.466664 0.162500 0.233332 0.430414
2.000000 0.875008 0.666668 0.175000 0.200000 0.757887
2.000000 0.662496 0.891668 0.225000 0.216668 0.768974
2.000000 0.081248 0.475004 0.162500 0.250000 0.456153
2.000000 0.656256 0.883328 0.212500 0.233332 0.753346
2.000000 0.875008 0.658328 0.175000 0.183332 0.760487
2.000000 0.081248 0.475004 0.162500 0.250000 0.481355
2.000000 0.656256 0.866672 0.212500 0.233332 0.739349
2.000000 0.875008 0.650000 0.175000 0.200000 0.763962
2.000000 0.068752 0.483332 0.162500 0.233332 0.495740
2.000000 0.650000 0.866672 0.200000 0.233332 0.745956
2.000000 0.875008 0.650000 0.175000 0.200000 0.764143
2.000000 0.068752 0.491672 0.162500 0.216668 0.488160
2.000000 0.868752 0.650000 0.162500 0.200000 0.760961
2.000000 0.650000 0.850004 0.200000 0.233332 0.768467
2.000000 0.587504 0.341672 0.125000 0.183332 0.300748
2.000000 0.781248 0.325004 0.137500 0.216668 0.302290
2.000000 0.068752 0.491672 0.162500 0.216668 0.462312
2.000000 0.650000 0.850004 0.200000 0.233332 0.755103
2.000000 0.868752 0.641672 0.162500 0.183332 0.763946
2.000000 0.243744 0.283328 0.112500 0.133332 0.305019
2.000000 0.931248 0.458336 0.212500 0.283332 0.328054
2.000000 0.018752 0.558332 0.162500 0.150000 0.653940
2.000000 0.956256 0.683336 0.212500 0.300000 0.745253
2.000000 0.681248 0.908336 0.262500 0.350000 0.770588
2.000000 0.593744 0.341672 0.112500 0.183332 0.309717
2.000000 0.068752 0.500000 0.162500 0.233332 0.453463
2.000000 0.650000 0.841664 0.200000 0.216668 0.761781
2.000000 0.868752 0.641672 0.162500 0.183332 0.763435
2.000000 0.068752 0.491672 0.162500 0.250000 0.444473
2.000000 0.862496 0.633332 0.175000 0.200000 0.743421
2.000000 0.643744 0.824996 0.187500 0.216668 0.753421
2.000000 0.062496 0.491672 0.175000 0.250000 0.430245
2.000000 0.643744 0.824996 0.187500 0.216668 0.717672
2.000000 0.856256 0.633332 0.162500 0.200000 0.731626
2.000000 0.062496 0.483332 0.175000 0.266668 0.408130
2.000000 0.856256 0.625004 0.162500 0.183332 0.725063
2.000000 0.643744 0.816668 0.187500 0.200000 0.743305
2.000000 0.593744 0.325004 0.112500 0.183332 0.313441
2.000000 0.050000 0.541664 0.175000 0.183332 0.406869
2.000000 0.856256 0.625004 0.162500 0.183332 0.733004
2.000000 0.637504 0.816668 0.175000 0.200000 0.754242
2.000000 0.050000 0.541664 0.175000 0.183332 0.407769
2.000000 0.856256 0.625004 0.162500 0.183332 0.709966
2.000000 0.643744 0.808328 0.187500 0.216668 0.743927
2.000000 0.050000 0.558332 0.175000 0.183332 0.385788
2.000000 0.856256 0.608336 0.162500 0.183332 0.689988
2.000000 0.643744 0.800000 0.187500 0.200000 0.736512
2.000000 0.050000 0.550004 0.175000 0.200000 0.400219
2.000000 0.856256 0.608336 0.162500 0.183332 0.698907
2.000000 0.643744 0.800000 0.187500 0.200000 0.751344
2.000000 0.050000 0.550004 0.175000 0.200000 0.444038
2.000000 0.862496 0.608336 0.175000 0.183332 0.700385
2.000000 0.643744 0.791672 0.187500 0.216668 0.739798
2.000000 0.050000 0.508328 0.175000 0.283332 0.397132
2.000000 0.856256 0.608336 0.162500 0.183332 0.704013
2.000000 0.637504 0.775004 0.200000 0.216668 0.718119
2.000000 0.043744 0.516668 0.137500 0.133332 0.602292
2.000000 0.250000 0.283328 0.125000 0.133332 0.320565
2.000000 0.931248 0.449996 0.212500 0.266668 0.362732
2.000000 0.018752 0.566672 0.162500 0.166668 0.672826
2.000000 0.956256 0.683336 0.212500 0.300000 0.730626
2.000000 0.681248 0.899996 0.262500 0.366668 0.771184
2.000000 0.031248 0.575000 0.162500 0.183332 0.309332
2.000000 0.050000 0.508328 0.175000 0.283332 0.400132
2.000000 0.856256 0.608336 0.162500 0.183332 0.697885
2.000000 0.643744 0.775004 0.187500 0.216668 0.734850
2.000000 0.774992 0.325004 0.125000 0.183332 0.308692
2.000000 0.031248 0.575000 0.162500 0.183332 0.337108
2.000000 0.050000 0.500000 0.175000 0.300000 0.402428
2.000000 0.856256 0.608336 0.162500 0.183332 0.690109
2.000000 0.643744 0.766664 0.212500 0.200000 0.702461
2.000000 0.781248 0.325004 0.137500 0.183332 0.310024
2.000000 0.037504 0.550004 0.175000 0.200000 0.442293
2.000000 0.856256 0.599996 0.162500 0.200000 0.674756
2.000000 0.637504 0.766664 0.200000 0.200000 0.714462
2.000000 0.031248 0.558332 0.162500 0.216668 0.453720
2.000000 0.843744 0.599996 0.162500 0.166668 0.638966
2.000000 0.643744 0.749996 0.212500 0.200000 0.694552
2.000000 0.024992 0.575000 0.175000 0.183332 0.456746
2.000000 0.843744 0.591668 0.162500 0.183332 0.644558
2.000000 0.637504 0.749996 0.200000 0.200000 0.690419
2.000000 0.024992 0.566672 0.175000 0.200000 0.504127
2.000000 0.850000 0.591668 0.175000 0.183332 0.642893
2.000000 0.637504 0.741668 0.200000 0.183332 0.683754
2.000000 0.774992 0.308336 0.125000 0.183332 0.303409
2.000000 0.024992 0.583328 0.175000 0.200000 0.490884
2.000000 0.850000 0.591668 0.175000 0.183332 0.643189
2.000000 0.631248 0.733328 0.162500 0.200000 0.677503
2.000000 0.774992 0.299996 0.150000 0.200000 0.323571
2.000000 0.018752 0.583328 0.187500 0.200000 0.471066
2.000000 0.850000 0.591668 0.175000 0.183332 0.620471
2.000000 0.631248 0.725000 0.162500 0.183332 0.690625
2.000000 0.768752 0.308336 0.137500 0.183332 0.334735
2.000000 0.012496 0.583328 0.175000 0.200000 0.477342
2.000000 0.850000 0.591668 0.175000 0.183332 0.573064
2.000000 0.624992 0.716672 0.175000 0.200000 0.688145
2.000000 0.774992 0.316664 0.125000 0.166668 0.321007
2.000000 0.006256 0.583328 0.187500 0.200000 0.516021
2.000000 0.837504 0.583328 0.150000 0.166668 0.587850
2.000000 0.631248 0.708332 0.162500 0.183332 0.663767
2.000000 0.931248 0.441668 0.212500 0.250000 0.381029
2.000000 0.018752 0.575000 0.162500 0.150000 0.675771
2.000000 0.956256 0.683336 0.212500 0.300000 0.726553
2.000000 0.681248 0.883328 0.262500 0.366668 0.791363
2.000000 0.774992 0.316664 0.125000 0.166668 0.324861
2.000000 0.006256 0.583328 0.187500 0.200000 0.516207
2.000000 0.837504 0.575000 0.150000 0.150000 0.596797
2.000000 0.624992 0.700004 0.175000 0.200000 0.675746
2.000000 0.774992 0.299996 0.125000 0.166668 0.351197
2.000000 0.006256 0.583328 0.187500 0.200000 0.503464
2.000000 0.831248 0.575000 0.137500 0.150000 0.659256
2.000000 0.624992 0.700004 0.175000 0.200000 0.691459
2.000000 0.774992 0.299996 0.125000 0.166668 0.363552
2.000000 0.006256 0.583328 0.187500 0.200000 0.518757
2.000000 0.831248 0.575000 0.137500 0.150000 0.632291
2.000000 0.624992 0.700004 0.175000 0.200000 0.674995
2.000000 0.018752 0.500000 0.187500 0.266668 0.339811
2.000000 0.774992 0.299996 0.125000 0.166668 0.392486
2.000000 0.006256 0.591668 0.187500 0.216668 0.549602
2.000000 0.831248 0.566672 0.137500 0.166668 0.634631
2.000000 0.631248 0.683336 0.187500 0.200000 0.635562
2.000000 0.012496 0.475004 0.175000 0.216668 0.346589
2.000000 0.774992 0.291668 0.125000 0.183332 0.390373
2.000000 0.000000 0.591668 0.175000 0.216668 0.569706
2.000000 0.624992 0.683336 0.175000 0.200000 0.625865
2.000000 0.831248 0.566672 0.137500 0.166668 0.627460
2.000000 0.012496 0.466664 0.175000 0.200000 0.319219
2.000000 0.774992 0.299996 0.125000 0.166668 0.387235
2.000000 0.006256 0.599996 0.187500 0.200000 0.556932
2.000000 0.624992 0.683336 0.175000 0.200000 0.605501
2.000000 0.831248 0.558332 0.137500 0.150000 0.616467
2.000000 0.774992 0.291668 0.125000 0.183332 0.397384
2.000000 0.831248 0.558332 0.137500 0.150000 0.626256
2.000000 0.618752 0.683336 0.162500 0.200000 0.627529
2.000000 0.774992 0.299996 0.125000 0.166668 0.427152
2.000000 0.618752 0.674996 0.162500 0.183332 0.663680
2.000000 0.831248 0.550004 0.137500 0.166668 0.672302
2.000000 0.006256 0.475004 0.187500 0.216668 0.324115
2.000000 0.774992 0.299996 0.125000 0.166668 0.440235
2.000000 0.618752 0.674996 0.162500 0.183332 0.612275
2.000000 0.831248 0.550004 0.137500 0.166668 0.704936
2.000000 0.006256 0.483332 0.187500 0.233332 0.328426
2.000000 0.774992 0.291668 0.125000 0.183332 0.443661
2.000000 0.618752 0.666668 0.162500 0.166668 0.566583
2.000000 0.831248 0.550004 0.137500 0.166668 0.702264
2.000000 0.250000 0.283328 0.125000 0.133332 0.319943
2.000000 0.931248 0.441668 0.212500 0.250000 0.361095
2.000000 0.018752 0.575000 0.162500 0.150000 0.661322
2.000000 0.956256 0.674996 0.212500 0.283332 0.724627
2.000000 0.681248 0.883328 0.262500 0.366668 0.791521
2.000000 0.006256 0.483332 0.187500 0.233332 0.326380
2.000000 0.774992 0.291668 0.125000 0.183332 0.448355
2.000000 0.612496 0.658328 0.150000 0.183332 0.605374
2.000000 0.824992 0.550004 0.150000 0.166668 0.702366
2.000000 0.000000 0.475004 0.200000 0.216668 0.314231
2.000000 0.774992 0.291668 0.125000 0.183332 0.438269
2.000000 0.612496 0.650000 0.150000 0.166668 0.600018
2.000000 0.824992 0.550004 0.150000 0.166668 0.687211
2.000000 0.006256 0.475004 0.187500 0.216668 0.360437
2.000000 0.774992 0.291668 0.125000 0.183332 0.443675
2.000000 0.612496 0.650000 0.150000 0.166668 0.594363
2.000000 0.824992 0.550004 0.150000 0.166668 0.705748
2.000000 0.000000 0.475004 0.200000 0.216668 0.336688
2.000000 0.768752 0.291668 0.137500 0.183332 0.447047
2.000000 0.612496 0.650000 0.150000 0.166668 0.577394
2.000000 0.824992 0.541664 0.150000 0.183332 0.708843
2.000000 0.768752 0.291668 0.137500 0.183332 0.457806
2.000000 0.612496 0.650000 0.150000 0.166668 0.594662
2.000000 0.824992 0.541664 0.150000 0.183332 0.710727
2.000000 0.768752 0.291668 0.137500 0.183332 0.471240
2.000000 0.612496 0.641672 0.150000 0.183332 0.604477
2.000000 0.824992 0.533336 0.150000 0.166668 0.713028
2.000000 0.768752 0.291668 0.137500 0.183332 0.466936
2.000000 0.612496 0.633332 0.150000 0.166668 0.568817
2.000000 0.824992 0.533336 0.150000 0.166668 0.694937
2.000000 0.768752 0.291668 0.137500 0.183332 0.466047
2.000000 0.606256 0.633332 0.137500 0.166668 0.547758
2.000000 0.818752 0.533336 0.162500 0.166668 0.707285
2.000000 0.768752 0.283328 0.137500 0.166668 0.466421
2.000000 0.606256 0.633332 0.137500 0.166668 0.584270
2.000000 0.818752 0.533336 0.162500 0.166668 0.693473
2.000000 0.768752 0.283328 0.137500 0.166668 0.462546
2.000000 0.606256 0.616664 0.137500 0.166668 0.565183
2.000000 0.824992 0.516668 0.150000 0.166668 0.680216
2.000000 0.250000 0.275000 0.125000 0.150000 0.301102
2.000000 0.931248 0.441668 0.212500 0.250000 0.373284
2.000000 0.018752 0.575000 0.162500 0.150000 0.654297
2.000000 0.950000 0.674996 0.200000 0.283332 0.730317
2.000000 0.675008 0.875000 0.275000 0.383332 0.798881
2.000000 0.768752 0.275000 0.137500 0.183332 0.471057
2.000000 0.606256 0.616664 0.137500 0.166668 0.595160
2.000000 0.818752 0.516668 0.162500 0.166668 0.672510
2.000000 0.768752 0.275000 0.137500 0.183332 0.442774
2.000000 0.606256 0.608336 0.137500 0.150000 0.623389
2.000000 0.812496 0.516668 0.150000 0.166668 0.686694
2.000000 0.768752 0.283328 0.137500 0.166668 0.403994
2.000000 0.606256 0.608336 0.137500 0.150000 0.615799
2.000000 0.812496 0.516668 0.150000 0.166668 0.694385
2.000000 0.768752 0.283328 0.137500 0.166668 0.399771
2.000000 0.606256 0.608336 0.137500 0.150000 0.537891
2.000000 0.812496 0.516668 0.150000 0.166668 0.696083
2.000000 0.768752 0.283328 0.137500 0.166668 0.415695
2.000000 0.606256 0.599996 0.137500 0.166668 0.574117
2.000000 0.812496 0.516668 0.150000 0.166668 0.695706
2.000000 0.768752 0.283328 0.137500 0.166668 0.434054
2.000000 0.606256 0.599996 0.137500 0.166668 0.568671
2.000000 0.812496 0.508328 0.150000 0.150000 0.713947
2.000000 0.768752 0.283328 0.137500 0.166668 0.424080
2.000000 0.606256 0.599996 0.137500 0.166668 0.564038
2.000000 0.812496 0.516668 0.150000 0.166668 0.702465
2.000000 0.768752 0.283328 0.137500 0.166668 0.410964
2.000000 0.606256 0.591668 0.137500 0.150000 0.566062
2.000000 0.812496 0.508328 0.150000 0.150000 0.698508
2.000000 0.768752 0.283328 0.137500 0.166668 0.415826
2.000000 0.606256 0.591668 0.137500 0.150000 0.524385
2.000000 0.812496 0.508328 0.150000 0.150000 0.685987
2.000000 0.774992 0.283328 0.125000 0.166668 0.396017
2.000000 0.606256 0.583328 0.137500 0.166668 0.564283
2.000000 0.812496 0.508328 0.150000 0.150000 0.650174
2.000000 0.931248 0.449996 0.212500 0.233332 0.406371
2.000000 0.006256 0.575000 0.162500 0.150000 0.582612
2.000000 0.950000 0.666668 0.200000 0.300000 0.714870
2.000000 0.681248 0.866672 0.262500 0.366668 0.785909
2.000000 0.768752 0.283328 0.137500 0.166668 0.416194
2.000000 0.606256 0.583328 0.137500 0.166668 0.531121
2.000000 0.818752 0.500000 0.137500 0.133332 0.662571
2.000000 0.606256 0.575000 0.137500 0.150000 0.464113
2.000000 0.768752 0.275000 0.137500 0.183332 0.464713
2.000000 0.812496 0.491672 0.150000 0.150000 0.658570
2.000000 0.606256 0.575000 0.137500 0.150000 0.452165
2.000000 0.762496 0.258332 0.125000 0.183332 0.457664
2.000000 0.812496 0.491672 0.150000 0.150000 0.662135
2.000000 0.600000 0.566672 0.125000 0.133332 0.450356
2.000000 0.762496 0.258332 0.125000 0.183332 0.451487
2.000000 0.812496 0.491672 0.150000 0.150000 0.666513
2.000000 0.768752 0.266672 0.137500 0.166668 0.424092
2.000000 0.600000 0.558332 0.125000 0.150000 0.452945
2.000000 0.818752 0.491672 0.137500 0.150000 0.641078
2.000000 0.762496 0.258332 0.125000 0.183332 0.426282
2.000000 0.593744 0.550004 0.137500 0.166668 0.482431
2.000000 0.812496 0.491672 0.150000 0.150000 0.609867
2.000000 0.762496 0.258332 0.125000 0.183332 0.426350
2.000000 0.593744 0.550004 0.137500 0.166668 0.505127
2.000000 0.812496 0.483332 0.150000 0.166668 0.601800
2.000000 0.762496 0.258332 0.125000 0.183332 0.431755
2.000000 0.593744 0.550004 0.137500 0.166668 0.473513
2.000000 0.812496 0.491672 0.150000 0.150000 0.600789
2.000000 0.762496 0.266672 0.125000 0.166668 0.406335
2.000000 0.600000 0.550004 0.125000 0.166668 0.422063
2.000000 0.812496 0.491672 0.150000 0.150000 0.582907
2.000000 0.600000 0.541664 0.125000 0.150000 0.362118
2.000000 0.762496 0.258332 0.125000 0.183332 0.403000
2.000000 0.812496 0.483332 0.150000 0.166668 0.572206
2.000000 0.925008 0.449996 0.225000 0.233332 0.427644
2.000000 0.006256 0.583328 0.162500 0.166668 0.594858
2.000000 0.950000 0.666668 0.200000 0.300000 0.730140
2.000000 0.668752 0.866672 0.262500 0.366668 0.794663
2.000000 0.600000 0.541664 0.125000 0.150000 0.366376
2.000000 0.762496 0.258332 0.125000 0.183332 0.403998
2.000000 0.806256 0.483332 0.137500 0.166668 0.536982
2.000000 0.593744 0.541664 0.137500 0.150000 0.358913
2.000000 0.756256 0.250004 0.112500 0.200000 0.401271
2.000000 0.812496 0.475004 0.150000 0.150000 0.589722
2.000000 0.600000 0.541664 0.125000 0.150000 0.311605
2.000000 0.762496 0.250004 0.125000 0.200000 0.389197
2.000000 0.812496 0.475004 0.150000 0.150000 0.577620
2.000000 0.593744 0.524996 0.112500 0.150000 0.331709
2.000000 0.762496 0.250004 0.125000 0.200000 0.348840
2.000000 0.812496 0.466664 0.150000 0.166668 0.500482
2.000000 0.993744 0.833336 0.187500 0.233332 0.721391
2.000000 0.593744 0.524996 0.112500 0.150000 0.333614
2.000000 0.762496 0.250004 0.125000 0.200000 0.342595
2.000000 0.806256 0.458336 0.137500 0.150000 0.513637
2.000000 0.993744 0.824996 0.187500 0.216668 0.735340
2.000000 0.762496 0.241664 0.125000 0.183332 0.345894
2.000000 0.587504 0.516668 0.125000 0.166668 0.396866
2.000000 0.812496 0.458336 0.150000 0.150000 0.571212
2.000000 0.987504 0.816668 0.200000 0.233332 0.744927
2.000000 0.593744 0.516668 0.112500 0.166668 0.352953
2.000000 0.756256 0.241664 0.112500 0.183332 0.364387
2.000000 0.806256 0.458336 0.137500 0.150000 0.539634
2.000000 0.981248 0.816668 0.187500 0.233332 0.747635
2.000000 0.756256 0.241664 0.112500 0.183332 0.361889
2.000000 0.587504 0.508328 0.125000 0.150000 0.364862
2.000000 0.806256 0.466664 0.137500 0.133332 0.529493
2.000000 0.981248 0.808328 0.187500 0.216668 0.770272
2.000000 0.756256 0.233336 0.112500 0.200000 0.361452
2.000000 0.593744 0.508328 0.112500 0.150000 0.365068
2.000000 0.806256 0.458336 0.137500 0.150000 0.525376
2.000000 0.981248 0.808328 0.187500 0.216668 0.772658
2.000000 0.756256 0.241664 0.112500 0.216668 0.359926
2.000000 0.593744 0.508328 0.112500 0.150000 0.369842
2.000000 0.800000 0.466664 0.125000 0.133332 0.522843
2.000000 0.981248 0.808328 0.187500 0.216668 0.783193
2.000000 0.250000 0.258332 0.125000 0.150000 0.307457
2.000000 0.018752 0.350000 0.112500 0.100000 0.312637
2.000000 0.925008 0.441668 0.225000 0.216668 0.373083
2.000000 0.000000 0.583328 0.175000 0.166668 0.535061
2.000000 0.950000 0.658328 0.200000 0.283332 0.703266
2.000000 0.668752 0.858332 0.262500 0.350000 0.768659
2.000000 0.600000 0.508328 0.125000 0.150000 0.342862
2.000000 0.756256 0.233336 0.112500 0.200000 0.359609
2.000000 0.800000 0.458336 0.125000 0.150000 0.426860
2.000000 0.981248 0.791672 0.187500 0.216668 0.760967
2.000000 0.756256 0.233336 0.112500 0.200000 0.367873
2.000000 0.600000 0.508328 0.125000 0.150000 0.388588
2.000000 0.800000 0.458336 0.125000 0.150000 0.392838
2.000000 0.968752 0.791672 0.187500 0.216668 0.781849
2.000000 0.756256 0.233336 0.112500 0.200000 0.354049
2.000000 0.593744 0.508328 0.137500 0.150000 0.393165
2.000000 0.806256 0.458336 0.137500 0.150000 0.402270
2.000000 0.968752 0.791672 0.187500 0.216668 0.790350
2.000000 0.756256 0.233336 0.112500 0.200000 0.339653
2.000000 0.600000 0.500000 0.125000 0.133332 0.384639
2.000000 0.800000 0.449996 0.125000 0.133332 0.417268
2.000000 0.968752 0.775004 0.187500 0.216668 0.757662
2.000000 0.756256 0.233336 0.112500 0.200000 0.360318
2.000000 0.593744 0.500000 0.137500 0.133332 0.396867
2.000000 0.800000 0.449996 0.125000 0.133332 0.417510
2.000000 0.962496 0.766664 0.175000 0.200000 0.763319
2.000000 0.756256 0.233336 0.112500 0.200000 0.344133
2.000000 0.593744 0.500000 0.137500 0.133332 0.386397
2.000000 0.793744 0.441668 0.112500 0.150000 0.390259
2.000000 0.956256 0.766664 0.187500 0.200000 0.757952
2.000000 0.756256 0.233336 0.112500 0.200000 0.321666
2.000000 0.593744 0.491672 0.137500 0.150000 0.336132
2.000000 0.793744 0.441668 0.112500 0.150000 0.361143
2.000000 0.956256 0.758336 0.187500 0.216668 0.741724
2.000000 0.593744 0.491672 0.137500 0.150000 0.303045
2.000000 0.756256 0.233336 0.112500 0.200000 0.317267
2.000000 0.793744 0.441668 0.112500 0.150000 0.378901
2.000000 0.956256 0.758336 0.187500 0.216668 0.738008
2.000000 0.756256 0.233336 0.112500 0.200000 0.307550
2.000000 0.787504 0.441668 0.125000 0.150000 0.375620
2.000000 0.956256 0.749996 0.187500 0.200000 0.747568
2.000000 0.787504 0.425000 0.125000 0.150000 0.347175
2.000000 0.950000 0.741668 0.175000 0.216668 0.744635
2.000000 0.018752 0.350000 0.112500 0.100000 0.316665
2.000000 0.250000 0.266672 0.125000 0.166668 0.324721
2.000000 0.931248 0.449996 0.212500 0.233332 0.356983
2.000000 0.000000 0.583328 0.175000 0.166668 0.549734
2.000000 0.950000 0.658328 0.200000 0.283332 0.698808
2.000000 0.668752 0.858332 0.237500 0.350000 0.751073
2.000000 0.781248 0.425000 0.112500 0.150000 0.312415
2.000000 0.943744 0.733328 0.187500 0.200000 0.756858
2.000000 0.800000 0.425000 0.125000 0.150000 0.475027
2.000000 0.943744 0.733328 0.187500 0.200000 0.742862
2.000000 0.793744 0.425000 0.137500 0.150000 0.473365
2.000000 0.943744 0.733328 0.187500 0.200000 0.733935
2.000000 0.793744 0.425000 0.137500 0.150000 0.474200
2.000000 0.937504 0.725000 0.175000 0.183332 0.728607
2.000000 0.793744 0.425000 0.137500 0.150000 0.475138
2.000000 0.937504 0.716672 0.175000 0.200000 0.724595
2.000000 0.793744 0.416672 0.137500 0.166668 0.472331
2.000000 0.937504 0.708332 0.175000 0.183332 0.711297
2.000000 0.793744 0.416672 0.137500 0.166668 0.463653
2.000000 0.931248 0.708332 0.162500 0.183332 0.701151
2.000000 0.793744 0.416672 0.137500 0.166668 0.454644
2.000000 0.925008 0.708332 0.175000 0.183332 0.700991
2.000000 0.793744 0.416672 0.137500 0.166668 0.455904
2.000000 0.925008 0.700004 0.175000 0.200000 0.704792
2.000000 0.787504 0.425000 0.125000 0.150000 0.404536
2.000000 0.918752 0.691664 0.162500 0.183332 0.720371
2.000000 0.250000 0.266672 0.125000 0.166668 0.327467
2.000000 0.918752 0.441668 0.212500 0.216668 0.376472
2.000000 0.950000 0.658328 0.200000 0.283332 0.722513
2.000000 0.656256 0.850004 0.237500 0.333332 0.733260
2.000000 0.787504 0.416672 0.125000 0.166668 0.357514
2.000000 0.918752 0.683336 0.162500 0.200000 0.730073
2.000000 0.600000 0.441668 0.100000 0.150000 0.306428
2.000000 0.787504 0.408332 0.125000 0.150000 0.378413
2.000000 0.912496 0.683336 0.175000 0.200000 0.719792
2.000000 0.593744 0.441668 0.112500 0.150000 0.324519
2.000000 0.787504 0.408332 0.125000 0.150000 0.396851
2.000000 0.912496 0.674996 0.175000 0.183332 0.717419
2.000000 0.787504 0.408332 0.125000 0.150000 0.336631
2.000000 0.593744 0.441668 0.112500 0.150000 0.353589
2.000000 0.912496 0.666668 0.175000 0.200000 0.731436
2.000000 0.787504 0.408332 0.150000 0.150000 0.348890
2.000000 0.593744 0.441668 0.112500 0.150000 0.380742
2.000000 0.912496 0.666668 0.175000 0.200000 0.718280
2.000000 0.787504 0.408332 0.150000 0.150000 0.337185
2.000000 0.593744 0.433328 0.112500 0.133332 0.371327
2.000000 0.912496 0.658328 0.175000 0.183332 0.676363
2.000000 0.593744 0.433328 0.112500 0.133332 0.352997
2.000000 0.912496 0.650000 0.175000 0.200000 0.677727
2.000000 0.787504 0.408332 0.125000 0.150000 0.316411
2.000000 0.600000 0.433328 0.100000 0.133332 0.348477
2.000000 0.906256 0.650000 0.187500 0.200000 0.679343
2.000000 0.793744 0.408332 0.137500 0.150000 0.308478
2.000000 0.593744 0.433328 0.112500 0.133332 0.360938
2.000000 0.900000 0.650000 0.175000 0.200000 0.670577
2.000000 0.793744 0.408332 0.137500 0.150000 0.313165
2.000000 0.593744 0.425000 0.112500 0.150000 0.339768
2.000000 0.900000 0.641672 0.175000 0.183332 0.672375
2.000000 0.250000 0.266672 0.125000 0.166668 0.317394
2.000000 0.918752 0.433328 0.212500 0.233332 0.342766
2.000000 0.950000 0.658328 0.200000 0.283332 0.713388
2.000000 0.662496 0.841664 0.250000 0.316668 0.749007
2.000000 0.593744 0.425000 0.112500 0.150000 0.334528
2.000000 0.900000 0.641672 0.175000 0.183332 0.682545
2.000000 0.787504 0.400004 0.125000 0.133332 0.302814
2.000000 0.593744 0.425000 0.112500 0.150000 0.325605
2.000000 0.900000 0.633332 0.175000 0.200000 0.678002
2.000000 0.600000 0.416672 0.100000 0.133332 0.301993
2.000000 0.900000 0.633332 0.175000 0.200000 0.659134
2.000000 0.787504 0.400004 0.125000 0.133332 0.310806
2.000000 0.900000 0.625004 0.175000 0.183332 0.649532
2.000000 0.787504 0.400004 0.125000 0.133332 0.335360
2.000000 0.893744 0.616664 0.162500 0.200000 0.649066
2.000000 0.600000 0.416672 0.100000 0.133332 0.356302
2.000000 0.787504 0.400004 0.125000 0.133332 0.367865
2.000000 0.887504 0.616664 0.175000 0.200000 0.630888
2.000000 0.600000 0.416672 0.100000 0.133332 0.308418
2.000000 0.787504 0.400004 0.125000 0.133332 0.317080
2.000000 0.893744 0.616664 0.162500 0.200000 0.608121
2.000000 0.787504 0.400004 0.125000 0.133332 0.333979
2.000000 0.887504 0.608336 0.175000 0.183332 0.616798
2.000000 0.787504 0.400004 0.125000 0.133332 0.345049
2.000000 0.887504 0.608336 0.175000 0.183332 0.610556
2.000000 0.787504 0.400004 0.125000 0.133332 0.338844
2.000000 0.881248 0.599996 0.162500 0.166668 0.618847
2.000000 0.043744 0.516668 0.137500 0.133332 0.615341
2.000000 0.918752 0.433328 0.212500 0.233332 0.338896
2.000000 0.943744 0.650000 0.212500 0.300000 0.664748
2.000000 0.656256 0.833336 0.237500 0.333332 0.766735
2.000000 0.787504 0.400004 0.125000 0.133332 0.334840
2.000000 0.881248 0.591668 0.162500 0.183332 0.648009
2.000000 0.918752 0.425000 0.212500 0.216668 0.345932
2.000000 0.937504 0.641672 0.200000 0.283332 0.666308
2.000000 0.656256 0.824996 0.237500 0.316668 0.776925
2.000000 0.912496 0.433328 0.200000 0.233332 0.334725
2.000000 0.931248 0.641672 0.187500 0.283332 0.634538
2.000000 0.656256 0.824996 0.237500 0.316668 0.752653
2.000000 0.906256 0.433328 0.212500 0.233332 0.305663
2.000000 0.925008 0.641672 0.200000 0.283332 0.655051
2.000000 0.656256 0.808328 0.237500 0.316668 0.754940
2.000000 0.925008 0.641672 0.200000 0.283332 0.651231
2.000000 0.650000 0.808328 0.225000 0.316668 0.749743
2.000000 0.893744 0.441668 0.212500 0.250000 0.406512
2.000000 0.925008 0.633332 0.200000 0.300000 0.649183
2.000000 0.650000 0.800000 0.225000 0.300000 0.773802
2.000000 0.893744 0.433328 0.212500 0.233332 0.377235
2.000000 0.925008 0.633332 0.200000 0.266668 0.665821
2.000000 0.650000 0.791672 0.225000 0.316668 0.757502
2.000000 0.893744 0.433328 0.212500 0.233332 0.369257
2.000000 0.925008 0.625004 0.200000 0.283332 0.666762
2.000000 0.643744 0.791672 0.237500 0.316668 0.747378
2.000000 0.893744 0.425000 0.212500 0.216668 0.335668
2.000000 0.925008 0.625004 0.200000 0.283332 0.667722
2.000000 0.637504 0.791672 0.225000 0.316668 0.732178
2.000000 0.918752 0.616664 0.187500 0.266668 0.663872
2.000000 0.643744 0.775004 0.237500 0.316668 0.733355
2.000000 0.043744 0.516668 0.137500 0.133332 0.585598
2.000000 0.912496 0.616664 0.200000 0.266668 0.657786
2.000000 0.637504 0.775004 0.225000 0.316668 0.704355
2.000000 0.912496 0.616664 0.200000 0.266668 0.635406
2.000000 0.643744 0.758336 0.212500 0.316668 0.701887
2.000000 0.912496 0.616664 0.200000 0.266668 0.618614
2.000000 0.631248 0.758336 0.212500 0.316668 0.692666
2.000000 0.906256 0.608336 0.187500 0.250000 0.594014
2.000000 0.631248 0.758336 0.212500 0.316668 0.679136
2.000000 0.900000 0.608336 0.200000 0.250000 0.589092
2.000000 0.637504 0.749996 0.225000 0.300000 0.714349
2.000000 0.225008 0.333332 0.125000 0.133332 0.318243
2.000000 0.900000 0.608336 0.200000 0.250000 0.575358
2.000000 0.637504 0.741668 0.225000 0.316668 0.722700
2.000000 0.225008 0.325004 0.125000 0.150000 0.344834
2.000000 0.900000 0.608336 0.200000 0.250000 0.532161
2.000000 0.631248 0.741668 0.212500 0.316668 0.711618
2.000000 0.225008 0.325004 0.125000 0.150000 0.330323
2.000000 0.900000 0.608336 0.200000 0.250000 0.570588
2.000000 0.631248 0.733328 0.212500 0.300000 0.706824
2.000000 0.900000 0.608336 0.200000 0.250000 0.562249
2.000000 0.631248 0.733328 0.212500 0.300000 0.718568
2.000000 0.900000 0.608336 0.200000 0.250000 0.614633
2.000000 0.631248 0.725000 0.212500 0.283332 0.722675
2.000000 0.043744 0.516668 0.137500 0.133332 0.538287
2.000000 0.993744 0.749996 0.212500 0.300000 0.734625
2.000000 0.218752 0.325004 0.137500 0.150000 0.311728
2.000000 0.893744 0.591668 0.187500 0.250000 0.584720
2.000000 0.624992 0.716672 0.200000 0.300000 0.682456
2.000000 0.212496 0.333332 0.125000 0.133332 0.307295
2.000000 0.893744 0.591668 0.187500 0.250000 0.641896
2.000000 0.624992 0.716672 0.200000 0.300000 0.683901
2.000000 0.212496 0.333332 0.125000 0.133332 0.309353
2.000000 0.900000 0.591668 0.175000 0.250000 0.622305
2.000000 0.624992 0.708332 0.200000 0.316668 0.681929
2.000000 0.212496 0.333332 0.125000 0.133332 0.343416
2.000000 0.893744 0.591668 0.187500 0.250000 0.584313
2.000000 0.624992 0.700004 0.200000 0.300000 0.696529
2.000000 0.206256 0.325004 0.137500 0.150000 0.343080
2.000000 0.893744 0.591668 0.187500 0.250000 0.573905
2.000000 0.624992 0.700004 0.200000 0.300000 0.741285
2.000000 0.206256 0.333332 0.137500 0.166668 0.327063
2.000000 0.893744 0.583328 0.187500 0.233332 0.544469
2.000000 0.624992 0.700004 0.200000 0.300000 0.741092
2.000000 0.206256 0.333332 0.137500 0.166668 0.349448
2.000000 0.893744 0.583328 0.187500 0.233332 0.529799
2.000000 0.624992 0.691664 0.200000 0.283332 0.724615
2.000000 0.206256 0.333332 0.137500 0.166668 0.335679
2.000000 0.893744 0.575000 0.187500 0.250000 0.492983
2.000000 0.618752 0.683336 0.187500 0.300000 0.709584
2.000000 0.206256 0.333332 0.137500 0.166668 0.359781
2.000000 0.893744 0.575000 0.187500 0.250000 0.503544
2.000000 0.624992 0.674996 0.200000 0.283332 0.726691
2.000000 0.206256 0.333332 0.137500 0.166668 0.360065
2.000000 0.893744 0.575000 0.187500 0.250000 0.509669
2.000000 0.624992 0.674996 0.200000 0.283332 0.696177
2.000000 0.043744 0.516668 0.137500 0.133332 0.485198
2.000000 0.993744 0.749996 0.212500 0.300000 0.716918
2.000000 0.206256 0.333332 0.137500 0.166668 0.310624
2.000000 0.887504 0.558332 0.175000 0.250000 0.512968
2.000000 0.624992 0.674996 0.200000 0.283332 0.678752
2.000000 0.206256 0.333332 0.137500 0.166668 0.381897
2.000000 0.887504 0.558332 0.175000 0.250000 0.582591
2.000000 0.618752 0.666668 0.187500 0.266668 0.728746
2.000000 0.206256 0.333332 0.137500 0.166668 0.392214
2.000000 0.887504 0.558332 0.175000 0.250000 0.567836
2.000000 0.618752 0.666668 0.187500 0.266668 0.682540
2.000000 0.206256 0.333332 0.137500 0.166668 0.380711
2.000000 0.881248 0.558332 0.187500 0.250000 0.591558
2.000000 0.618752 0.666668 0.187500 0.266668 0.701289
2.000000 0.212496 0.325004 0.150000 0.183332 0.373482
2.000000 0.881248 0.550004 0.187500 0.233332 0.590324
2.000000 0.618752 0.650000 0.187500 0.266668 0.687806
2.000000 0.212496 0.316664 0.150000 0.166668 0.386597
2.000000 0.881248 0.550004 0.187500 0.233332 0.599673
2.000000 0.618752 0.650000 0.187500 0.266668 0.684238
2.000000 0.200000 0.325004 0.150000 0.183332 0.332694
2.000000 0.881248 0.550004 0.187500 0.233332 0.612845
2.000000 0.612496 0.650000 0.175000 0.266668 0.667951
2.000000 0.200000 0.333332 0.150000 0.166668 0.327449
2.000000 0.875008 0.550004 0.175000 0.233332 0.609018
2.000000 0.612496 0.650000 0.175000 0.266668 0.632166
2.000000 0.200000 0.333332 0.150000 0.166668 0.327821
2.000000 0.875008 0.550004 0.175000 0.233332 0.588505
2.000000 0.612496 0.650000 0.175000 0.266668 0.616816
2.000000 0.200000 0.333332 0.150000 0.166668 0.301011
2.000000 0.875008 0.541664 0.175000 0.250000 0.546791
2.000000 0.612496 0.641672 0.175000 0.250000 0.560378
2.000000 0.250000 0.275000 0.125000 0.116668 0.314700
2.000000 0.037504 0.533336 0.150000 0.133332 0.514456
2.000000 0.993744 0.733328 0.212500 0.300000 0.700278
2.000000 0.718752 0.991664 0.287500 0.416668 0.802952
2.000000 0.200000 0.333332 0.150000 0.166668 0.300504
2.000000 0.175008 0.383336 0.125000 0.133332 0.310764
2.000000 0.875008 0.541664 0.175000 0.250000 0.533723
2.000000 0.612496 0.633332 0.175000 0.266668 0.543473
2.000000 0.193744 0.341672 0.162500 0.183332 0.307770
2.000000 0.168752 0.383336 0.137500 0.133332 0.320719
2.000000 0.618752 0.633332 0.187500 0.266668 0.575275
2.000000 0.875008 0.533336 0.175000 0.233332 0.582536
2.000000 0.200000 0.341672 0.150000 0.183332 0.304954
2.000000 0.175008 0.383336 0.125000 0.133332 0.307783
2.000000 0.618752 0.625004 0.187500 0.250000 0.568218
2.000000 0.875008 0.533336 0.175000 0.233332 0.607800
2.000000 0.168752 0.374996 0.137500 0.150000 0.306212
2.000000 0.193744 0.333332 0.162500 0.200000 0.334252
2.000000 0.618752 0.625004 0.187500 0.250000 0.566202
2.000000 0.868752 0.533336 0.162500 0.233332 0.592029
2.000000 0.168752 0.374996 0.137500 0.150000 0.344107
2.000000 0.612496 0.616664 0.175000 0.266668 0.543203
2.000000 0.868752 0.533336 0.162500 0.233332 0.621497
2.000000 0.168752 0.383336 0.137500 0.133332 0.387498
2.000000 0.612496 0.616664 0.175000 0.266668 0.492906
2.000000 0.868752 0.533336 0.162500 0.233332 0.608300
2.000000 0.168752 0.383336 0.137500 0.133332 0.447127
2.000000 0.612496 0.608336 0.175000 0.250000 0.469891
2.000000 0.868752 0.533336 0.162500 0.233332 0.582117
2.000000 0.156256 0.391664 0.137500 0.150000 0.426047
2.000000 0.606256 0.608336 0.162500 0.250000 0.520548
2.000000 0.868752 0.533336 0.162500 0.233332 0.594574
2.000000 0.156256 0.400004 0.137500 0.133332 0.438450
2.000000 0.606256 0.608336 0.162500 0.250000 0.520295
2.000000 0.868752 0.533336 0.162500 0.233332 0.603123
2.000000 0.156256 0.400004 0.137500 0.133332 0.456093
2.000000 0.606256 0.599996 0.162500 0.233332 0.537647
2.000000 0.868752 0.533336 0.162500 0.233332 0.566013
2.000000 0.037504 0.533336 0.150000 0.133332 0.512323
2.000000 0.987504 0.733328 0.225000 0.300000 0.718075
2.000000 0.718752 0.991664 0.287500 0.416668 0.773059
2.000000 0.156256 0.400004 0.137500 0.133332 0.443105
2.000000 0.606256 0.599996 0.162500 0.233332 0.496565
2.000000 0.862496 0.524996 0.175000 0.250000 0.542231
2.000000 0.156256 0.400004 0.137500 0.133332 0.466329
2.000000 0.856256 0.516668 0.162500 0.233332 0.544772
2.000000 0.606256 0.599996 0.162500 0.233332 0.546913
2.000000 0.150000 0.400004 0.125000 0.133332 0.470590
2.000000 0.856256 0.516668 0.162500 0.233332 0.545619
2.000000 0.606256 0.583328 0.162500 0.233332 0.557992
2.000000 0.150000 0.400004 0.125000 0.133332 0.480547
2.000000 0.606256 0.583328 0.162500 0.233332 0.570434
2.000000 0.856256 0.516668 0.162500 0.233332 0.584444
2.000000 0.137504 0.400004 0.125000 0.133332 0.493870
2.000000 0.856256 0.516668 0.162500 0.233332 0.572783
2.000000 0.606256 0.583328 0.162500 0.233332 0.581697
2.000000 0.137504 0.416672 0.125000 0.133332 0.534428
2.000000 0.856256 0.516668 0.162500 0.233332 0.551447
2.000000 0.606256 0.583328 0.162500 0.233332 0.588873
2.000000 0.137504 0.416672 0.125000 0.133332 0.512783
2.000000 0.856256 0.516668 0.162500 0.233332 0.543024
2.000000 0.606256 0.566672 0.162500 0.233332 0.573601
2.000000 0.137504 0.416672 0.125000 0.133332 0.489621
2.000000 0.856256 0.508328 0.162500 0.216668 0.536085
2.000000 0.606256 0.566672 0.162500 0.233332 0.571271
2.000000 0.137504 0.416672 0.125000 0.133332 0.480378
2.000000 0.856256 0.508328 0.162500 0.216668 0.528746
2.000000 0.600000 0.566672 0.150000 0.233332 0.585401
2.000000 0.856256 0.508328 0.162500 0.216668 0.449147
2.000000 0.124992 0.416672 0.125000 0.133332 0.509513
2.000000 0.600000 0.558332 0.150000 0.250000 0.549495
2.000000 0.250000 0.275000 0.125000 0.116668 0.302763
2.000000 0.037504 0.533336 0.150000 0.133332 0.549814
2.000000 0.987504 0.725000 0.225000 0.316668 0.684932
2.000000 0.712496 0.983336 0.275000 0.400000 0.786140
2.000000 0.856256 0.508328 0.162500 0.216668 0.390464
2.000000 0.600000 0.550004 0.150000 0.233332 0.518908
2.000000 0.124992 0.416672 0.125000 0.133332 0.525890
2.000000 0.856256 0.508328 0.162500 0.216668 0.409091
2.000000 0.600000 0.550004 0.150000 0.233332 0.452506
2.000000 0.131248 0.425000 0.137500 0.150000 0.527940
2.000000 0.600000 0.550004 0.150000 0.233332 0.436372
2.000000 0.856256 0.466664 0.162500 0.266668 0.441397
2.000000 0.131248 0.425000 0.137500 0.150000 0.531783
2.000000 0.856256 0.458336 0.162500 0.283332 0.418145
2.000000 0.600000 0.550004 0.150000 0.233332 0.460307
2.000000 0.131248 0.425000 0.137500 0.150000 0.514596
2.000000 0.856256 0.433328 0.162500 0.333332 0.372800
2.000000 0.600000 0.550004 0.150000 0.233332 0.456508
2.000000 0.131248 0.425000 0.137500 0.150000 0.511892
2.000000 0.850000 0.433328 0.175000 0.333332 0.400472
2.000000 0.600000 0.541664 0.150000 0.216668 0.479438
2.000000 0.124992 0.425000 0.150000 0.150000 0.493027
2.000000 0.856256 0.433328 0.162500 0.333332 0.417840
2.000000 0.124992 0.425000 0.150000 0.150000 0.460411
2.000000 0.600000 0.533336 0.150000 0.233332 0.474280
2.000000 0.856256 0.425000 0.162500 0.316668 0.422220
2.000000 0.118752 0.441668 0.137500 0.150000 0.453834
2.000000 0.600000 0.541664 0.150000 0.216668 0.455759
2.000000 0.856256 0.433328 0.162500 0.300000 0.437805
2.000000 0.600000 0.541664 0.150000 0.216668 0.437808
2.000000 0.124992 0.449996 0.150000 0.133332 0.457852
2.000000 0.600000 0.533336 0.150000 0.233332 0.405588
2.000000 0.850000 0.425000 0.150000 0.316668 0.410980
2.000000 0.118752 0.441668 0.137500 0.150000 0.444963
