2.000000 0.743744 0.049996 0.312500 0.433332 0.744945
2.000000 0.931248 0.975004 0.487500 0.483332 0.834979
2.000000 0.906256 0.941668 0.437500 0.483332 0.798705
2.000000 0.900000 0.908332 0.450000 0.483332 0.769336
2.000000 0.887504 0.866668 0.425000 0.466668 0.829531
2.000000 0.881248 0.850000 0.437500 0.466668 0.840366
2.000000 0.875008 0.825004 0.425000 0.450000 0.845185
2.000000 0.862496 0.799996 0.400000 0.433332 0.845223
2.000000 0.856256 0.766672 0.412500 0.433332 0.800570
2.000000 0.837504 0.741664 0.400000 0.416668 0.831255
2.000000 0.831248 0.708328 0.387500 0.416668 0.853334
2.000000 0.824992 0.675004 0.375000 0.416668 0.846291
2.000000 0.812496 0.649996 0.375000 0.433332 0.846819
2.000000 0.812496 0.625000 0.375000 0.416668 0.829322
2.000000 0.806256 0.616672 0.362500 0.400000 0.788737
2.000000 0.800000 0.583336 0.375000 0.400000 0.815871
2.000000 0.793744 0.566668 0.362500 0.400000 0.804244
2.000000 0.787504 0.541672 0.375000 0.383332 0.813409
2.000000 0.787504 0.516664 0.350000 0.366668 0.817382
2.000000 0.768752 0.499996 0.337500 0.366668 0.833915
2.000000 0.781248 0.483328 0.362500 0.366668 0.778336
2.000000 0.762496 0.458332 0.325000 0.350000 0.804127
2.000000 0.762496 0.441664 0.325000 0.350000 0.805564
2.000000 0.774992 0.424996 0.350000 0.350000 0.794288
2.000000 0.774992 0.408328 0.375000 0.350000 0.784247
2.000000 0.774992 0.391672 0.375000 0.350000 0.794841
2.000000 0.762496 0.375004 0.350000 0.350000 0.774200
2.000000 0.762496 0.358336 0.375000 0.350000 0.772527
2.000000 0.737504 0.333328 0.325000 0.333332 0.778903
2.000000 0.731248 0.316672 0.287500 0.333332 0.798379
2.000000 0.725008 0.300004 0.275000 0.333332 0.836897
2.000000 0.718752 0.283336 0.287500 0.333332 0.838359
2.000000 0.718752 0.266668 0.287500 0.300000 0.833419
2.000000 0.718752 0.258328 0.287500 0.316668 0.838554
2.000000 0.706256 0.250000 0.262500 0.300000 0.828291
2.000000 0.706256 0.233332 0.262500 0.300000 0.817379
2.000000 0.706256 0.216664 0.262500 0.300000 0.796914
2.000000 0.706256 0.199996 0.262500 0.300000 0.778624
2.000000 0.706256 0.183328 0.287500 0.300000 0.755734
2.000000 0.693744 0.175000 0.262500 0.283332 0.793335
2.000000 0.700000 0.158332 0.275000 0.283332 0.787817
2.000000 0.693744 0.150004 0.262500 0.300000 0.764297
2.000000 0.693744 0.133336 0.262500 0.300000 0.762300
2.000000 0.687504 0.124996 0.250000 0.283332 0.789079
2.000000 0.687504 0.116668 0.250000 0.266668 0.796227
2.000000 0.687504 0.108328 0.250000 0.283332 0.777339
2.000000 0.687504 0.083332 0.250000 0.266668 0.770476
2.000000 0.687504 0.075004 0.250000 0.283332 0.751197
2.000000 0.687504 0.066664 0.275000 0.266668 0.729692
2.000000 0.681248 0.049996 0.262500 0.266668 0.754169
2.000000 0.681248 0.049996 0.262500 0.266668 0.757726
2.000000 0.681248 0.033328 0.262500 0.266668 0.755313
2.000000 0.681248 0.016672 0.262500 0.266668 0.738048
2.000000 0.675008 0.000004 0.225000 0.266668 0.761039
2.000000 0.668752 0.000004 0.237500 0.266668 0.775470
2.000000 0.737504 0.033328 0.300000 0.433332 0.784452
2.000000 0.843744 0.983332 0.462500 0.533332 0.691729
2.000000 0.731248 0.033328 0.312500 0.433332 0.814279
2.000000 0.837504 0.958336 0.450000 0.516668 0.711626
2.000000 0.737504 0.025000 0.300000 0.416668 0.821299
2.000000 0.731248 0.016672 0.287500 0.433332 0.814830
2.000000 0.725008 0.008332 0.300000 0.416668 0.803538
