2.000000 0.006256 0.758336 0.212500 0.316668 0.659645
2.000000 0.050000 0.983336 0.250000 0.266668 0.718932
2.000000 0.037504 0.974996 0.250000 0.283332 0.728352
2.000000 0.031248 0.974996 0.237500 0.250000 0.747560
2.000000 0.037504 0.966668 0.250000 0.266668 0.757636
2.000000 0.037504 0.966668 0.275000 0.266668 0.758711
2.000000 0.031248 0.950000 0.262500 0.266668 0.763176
2.000000 0.031248 0.933332 0.262500 0.266668 0.723966
2.000000 0.018752 0.933332 0.237500 0.266668 0.673514
2.000000 0.006256 0.925004 0.212500 0.250000 0.708338
2.000000 0.006256 0.925004 0.212500 0.250000 0.714914
2.000000 0.006256 0.908336 0.212500 0.250000 0.708186
2.000000 0.000000 0.758336 0.225000 0.316668 0.684981
2.000000 0.074992 0.991664 0.225000 0.250000 0.794177
2.000000 0.074992 0.974996 0.225000 0.250000 0.794908
2.000000 0.068752 0.966668 0.212500 0.266668 0.812539
2.000000 0.062496 0.966668 0.225000 0.266668 0.820913
2.000000 0.050000 0.958328 0.225000 0.250000 0.814490
2.000000 0.050000 0.950000 0.225000 0.266668 0.803973
2.000000 0.050000 0.941672 0.225000 0.250000 0.797636
2.000000 0.050000 0.933332 0.225000 0.266668 0.791540
2.000000 0.043744 0.925004 0.212500 0.250000 0.785512
2.000000 0.037504 0.925004 0.225000 0.250000 0.769839
2.000000 0.037504 0.908336 0.225000 0.250000 0.782918
2.000000 0.031248 0.899996 0.212500 0.233332 0.778362
2.000000 0.031248 0.899996 0.212500 0.233332 0.722211
2.000000 0.031248 0.883328 0.212500 0.233332 0.699814
2.000000 0.024992 0.883328 0.200000 0.233332 0.709213
2.000000 0.018752 0.875000 0.212500 0.250000 0.718835
2.000000 0.012496 0.866672 0.200000 0.233332 0.731979
2.000000 0.012496 0.858332 0.200000 0.250000 0.736804
2.000000 0.012496 0.858332 0.200000 0.216668 0.729147
2.000000 0.000000 0.850004 0.200000 0.233332 0.742179
2.000000 0.000000 0.841664 0.200000 0.216668 0.738079
2.000000 0.000000 0.749996 0.225000 0.300000 0.690245
2.000000 0.000000 0.749996 0.225000 0.300000 0.720039
