2.000000 0.175008 0.225004 0.275000 0.316668 0.771256
2.000000 0.168752 0.216664 0.287500 0.333332 0.762541
2.000000 0.162496 0.208336 0.275000 0.316668 0.767796
2.000000 0.156256 0.191668 0.287500 0.316668 0.781706
2.000000 0.150000 0.183328 0.275000 0.300000 0.772271
2.000000 0.143744 0.175000 0.287500 0.283332 0.791666
2.000000 0.143744 0.166672 0.287500 0.300000 0.770516
2.000000 0.137504 0.158332 0.275000 0.283332 0.777397
2.000000 0.137504 0.141664 0.300000 0.283332 0.747271
2.000000 0.131248 0.133336 0.287500 0.300000 0.734286
2.000000 0.118752 0.124996 0.262500 0.283332 0.726213
2.000000 0.106256 0.108328 0.262500 0.283332 0.768785
2.000000 0.106256 0.108328 0.262500 0.283332 0.785781
2.000000 0.100000 0.100000 0.250000 0.266668 0.729672
2.000000 0.093744 0.083332 0.237500 0.266668 0.680771
2.000000 0.087504 0.075004 0.250000 0.283332 0.677924
2.000000 0.093744 0.075004 0.262500 0.283332 0.678916
2.000000 0.087504 0.058336 0.250000 0.283332 0.678609
2.000000 0.074992 0.049996 0.250000 0.266668 0.753238
2.000000 0.068752 0.041668 0.262500 0.283332 0.797859
2.000000 0.062496 0.033328 0.250000 0.266668 0.776529
2.000000 0.062496 0.016672 0.250000 0.266668 0.781441
2.000000 0.056256 0.016672 0.262500 0.266668 0.757349
2.000000 0.056256 0.008332 0.262500 0.250000 0.762118
2.000000 0.050000 0.000004 0.250000 0.266668 0.735913
2.000000 0.718752 0.991672 0.462500 0.483332 0.800591
2.000000 0.693744 0.958336 0.462500 0.483332 0.779382
2.000000 0.675008 0.941668 0.450000 0.483332 0.847382
2.000000 0.650000 0.908332 0.450000 0.483332 0.846820
2.000000 0.631248 0.866668 0.437500 0.466668 0.859475
2.000000 0.618752 0.841672 0.437500 0.450000 0.859339
2.000000 0.600000 0.825004 0.425000 0.450000 0.847329
2.000000 0.581248 0.808336 0.412500 0.450000 0.825576
2.000000 0.568752 0.766672 0.412500 0.433332 0.809929
2.000000 0.543744 0.741664 0.412500 0.416668 0.837144
2.000000 0.537504 0.724996 0.400000 0.416668 0.790173
2.000000 0.512496 0.700000 0.400000 0.433332 0.823634
2.000000 0.493744 0.675004 0.387500 0.416668 0.814794
2.000000 0.487504 0.666664 0.375000 0.400000 0.809550
2.000000 0.475008 0.633328 0.375000 0.400000 0.754083
2.000000 0.456256 0.616672 0.387500 0.400000 0.741261
2.000000 0.450000 0.591664 0.375000 0.383332 0.798310
2.000000 0.431248 0.574996 0.362500 0.383332 0.725668
2.000000 0.418752 0.558328 0.362500 0.383332 0.788028
2.000000 0.406256 0.525004 0.362500 0.383332 0.790643
2.000000 0.393744 0.508336 0.362500 0.383332 0.748196
2.000000 0.375008 0.483328 0.350000 0.366668 0.669141
2.000000 0.368752 0.475000 0.337500 0.350000 0.701616
2.000000 0.356256 0.458332 0.337500 0.350000 0.736385
2.000000 0.350000 0.441664 0.325000 0.350000 0.746055
2.000000 0.337504 0.424996 0.325000 0.350000 0.747656
2.000000 0.324992 0.408328 0.325000 0.350000 0.805971
2.000000 0.318752 0.391672 0.337500 0.350000 0.802992
2.000000 0.300000 0.383332 0.325000 0.333332 0.768608
2.000000 0.293744 0.358336 0.312500 0.350000 0.743165
2.000000 0.281248 0.349996 0.312500 0.333332 0.776892
2.000000 0.281248 0.333328 0.312500 0.333332 0.734093
2.000000 0.268752 0.325000 0.312500 0.316668 0.688655
2.000000 0.250000 0.300004 0.300000 0.333332 0.667689
2.000000 0.243744 0.283336 0.287500 0.333332 0.679934
2.000000 0.237504 0.266668 0.300000 0.333332 0.723255
2.000000 0.231248 0.250000 0.287500 0.333332 0.747709
2.000000 0.231248 0.241672 0.287500 0.316668 0.753430
2.000000 0.218752 0.233332 0.287500 0.333332 0.764702
2.000000 0.212496 0.225004 0.275000 0.316668 0.701876
2.000000 0.200000 0.208336 0.275000 0.316668 0.651491
2.000000 0.193744 0.183328 0.262500 0.300000 0.675159
2.000000 0.187504 0.183328 0.275000 0.300000 0.760492
2.000000 0.181248 0.166672 0.287500 0.300000 0.767808
2.000000 0.175008 0.158332 0.275000 0.283332 0.784353
2.000000 0.168752 0.141664 0.262500 0.283332 0.754803
2.000000 0.162496 0.133336 0.250000 0.300000 0.737556
2.000000 0.156256 0.124996 0.262500 0.283332 0.720021
2.000000 0.143744 0.108328 0.262500 0.283332 0.784088
2.000000 0.143744 0.100000 0.262500 0.266668 0.805935
2.000000 0.131248 0.091672 0.262500 0.283332 0.804629
2.000000 0.131248 0.083332 0.262500 0.266668 0.790933
2.000000 0.124992 0.066664 0.250000 0.266668 0.788703
2.000000 0.124992 0.066664 0.250000 0.266668 0.778606
2.000000 0.112496 0.049996 0.250000 0.266668 0.761971
2.000000 0.106256 0.041668 0.237500 0.250000 0.785522
2.000000 0.106256 0.033328 0.237500 0.266668 0.774740
2.000000 0.106256 0.016672 0.237500 0.266668 0.765372
2.000000 0.093744 0.016672 0.237500 0.266668 0.772505
2.000000 0.087504 0.008332 0.250000 0.250000 0.791186
2.000000 0.087504 0.000004 0.250000 0.266668 0.786021
2.000000 0.662496 0.975004 0.450000 0.450000 0.792163
2.000000 0.643744 0.949996 0.462500 0.466668 0.828258
2.000000 0.624992 0.933328 0.450000 0.466668 0.816156
2.000000 0.612496 0.908332 0.450000 0.450000 0.838967
2.000000 0.587504 0.874996 0.450000 0.450000 0.840884
2.000000 0.568752 0.850000 0.437500 0.433332 0.832608
2.000000 0.556256 0.833332 0.437500 0.433332 0.808222
2.000000 0.537504 0.808336 0.425000 0.450000 0.815887
2.000000 0.524992 0.775000 0.425000 0.416668 0.786947
2.000000 0.506256 0.750004 0.412500 0.400000 0.809257
2.000000 0.487504 0.733336 0.425000 0.400000 0.826314
2.000000 0.487504 0.724996 0.400000 0.416668 0.831980
2.000000 0.468752 0.700000 0.387500 0.433332 0.863914
2.000000 0.456256 0.683332 0.387500 0.433332 0.857042
2.000000 0.437504 0.666664 0.400000 0.400000 0.841852
2.000000 0.431248 0.633328 0.387500 0.400000 0.851056
2.000000 0.418752 0.616672 0.387500 0.400000 0.827687
2.000000 0.400000 0.608332 0.400000 0.416668 0.803841
2.000000 0.393744 0.583336 0.387500 0.400000 0.821122
2.000000 0.375008 0.566668 0.375000 0.400000 0.804417
2.000000 0.368752 0.550000 0.362500 0.366668 0.815700
2.000000 0.356256 0.525004 0.362500 0.383332 0.809989
2.000000 0.343744 0.508336 0.362500 0.350000 0.755572
2.000000 0.337504 0.491668 0.350000 0.350000 0.768762
2.000000 0.331248 0.475000 0.362500 0.350000 0.813280
2.000000 0.324992 0.466672 0.350000 0.366668 0.820950
2.000000 0.306256 0.441664 0.362500 0.350000 0.819165
2.000000 0.300000 0.424996 0.350000 0.350000 0.817210
2.000000 0.287504 0.416668 0.350000 0.333332 0.817388
2.000000 0.281248 0.400000 0.362500 0.333332 0.820425
2.000000 0.274992 0.375004 0.350000 0.316668 0.788077
2.000000 0.268752 0.375004 0.337500 0.316668 0.766152
2.000000 0.243744 0.358336 0.312500 0.316668 0.768358
2.000000 0.243744 0.349996 0.312500 0.333332 0.780381
2.000000 0.237504 0.333328 0.325000 0.333332 0.743281
2.000000 0.231248 0.308332 0.312500 0.316668 0.718322
2.000000 0.218752 0.291664 0.312500 0.350000 0.722685
2.000000 0.206256 0.266668 0.312500 0.366668 0.777811
2.000000 0.200000 0.258328 0.300000 0.350000 0.793275
2.000000 0.200000 0.241672 0.300000 0.350000 0.776861
2.000000 0.206256 0.241672 0.312500 0.350000 0.733734
2.000000 0.187504 0.233332 0.300000 0.333332 0.741990
