2.000000 0.640624 0.433332 0.343750 0.366666 0.800678
2.000000 0.628128 0.395832 0.331250 0.375000 0.811778
2.000000 0.609376 0.362502 0.318750 0.358334 0.870686
2.000000 0.593752 0.329166 0.312500 0.325000 0.856866
2.000000 0.584376 0.295836 0.306250 0.308334 0.848817
2.000000 0.575000 0.270834 0.300000 0.325000 0.823977
2.000000 0.565624 0.237498 0.306250 0.291666 0.860681
2.000000 0.565624 0.212502 0.318750 0.291666 0.860076
2.000000 0.562496 0.195834 0.325000 0.291666 0.848023
2.000000 0.537496 0.166668 0.287500 0.283334 0.809571
2.000000 0.525000 0.133332 0.275000 0.283334 0.784081
2.000000 0.515624 0.112500 0.268750 0.258334 0.798612
2.000000 0.506248 0.100002 0.250000 0.266666 0.794472
2.000000 0.496872 0.075000 0.256250 0.250000 0.818797
2.000000 0.487504 0.062502 0.237500 0.258334 0.841306
2.000000 0.487504 0.045834 0.262500 0.258334 0.864341
2.000000 0.490624 0.025002 0.268750 0.250000 0.861103
2.000000 0.475000 0.008334 0.250000 0.250000 0.826420
2.000000 0.990624 0.179166 0.281250 0.275000 0.873818
2.000000 0.978128 0.162498 0.281250 0.275000 0.847761
2.000000 0.953128 0.141666 0.268750 0.283334 0.855208
2.000000 0.940624 0.120834 0.268750 0.258334 0.852417
2.000000 0.931248 0.100002 0.262500 0.266666 0.845092
2.000000 0.918752 0.083334 0.250000 0.250000 0.846664
2.000000 0.906248 0.058332 0.250000 0.250000 0.869279
2.000000 0.893752 0.049998 0.250000 0.250000 0.878247
2.000000 0.881248 0.033336 0.237500 0.250000 0.842081
2.000000 0.868752 0.016668 0.237500 0.250000 0.833067
2.000000 0.765624 0.991668 0.456250 0.550000 0.899752
2.000000 0.746872 0.937500 0.443750 0.525000 0.885506
2.000000 0.728128 0.879168 0.431250 0.525000 0.892436
2.000000 0.706248 0.833334 0.412500 0.500000 0.857644
2.000000 0.690624 0.787500 0.406250 0.491666 0.849187
2.000000 0.675000 0.750000 0.400000 0.483334 0.857598
2.000000 0.662496 0.700002 0.387500 0.466666 0.851607
2.000000 0.646872 0.662502 0.381250 0.441666 0.839373
2.000000 0.631248 0.629166 0.362500 0.441666 0.828646
2.000000 0.618752 0.583332 0.362500 0.416666 0.843153
2.000000 0.606248 0.545832 0.350000 0.408334 0.813806
2.000000 0.590624 0.512502 0.343750 0.408334 0.834859
2.000000 0.843752 0.966666 0.462500 0.566666 0.495290
2.000000 0.581248 0.475002 0.337500 0.400000 0.769704
2.000000 0.825000 0.912498 0.450000 0.541666 0.647957
2.000000 0.568752 0.450000 0.325000 0.383334 0.772435
2.000000 0.559376 0.412500 0.318750 0.391666 0.767258
2.000000 0.553128 0.391668 0.318750 0.383334 0.765637
2.000000 0.765624 0.754164 0.406250 0.508334 0.444540
2.000000 0.540624 0.366666 0.306250 0.366666 0.785874
2.000000 0.537496 0.341664 0.287500 0.366666 0.808938
2.000000 0.728128 0.679164 0.381250 0.475000 0.501393
2.000000 0.525000 0.312498 0.287500 0.358334 0.825904
2.000000 0.715624 0.637500 0.368750 0.458334 0.679906
2.000000 0.518752 0.287502 0.287500 0.358334 0.814630
2.000000 0.696872 0.595836 0.368750 0.458334 0.727294
2.000000 0.509376 0.262500 0.281250 0.341666 0.786270
2.000000 0.690624 0.562500 0.368750 0.441666 0.735160
2.000000 0.503128 0.241668 0.281250 0.333334 0.806028
2.000000 0.687504 0.525000 0.375000 0.433334 0.791999
2.000000 0.493752 0.220836 0.275000 0.325000 0.792968
2.000000 0.487504 0.208332 0.275000 0.316666 0.767376
2.000000 0.681248 0.495834 0.375000 0.425000 0.834748
2.000000 0.478128 0.183336 0.268750 0.316666 0.727366
2.000000 0.671872 0.462498 0.381250 0.408334 0.754253
2.000000 0.468752 0.162498 0.262500 0.308334 0.701993
2.000000 0.640624 0.437502 0.331250 0.391666 0.793165
2.000000 0.468752 0.145836 0.262500 0.308334 0.730586
2.000000 0.628128 0.400002 0.318750 0.400000 0.777068
2.000000 0.462504 0.124998 0.250000 0.300000 0.664730
2.000000 0.621872 0.379164 0.318750 0.391666 0.820074
2.000000 0.453128 0.108336 0.243750 0.300000 0.597419
2.000000 0.606248 0.349998 0.312500 0.366666 0.805413
2.000000 0.446872 0.087498 0.243750 0.291666 0.668542
2.000000 0.593752 0.320832 0.300000 0.358334 0.724158
2.000000 0.587504 0.295836 0.287500 0.358334 0.699789
2.000000 0.440624 0.070836 0.243750 0.291666 0.719491
2.000000 0.437504 0.058332 0.237500 0.283334 0.690828
2.000000 0.578128 0.270834 0.293750 0.341666 0.791040
2.000000 0.434376 0.041664 0.231250 0.283334 0.731582
2.000000 0.575000 0.250002 0.300000 0.333334 0.798121
2.000000 0.434376 0.020832 0.231250 0.275000 0.769394
2.000000 0.559376 0.220836 0.281250 0.325000 0.823206
2.000000 0.425000 0.012498 0.225000 0.275000 0.712725
2.000000 0.568752 0.208332 0.300000 0.316666 0.805963
2.000000 0.556248 0.187500 0.287500 0.325000 0.761023
2.000000 0.534376 0.154164 0.268750 0.308334 0.784887
2.000000 0.990624 0.225000 0.293750 0.283334 0.860633
2.000000 0.978128 0.204168 0.281250 0.275000 0.862116
2.000000 0.962504 0.183336 0.275000 0.266666 0.863761
2.000000 0.946872 0.158334 0.268750 0.266666 0.862833
2.000000 0.934376 0.145836 0.268750 0.275000 0.864099
2.000000 0.921872 0.116664 0.268750 0.233334 0.822302
2.000000 0.909376 0.104166 0.256250 0.258334 0.856055
2.000000 0.896872 0.091668 0.256250 0.250000 0.855014
2.000000 0.887496 0.070836 0.250000 0.241666 0.851263
2.000000 0.875000 0.049998 0.250000 0.233334 0.850072
2.000000 0.865624 0.041664 0.243750 0.233334 0.839754
2.000000 0.853128 0.025002 0.243750 0.233334 0.787229
2.000000 0.840624 0.004164 0.231250 0.225000 0.824630
2.000000 0.868752 0.979164 0.475000 0.525000 0.911946
2.000000 0.840624 0.920832 0.456250 0.508334 0.903200
2.000000 0.821872 0.850002 0.443750 0.500000 0.905021
2.000000 0.790624 0.779166 0.418750 0.508334 0.840793
2.000000 0.765624 0.724998 0.406250 0.500000 0.888374
2.000000 0.743752 0.683334 0.400000 0.450000 0.891691
2.000000 0.721872 0.645834 0.381250 0.425000 0.891449
2.000000 0.700000 0.600000 0.375000 0.416666 0.895000
2.000000 0.690624 0.550002 0.368750 0.400000 0.872348
2.000000 0.684376 0.516666 0.381250 0.383334 0.869232
2.000000 0.659376 0.479166 0.356250 0.375000 0.871813
