2.000000 0.993744 0.150000 0.512500 0.500000 0.818797
2.000000 0.975008 0.125004 0.475000 0.516668 0.841306
2.000000 0.975008 0.091668 0.525000 0.516668 0.864341
2.000000 0.981248 0.050004 0.537500 0.500000 0.861103
2.000000 0.950000 0.016668 0.500000 0.500000 0.826420
2.000000 0.987504 0.441672 0.550000 0.650000 0.792968
2.000000 0.975008 0.416664 0.550000 0.633332 0.767376
2.000000 0.956256 0.366672 0.537500 0.633332 0.727366
2.000000 0.937504 0.324996 0.525000 0.616668 0.701993
2.000000 0.937504 0.291672 0.525000 0.616668 0.730586
2.000000 0.925008 0.249996 0.500000 0.600000 0.664730
2.000000 0.906256 0.216672 0.487500 0.600000 0.597419
2.000000 0.893744 0.174996 0.487500 0.583332 0.668542
2.000000 0.881248 0.141672 0.487500 0.583332 0.719491
2.000000 0.875008 0.116664 0.475000 0.566668 0.690828
2.000000 0.868752 0.083328 0.462500 0.566668 0.731582
2.000000 0.868752 0.041664 0.462500 0.550000 0.769394
2.000000 0.850000 0.024996 0.450000 0.550000 0.712725
