2.000000 0.987488 0.300000 1.025000 1.000000 0.818797
2.000000 0.950016 0.250008 0.950000 1.033336 0.841306
2.000000 0.950016 0.183336 1.050000 1.033336 0.864341
2.000000 0.962496 0.100008 1.075000 1.000000 0.861103
2.000000 0.900000 0.033336 1.000000 1.000000 0.826420
2.000000 0.975008 0.883344 1.100000 1.300000 0.792968
2.000000 0.950016 0.833328 1.100000 1.266664 0.767376
2.000000 0.912512 0.733344 1.075000 1.266664 0.727366
2.000000 0.875008 0.649992 1.050000 1.233336 0.701993
2.000000 0.875008 0.583344 1.050000 1.233336 0.730586
2.000000 0.850016 0.499992 1.000000 1.200000 0.664730
2.000000 0.812512 0.433344 0.975000 1.200000 0.597419
2.000000 0.787488 0.349992 0.975000 1.166664 0.668542
2.000000 0.762496 0.283344 0.975000 1.166664 0.719491
2.000000 0.750016 0.233328 0.950000 1.133336 0.690828
2.000000 0.737504 0.166656 0.925000 1.133336 0.731582
2.000000 0.737504 0.083328 0.925000 1.100000 0.769394
2.000000 0.700000 0.049992 0.900000 1.100000 0.712725
