2.000000 0.281248 0.866664 0.687500 0.733332 0.800678
2.000000 0.256256 0.791664 0.662500 0.750000 0.811778
2.000000 0.218752 0.725004 0.637500 0.716668 0.870686
2.000000 0.187504 0.658332 0.625000 0.650000 0.856866
2.000000 0.168752 0.591672 0.612500 0.616668 0.848817
2.000000 0.150000 0.541668 0.600000 0.650000 0.823977
2.000000 0.131248 0.474996 0.612500 0.583332 0.860681
2.000000 0.131248 0.425004 0.637500 0.583332 0.860076
2.000000 0.124992 0.391668 0.650000 0.583332 0.848023
2.000000 0.074992 0.333336 0.575000 0.566668 0.809571
2.000000 0.050000 0.266664 0.550000 0.566668 0.784081
2.000000 0.031248 0.225000 0.537500 0.516668 0.798612
2.000000 0.012496 0.200004 0.500000 0.533332 0.794472
2.000000 0.981248 0.358332 0.562500 0.550000 0.873818
2.000000 0.956256 0.324996 0.562500 0.550000 0.847761
2.000000 0.906256 0.283332 0.537500 0.566668 0.855208
2.000000 0.881248 0.241668 0.537500 0.516668 0.852417
2.000000 0.862496 0.200004 0.525000 0.533332 0.845092
2.000000 0.837504 0.166668 0.500000 0.500000 0.846664
2.000000 0.812496 0.116664 0.500000 0.500000 0.869279
2.000000 0.787504 0.099996 0.500000 0.500000 0.878247
2.000000 0.762496 0.066672 0.475000 0.500000 0.842081
2.000000 0.737504 0.033336 0.475000 0.500000 0.833067
2.000000 0.162496 0.950004 0.675000 0.800000 0.769704
2.000000 0.137504 0.900000 0.650000 0.766668 0.772435
2.000000 0.118752 0.825000 0.637500 0.783332 0.767258
2.000000 0.106256 0.783336 0.637500 0.766668 0.765637
2.000000 0.081248 0.733332 0.612500 0.733332 0.785874
2.000000 0.074992 0.683328 0.575000 0.733332 0.808938
2.000000 0.050000 0.624996 0.575000 0.716668 0.825904
2.000000 0.037504 0.575004 0.575000 0.716668 0.814630
2.000000 0.018752 0.525000 0.562500 0.683332 0.786270
2.000000 0.006256 0.483336 0.562500 0.666668 0.806028
2.000000 0.362496 0.991668 0.750000 0.850000 0.834748
2.000000 0.343744 0.924996 0.762500 0.816668 0.754253
2.000000 0.281248 0.875004 0.662500 0.783332 0.793165
2.000000 0.256256 0.800004 0.637500 0.800000 0.777068
2.000000 0.243744 0.758328 0.637500 0.783332 0.820074
2.000000 0.212496 0.699996 0.625000 0.733332 0.805413
2.000000 0.187504 0.641664 0.600000 0.716668 0.724158
2.000000 0.175008 0.591672 0.575000 0.716668 0.699789
2.000000 0.156256 0.541668 0.587500 0.683332 0.791040
2.000000 0.150000 0.500004 0.600000 0.666668 0.798121
2.000000 0.118752 0.441672 0.562500 0.650000 0.823206
2.000000 0.137504 0.416664 0.600000 0.633332 0.805963
2.000000 0.112496 0.375000 0.575000 0.650000 0.761023
2.000000 0.068752 0.308328 0.537500 0.616668 0.784887
2.000000 0.981248 0.450000 0.587500 0.566668 0.860633
2.000000 0.956256 0.408336 0.562500 0.550000 0.862116
2.000000 0.925008 0.366672 0.550000 0.533332 0.863761
2.000000 0.893744 0.316668 0.537500 0.533332 0.862833
2.000000 0.868752 0.291672 0.537500 0.550000 0.864099
2.000000 0.843744 0.233328 0.537500 0.466668 0.822302
2.000000 0.818752 0.208332 0.512500 0.516668 0.856055
2.000000 0.793744 0.183336 0.512500 0.500000 0.855014
2.000000 0.774992 0.141672 0.500000 0.483332 0.851263
2.000000 0.750000 0.099996 0.500000 0.466668 0.850072
2.000000 0.731248 0.083328 0.487500 0.466668 0.839754
2.000000 0.706256 0.050004 0.487500 0.466668 0.787229
2.000000 0.681248 0.008328 0.462500 0.450000 0.824630
2.000000 0.318752 0.958332 0.712500 0.750000 0.871813
