2.000000 0.262496 0.949992 1.225000 1.166664 0.860681
2.000000 0.262496 0.850008 1.275000 1.166664 0.860076
2.000000 0.249984 0.783336 1.300000 1.166664 0.848023
2.000000 0.149984 0.666672 1.150000 1.133336 0.809571
2.000000 0.100000 0.533328 1.100000 1.133336 0.784081
2.000000 0.062496 0.450000 1.075000 1.033336 0.798612
2.000000 0.024992 0.400008 1.000000 1.066664 0.794472
2.000000 0.012512 0.966672 1.125000 1.333336 0.806028
2.000000 0.237504 0.883344 1.125000 1.300000 0.823206
2.000000 0.275008 0.833328 1.200000 1.266664 0.805963
2.000000 0.224992 0.750000 1.150000 1.300000 0.761023
2.000000 0.137504 0.616656 1.075000 1.233336 0.784887
