2.000000 0.562496 0.733328 1.375000 1.466664 0.800678
2.000000 0.512512 0.583328 1.325000 1.500000 0.811778
2.000000 0.437504 0.450008 1.275000 1.433336 0.870686
2.000000 0.375008 0.316664 1.250000 1.300000 0.856866
2.000000 0.337504 0.183344 1.225000 1.233336 0.848817
2.000000 0.300000 0.083336 1.200000 1.300000 0.823977
2.000000 0.324992 0.900008 1.350000 1.600000 0.769704
2.000000 0.275008 0.800000 1.300000 1.533336 0.772435
2.000000 0.237504 0.650000 1.275000 1.566664 0.767258
2.000000 0.212512 0.566672 1.275000 1.533336 0.765637
2.000000 0.162496 0.466664 1.225000 1.466664 0.785874
2.000000 0.149984 0.366656 1.150000 1.466664 0.808938
2.000000 0.100000 0.249992 1.150000 1.433336 0.825904
2.000000 0.075008 0.150008 1.150000 1.433336 0.814630
2.000000 0.037504 0.050000 1.125000 1.366664 0.786270
2.000000 0.724992 0.983336 1.500000 1.700000 0.834748
2.000000 0.687488 0.849992 1.525000 1.633336 0.754253
2.000000 0.562496 0.750008 1.325000 1.566664 0.793165
2.000000 0.512512 0.600008 1.275000 1.600000 0.777068
2.000000 0.487488 0.516656 1.275000 1.566664 0.820074
2.000000 0.424992 0.399992 1.250000 1.466664 0.805413
2.000000 0.375008 0.283328 1.200000 1.433336 0.724158
2.000000 0.350016 0.183344 1.150000 1.433336 0.699789
2.000000 0.312512 0.083336 1.175000 1.366664 0.791040
2.000000 0.300000 0.000008 1.200000 1.333336 0.798121
2.000000 0.637504 0.916664 1.425000 1.500000 0.871813
