2.000000 0.962496 0.716664 1.125000 1.100000 0.873818
2.000000 0.912512 0.649992 1.125000 1.100000 0.847761
2.000000 0.812512 0.566664 1.075000 1.133336 0.855208
2.000000 0.762496 0.483336 1.075000 1.033336 0.852417
2.000000 0.724992 0.400008 1.050000 1.066664 0.845092
2.000000 0.675008 0.333336 1.000000 1.000000 0.846664
2.000000 0.624992 0.233328 1.000000 1.000000 0.869279
2.000000 0.575008 0.199992 1.000000 1.000000 0.878247
2.000000 0.524992 0.133344 0.950000 1.000000 0.842081
2.000000 0.475008 0.066672 0.950000 1.000000 0.833067
2.000000 0.962496 0.900000 1.175000 1.133336 0.860633
2.000000 0.912512 0.816672 1.125000 1.100000 0.862116
2.000000 0.850016 0.733344 1.100000 1.066664 0.863761
2.000000 0.787488 0.633336 1.075000 1.066664 0.862833
2.000000 0.737504 0.583344 1.075000 1.100000 0.864099
2.000000 0.687488 0.466656 1.075000 0.933336 0.822302
2.000000 0.637504 0.416664 1.025000 1.033336 0.856055
2.000000 0.587488 0.366672 1.025000 1.000000 0.855014
2.000000 0.549984 0.283344 1.000000 0.966664 0.851263
2.000000 0.500000 0.199992 1.000000 0.933336 0.850072
2.000000 0.462496 0.166656 0.975000 0.933336 0.839754
2.000000 0.412512 0.100008 0.975000 0.933336 0.787229
2.000000 0.362496 0.016656 0.925000 0.900000 0.824630
