2.000000 0.531248 0.983336 0.912500 1.100000 0.899752
2.000000 0.493744 0.875000 0.887500 1.050000 0.885506
2.000000 0.456256 0.758336 0.862500 1.050000 0.892436
2.000000 0.412496 0.666668 0.825000 1.000000 0.857644
2.000000 0.381248 0.575000 0.812500 0.983332 0.849187
2.000000 0.350000 0.500000 0.800000 0.966668 0.857598
2.000000 0.324992 0.400004 0.775000 0.933332 0.851607
2.000000 0.293744 0.325004 0.762500 0.883332 0.839373
2.000000 0.262496 0.258332 0.725000 0.883332 0.828646
2.000000 0.237504 0.166664 0.725000 0.833332 0.843153
2.000000 0.212496 0.091664 0.700000 0.816668 0.813806
2.000000 0.181248 0.025004 0.687500 0.816668 0.834859
2.000000 0.687504 0.933332 0.925000 1.133332 0.495290
2.000000 0.650000 0.824996 0.900000 1.083332 0.647957
2.000000 0.531248 0.508328 0.812500 1.016668 0.444540
2.000000 0.456256 0.358328 0.762500 0.950000 0.501393
2.000000 0.431248 0.275000 0.737500 0.916668 0.679906
2.000000 0.393744 0.191672 0.737500 0.916668 0.727294
2.000000 0.381248 0.125000 0.737500 0.883332 0.735160
2.000000 0.375008 0.050000 0.750000 0.866668 0.791999
2.000000 0.737504 0.958328 0.950000 1.050000 0.911946
2.000000 0.681248 0.841664 0.912500 1.016668 0.903200
2.000000 0.643744 0.700004 0.887500 1.000000 0.905021
2.000000 0.581248 0.558332 0.837500 1.016668 0.840793
2.000000 0.531248 0.449996 0.812500 1.000000 0.888374
2.000000 0.487504 0.366668 0.800000 0.900000 0.891691
2.000000 0.443744 0.291668 0.762500 0.850000 0.891449
2.000000 0.400000 0.200000 0.750000 0.833332 0.895000
2.000000 0.381248 0.100004 0.737500 0.800000 0.872348
2.000000 0.368752 0.033332 0.762500 0.766668 0.869232
