2.000000 0.649984 0.800008 1.550000 1.866664 0.851607
2.000000 0.587488 0.650008 1.525000 1.766664 0.839373
2.000000 0.524992 0.516664 1.450000 1.766664 0.828646
2.000000 0.475008 0.333328 1.450000 1.666664 0.843153
2.000000 0.424992 0.183328 1.400000 1.633336 0.813806
2.000000 0.362496 0.050008 1.375000 1.633336 0.834859
2.000000 0.912512 0.716656 1.525000 1.900000 0.501393
2.000000 0.862496 0.550000 1.475000 1.833336 0.679906
2.000000 0.787488 0.383344 1.475000 1.833336 0.727294
2.000000 0.762496 0.250000 1.475000 1.766664 0.735160
2.000000 0.750016 0.100000 1.500000 1.733336 0.791999
2.000000 0.975008 0.733336 1.600000 1.800000 0.891691
2.000000 0.887488 0.583336 1.525000 1.700000 0.891449
2.000000 0.800000 0.400000 1.500000 1.666664 0.895000
2.000000 0.762496 0.200008 1.475000 1.600000 0.872348
2.000000 0.737504 0.066664 1.525000 1.533336 0.869232
