2.000000 0.587504 0.983334 0.525000 0.516666 0.921859
2.000000 0.546872 0.920832 0.506250 0.491666 0.914477
2.000000 0.500000 0.870834 0.487500 0.475000 0.919344
2.000000 0.459376 0.812502 0.468750 0.458334 0.918266
2.000000 0.421872 0.766668 0.456250 0.450000 0.924421
2.000000 0.384376 0.720834 0.443750 0.425000 0.919918
2.000000 0.353128 0.679164 0.418750 0.425000 0.910623
2.000000 0.315624 0.637500 0.418750 0.408334 0.917471
2.000000 0.290624 0.600000 0.393750 0.400000 0.909652
2.000000 0.256248 0.554166 0.400000 0.391666 0.901331
2.000000 0.231248 0.520836 0.375000 0.375000 0.906979
2.000000 0.206248 0.487500 0.362500 0.375000 0.905949
2.000000 0.181248 0.454164 0.362500 0.358334 0.906551
2.000000 0.159376 0.420834 0.343750 0.358334 0.896990
2.000000 0.134376 0.391668 0.343750 0.350000 0.891881
2.000000 0.115624 0.358332 0.331250 0.333334 0.889388
2.000000 0.093752 0.333336 0.325000 0.333334 0.895842
2.000000 0.078128 0.304164 0.318750 0.325000 0.861808
2.000000 0.056248 0.279168 0.312500 0.308334 0.862993
2.000000 0.040624 0.254166 0.293750 0.308334 0.878696
2.000000 0.021872 0.233334 0.293750 0.300000 0.875453
2.000000 0.006248 0.204168 0.300000 0.291666 0.875027
2.000000 0.515624 0.954168 0.506250 0.508334 0.921772
2.000000 0.478128 0.900000 0.481250 0.500000 0.925845
2.000000 0.440624 0.850002 0.468750 0.483334 0.928754
2.000000 0.546872 0.958332 0.581250 0.683334 0.569891
2.000000 0.506248 0.912498 0.562500 0.658332 0.727907
2.000000 0.475000 0.862500 0.537500 0.641664 0.594585
2.000000 0.409376 0.770832 0.506250 0.608334 0.512843
2.000000 0.350000 0.695832 0.487500 0.575000 0.560249
2.000000 0.321872 0.654168 0.468750 0.541666 0.544933
2.000000 0.406248 0.804168 0.450000 0.458334 0.897943
2.000000 0.293752 0.620832 0.462500 0.541666 0.531281
2.000000 0.368752 0.758334 0.437500 0.450000 0.917599
2.000000 0.337504 0.716664 0.425000 0.450000 0.916808
2.000000 0.312496 0.675000 0.412500 0.433334 0.902931
2.000000 0.281248 0.637500 0.400000 0.425000 0.915012
2.000000 0.256248 0.604164 0.387500 0.408334 0.897326
2.000000 0.228128 0.562500 0.381250 0.391666 0.894679
2.000000 0.206248 0.529164 0.375000 0.391666 0.881714
2.000000 0.181248 0.499998 0.362500 0.383334 0.908624
2.000000 0.159376 0.466668 0.356250 0.366666 0.901536
2.000000 0.137496 0.441666 0.350000 0.366666 0.889414
2.000000 0.118752 0.408336 0.337500 0.350000 0.887159
2.000000 0.096872 0.375000 0.331250 0.333334 0.883006
2.000000 0.078128 0.354168 0.318750 0.325000 0.883911
2.000000 0.059376 0.325002 0.318750 0.316666 0.885479
2.000000 0.040624 0.291666 0.306250 0.300000 0.875107
2.000000 0.025000 0.274998 0.300000 0.300000 0.853406
2.000000 0.006248 0.241668 0.300000 0.283334 0.866812
