2.000000 0.585940 0.388880 0.984376 1.666664 0.799801
2.000000 0.515620 0.458340 1.000000 1.750000 0.787266
2.000000 0.437500 0.569440 1.031248 1.750000 0.810823
2.000000 0.367180 0.680560 1.046876 1.805556 0.765505
2.000000 0.281260 0.777780 1.093752 1.833336 0.828890
2.000000 0.195320 0.916660 1.109376 1.944444 0.835120
2.000000 0.804680 0.083340 0.984376 1.666664 0.841051
2.000000 0.742180 0.152780 1.015624 1.694444 0.854163
2.000000 0.687500 0.263880 1.031248 1.750000 0.822537
2.000000 0.609380 0.333340 1.062500 1.777780 0.642731
2.000000 0.539060 0.430560 1.078124 1.805556 0.820901
2.000000 0.468760 0.527780 1.093752 1.888888 0.829859
2.000000 0.390620 0.638880 1.125000 1.944444 0.764218
2.000000 0.320320 0.750000 1.203124 1.944444 0.693437
2.000000 0.242180 0.875000 1.234376 2.027780 0.703830
2.000000 0.148440 0.986120 1.234376 2.083340 0.650314
2.000000 0.906260 0.013880 1.000000 1.694444 0.873347
2.000000 0.835940 0.083340 0.984376 1.722220 0.850407
2.000000 0.781260 0.180560 1.031248 1.750000 0.894462
2.000000 0.710940 0.250000 1.046876 1.833336 0.892493
2.000000 0.640620 0.333340 1.062500 1.833336 0.849661
2.000000 0.585940 0.416660 1.109376 1.944444 0.902103
2.000000 0.500000 0.541660 1.125000 1.916664 0.879338
2.000000 0.437500 0.611120 1.156248 2.000000 0.888689
2.000000 0.351560 0.750000 1.171876 2.000000 0.833732
2.000000 0.265620 0.861120 1.218752 2.111120 0.792670
2.000000 0.179680 0.972220 1.265624 2.166660 0.816090
2.000000 0.992180 0.111120 0.828128 1.222220 0.907405
2.000000 0.937500 0.180560 0.843752 1.250000 0.906555
2.000000 0.875000 0.263880 0.875000 1.250000 0.899744
2.000000 0.812500 0.347220 0.875000 1.305556 0.861027
2.000000 0.929680 0.569440 1.078124 1.861112 0.774565
2.000000 0.851560 0.666660 1.109376 1.888888 0.657580
2.000000 0.781260 0.805560 1.156248 2.000000 0.604737
2.000000 0.695320 0.930560 1.203124 2.083340 0.600273
2.000000 0.851560 0.027780 0.890624 1.500000 0.869532
2.000000 0.789060 0.111120 0.921876 1.555556 0.846960
2.000000 0.726560 0.208340 0.921876 1.638888 0.806052
2.000000 0.656240 0.291660 0.968752 1.638888 0.792305
