2.000000 0.570320 0.055560 0.734372 1.222220 0.715873
2.000000 0.523440 0.097220 0.734372 1.250000 0.700640
2.000000 0.492180 0.152780 0.734372 1.250000 0.760283
2.000000 0.453120 0.222220 0.750000 1.277780 0.837159
2.000000 0.406260 0.250000 0.781248 1.277780 0.849002
2.000000 0.367180 0.319440 0.796876 1.305556 0.877294
2.000000 0.335940 0.375000 0.828128 1.361112 0.862512
2.000000 0.312500 0.444440 0.875000 1.388888 0.776265
2.000000 0.234380 0.500000 0.843752 1.388888 0.816538
2.000000 0.187500 0.541660 0.843752 1.416664 0.845892
2.000000 0.140620 0.611120 0.875000 1.444444 0.842962
2.000000 0.078120 0.694440 0.875000 1.444444 0.872887
2.000000 0.031240 0.763880 0.906248 1.527776 0.866793
2.000000 0.640620 0.027780 0.718752 1.222220 0.753222
2.000000 0.609380 0.083340 0.718752 1.222220 0.778969
2.000000 0.570320 0.125000 0.734372 1.250000 0.874442
2.000000 0.515620 0.180560 0.750000 1.250000 0.873618
2.000000 0.476560 0.236120 0.765624 1.250000 0.892491
2.000000 0.437500 0.305560 0.781248 1.277780 0.867234
2.000000 0.406260 0.347220 0.812500 1.361112 0.883540
2.000000 0.359380 0.402780 0.812500 1.416664 0.877110
2.000000 0.335940 0.430560 0.859376 1.472220 0.847465
2.000000 0.296880 0.472220 0.906248 1.555556 0.796420
2.000000 0.242180 0.555560 0.890624 1.500000 0.867176
2.000000 0.203120 0.611120 0.937500 1.555556 0.831781
2.000000 0.117180 0.694440 0.890624 1.555556 0.868753
2.000000 0.085940 0.777780 0.921876 1.611112 0.899899
2.000000 0.023440 0.833340 0.921876 1.611112 0.864866
2.000000 0.757820 0.027780 0.609376 0.888888 0.833223
2.000000 0.726560 0.055560 0.609376 0.888888 0.871903
2.000000 0.687500 0.111120 0.625000 0.888888 0.878989
2.000000 0.656240 0.152780 0.625000 0.916664 0.893238
2.000000 0.617180 0.194440 0.640624 0.944444 0.883208
2.000000 0.578120 0.250000 0.656248 0.944444 0.880544
2.000000 0.539060 0.291660 0.671876 0.972220 0.883385
2.000000 0.500000 0.333340 0.687500 1.000000 0.866138
2.000000 0.468740 0.375000 0.687500 1.083336 0.860575
2.000000 0.421880 0.458340 0.687500 1.027780 0.858536
2.000000 0.390620 0.430560 0.718752 1.194444 0.795474
2.000000 0.343760 0.597220 0.718752 1.027780 0.796245
2.000000 0.296880 0.666660 0.718752 1.055556 0.886108
2.000000 0.242180 0.722220 0.734372 1.055556 0.896332
2.000000 0.203120 0.805560 0.750000 1.111112 0.898783
2.000000 0.148440 0.861120 0.765624 1.111112 0.897086
2.000000 0.093760 0.930560 0.781248 1.138888 0.888572
2.000000 0.937500 0.041660 0.718752 1.250000 0.793760
2.000000 0.898440 0.083340 0.734372 1.277780 0.751468
2.000000 0.867180 0.166660 0.734372 1.277780 0.786859
2.000000 0.828120 0.236120 0.781248 1.305556 0.823362
2.000000 0.765620 0.277780 0.750000 1.333332 0.787454
2.000000 0.734380 0.361120 0.781248 1.388888 0.785753
2.000000 0.687500 0.416660 0.781248 1.388888 0.802139
2.000000 0.632820 0.472220 0.796876 1.444444 0.707974
2.000000 0.585940 0.541660 0.828128 1.472220 0.731898
2.000000 0.546880 0.583340 0.843752 1.500000 0.763667
2.000000 0.492180 0.666660 0.859376 1.611112 0.782834
2.000000 0.437500 0.763880 0.875000 1.638888 0.726727
2.000000 0.382820 0.861120 0.890624 1.555556 0.717080
2.000000 0.320320 0.972220 0.921876 1.611112 0.621600
2.000000 0.609380 0.027780 0.656248 1.111112 0.882834
2.000000 0.570320 0.069440 0.671876 1.138888 0.882529
2.000000 0.539060 0.138880 0.671876 1.166664 0.891249
2.000000 0.492180 0.194440 0.703124 1.166664 0.897909
2.000000 0.460940 0.250000 0.703124 1.166664 0.885736
2.000000 0.414060 0.291660 0.734372 1.194444 0.882333
2.000000 0.367180 0.347220 0.734372 1.250000 0.892555
2.000000 0.328120 0.402780 0.750000 1.250000 0.884226
2.000000 0.289060 0.458340 0.796876 1.305556 0.842598
2.000000 0.226560 0.513880 0.765624 1.305556 0.887134
2.000000 0.179680 0.597220 0.796876 1.361112 0.885925
2.000000 0.132820 0.666660 0.796876 1.333332 0.884836
2.000000 0.078120 0.736120 0.812500 1.361112 0.872988
2.000000 0.031240 0.791660 0.843752 1.416664 0.884439
