2.000000 0.984380 0.472220 0.906248 1.277780 0.906965
2.000000 0.921880 0.569440 0.906248 1.305556 0.914793
2.000000 0.875000 0.722220 0.937500 1.388888 0.909824
2.000000 0.804680 0.833340 0.953124 1.444444 0.912361
2.000000 0.742180 0.944440 0.984376 1.555556 0.911565
2.000000 0.968760 0.791660 1.031248 1.972220 0.775772
2.000000 0.929680 0.888880 1.109376 2.000000 0.781924
2.000000 0.039060 0.027780 0.796876 1.166664 0.894829
2.000000 0.265620 0.041660 0.937500 1.638888 0.711189
2.000000 0.203120 0.166660 0.968752 1.722220 0.748570
2.000000 0.132820 0.236120 0.984376 1.750000 0.653639
2.000000 0.070320 0.347220 1.015624 1.805556 0.732276
2.000000 0.007820 0.458340 1.046876 1.805556 0.831800
