2.000000 0.988280 0.145835 0.304688 0.791667 0.759011
2.000000 0.972660 0.187505 0.304688 0.791667 0.773812
2.000000 0.957030 0.218750 0.320312 0.770835 0.771398
2.000000 0.941410 0.249995 0.320312 0.791667 0.820541
2.000000 0.929690 0.281255 0.328124 0.812502 0.832518
2.000000 0.910160 0.312500 0.335938 0.833334 0.844902
2.000000 0.894530 0.333335 0.335938 0.833334 0.836534
2.000000 0.875000 0.364580 0.343750 0.854166 0.785163
2.000000 0.863280 0.406250 0.351562 0.854166 0.819860
2.000000 0.839840 0.437495 0.351562 0.874998 0.792542
2.000000 0.824220 0.468755 0.351562 0.895833 0.780431
2.000000 0.804690 0.489590 0.359376 0.895833 0.694978
2.000000 0.785160 0.541670 0.367186 0.916665 0.715873
2.000000 0.761720 0.572915 0.367186 0.937500 0.700640
2.000000 0.746090 0.614585 0.367186 0.937500 0.760283
2.000000 0.726560 0.666665 0.375000 0.958335 0.837159
2.000000 0.703130 0.687500 0.390624 0.958335 0.849002
2.000000 0.683590 0.739580 0.398438 0.979167 0.877294
2.000000 0.667970 0.781250 0.414064 1.020834 0.862512
2.000000 0.656250 0.833330 0.437500 1.041666 0.776265
2.000000 0.617190 0.875000 0.421876 1.041666 0.816538
2.000000 0.593750 0.906245 0.421876 1.062498 0.845892
2.000000 0.570310 0.958340 0.437500 1.083333 0.842962
2.000000 0.996090 0.187505 0.304688 0.750000 0.801501
2.000000 0.980470 0.197915 0.304688 0.770835 0.867989
2.000000 0.968750 0.239585 0.312500 0.770835 0.863646
2.000000 0.953120 0.270830 0.312500 0.791667 0.874520
2.000000 0.941410 0.302090 0.320312 0.812502 0.795408
2.000000 0.921880 0.333335 0.328124 0.833334 0.818889
2.000000 0.906250 0.364580 0.328124 0.812502 0.875618
2.000000 0.890620 0.385415 0.343750 0.854166 0.851531
2.000000 0.871090 0.427085 0.351562 0.854166 0.873767
2.000000 0.851560 0.458330 0.359376 0.874998 0.834811
2.000000 0.839840 0.479165 0.351562 0.916665 0.876295
2.000000 0.820310 0.520835 0.359376 0.916665 0.753222
2.000000 0.804690 0.562505 0.359376 0.916665 0.778969
2.000000 0.785160 0.593750 0.367186 0.937500 0.874442
2.000000 0.757810 0.635420 0.375000 0.937500 0.873618
2.000000 0.738280 0.677090 0.382812 0.937500 0.892491
2.000000 0.718750 0.729170 0.390624 0.958335 0.867234
2.000000 0.703130 0.760415 0.406250 1.020834 0.883540
2.000000 0.679690 0.802085 0.406250 1.062498 0.877110
2.000000 0.667970 0.822920 0.429688 1.104165 0.847465
2.000000 0.648440 0.854165 0.453124 1.166667 0.796420
2.000000 0.621090 0.916670 0.445312 1.125000 0.867176
2.000000 0.601560 0.958340 0.468750 1.166667 0.831781
2.000000 0.992190 0.281255 0.281250 0.604167 0.874821
2.000000 0.976560 0.312500 0.281250 0.583332 0.886600
2.000000 0.960940 0.343745 0.281250 0.604167 0.873344
2.000000 0.949220 0.375005 0.289064 0.625002 0.884737
2.000000 0.929690 0.406250 0.296876 0.645834 0.861593
2.000000 0.914060 0.447920 0.296876 0.645834 0.866730
2.000000 0.894530 0.468755 0.304688 0.645834 0.879465
2.000000 0.878910 0.520835 0.304688 0.666666 0.833223
2.000000 0.863280 0.541670 0.304688 0.666666 0.871903
2.000000 0.843750 0.583340 0.312500 0.666666 0.878989
2.000000 0.828120 0.614585 0.312500 0.687498 0.893238
2.000000 0.808590 0.645830 0.320312 0.708333 0.883208
2.000000 0.789060 0.687500 0.328124 0.708333 0.880544
2.000000 0.769530 0.718745 0.335938 0.729165 0.883385
2.000000 0.750000 0.750005 0.343750 0.750000 0.866138
2.000000 0.734370 0.781250 0.343750 0.812502 0.860575
2.000000 0.710940 0.843755 0.343750 0.770835 0.858536
2.000000 0.695310 0.822920 0.359376 0.895833 0.795474
2.000000 0.671880 0.947915 0.359376 0.770835 0.796245
2.000000 0.648440 0.999995 0.359376 0.791667 0.886108
2.000000 0.996090 0.239585 0.273438 0.562500 0.893185
2.000000 0.980470 0.260420 0.273438 0.562500 0.888889
2.000000 0.968750 0.291665 0.281250 0.583332 0.885264
2.000000 0.953120 0.312500 0.281250 0.583332 0.887636
2.000000 0.937500 0.333335 0.281250 0.583332 0.872109
2.000000 0.988280 0.489590 0.351562 0.937500 0.724075
2.000000 0.968750 0.531245 0.359376 0.937500 0.793760
2.000000 0.949220 0.562505 0.367186 0.958335 0.751468
2.000000 0.933590 0.624995 0.367186 0.958335 0.786859
2.000000 0.914060 0.677090 0.390624 0.979167 0.823362
2.000000 0.882810 0.708335 0.375000 0.999999 0.787454
2.000000 0.867190 0.770840 0.390624 1.041666 0.785753
2.000000 0.843750 0.812495 0.390624 1.041666 0.802139
2.000000 0.816410 0.854165 0.398438 1.083333 0.707974
2.000000 0.792970 0.906245 0.414064 1.104165 0.731898
2.000000 0.773440 0.937505 0.421876 1.125000 0.763667
2.000000 0.746090 0.999995 0.429688 1.208334 0.782834
2.000000 0.984380 0.197915 0.281250 0.687498 0.852208
2.000000 0.972660 0.218750 0.289064 0.687498 0.879366
2.000000 0.957030 0.249995 0.289064 0.708333 0.882151
2.000000 0.941410 0.270830 0.304688 0.708333 0.873917
2.000000 0.921880 0.291665 0.296876 0.750000 0.859253
2.000000 0.910160 0.322910 0.304688 0.770835 0.865225
2.000000 0.894530 0.354170 0.304688 0.791667 0.854308
2.000000 0.878910 0.375005 0.320312 0.791667 0.872483
2.000000 0.859380 0.427085 0.312500 0.812502 0.883677
2.000000 0.839840 0.458330 0.320312 0.833334 0.891299
2.000000 0.824220 0.489590 0.320312 0.854166 0.891853
2.000000 0.804690 0.520835 0.328124 0.833334 0.882834
2.000000 0.785160 0.552080 0.335938 0.854166 0.882529
2.000000 0.769530 0.604160 0.335938 0.874998 0.891249
2.000000 0.746090 0.645830 0.351562 0.874998 0.897909
2.000000 0.730470 0.687500 0.351562 0.874998 0.885736
2.000000 0.707030 0.718745 0.367186 0.895833 0.882333
2.000000 0.683590 0.760415 0.367186 0.937500 0.892555
2.000000 0.664060 0.802085 0.375000 0.937500 0.884226
2.000000 0.644530 0.843755 0.398438 0.979167 0.842598
2.000000 0.613280 0.885410 0.382812 0.979167 0.887134
2.000000 0.589840 0.947915 0.398438 1.020834 0.885925
2.000000 0.566410 0.999995 0.398438 0.999999 0.884836
