2.000000 0.292970 0.541660 0.492188 1.249998 0.799801
2.000000 0.257810 0.593755 0.500000 1.312500 0.787266
2.000000 0.218750 0.677080 0.515624 1.312500 0.810823
2.000000 0.183590 0.760420 0.523438 1.354167 0.765505
2.000000 0.140630 0.833335 0.546876 1.375002 0.828890
2.000000 0.097660 0.937495 0.554688 1.458333 0.835120
2.000000 0.539060 0.020830 0.437500 1.083333 0.872887
2.000000 0.515620 0.072910 0.453124 1.145832 0.866793
2.000000 0.488280 0.114580 0.460938 1.145832 0.842476
2.000000 0.460940 0.177085 0.468750 1.187502 0.864264
2.000000 0.429690 0.229165 0.484376 1.208334 0.766260
2.000000 0.402340 0.312505 0.492188 1.249998 0.841051
2.000000 0.371090 0.364585 0.507812 1.270833 0.854163
2.000000 0.343750 0.447910 0.515624 1.312500 0.822537
2.000000 0.304690 0.500005 0.531250 1.333335 0.642731
2.000000 0.269530 0.572920 0.539062 1.354167 0.820901
2.000000 0.234380 0.645835 0.546876 1.416666 0.829859
2.000000 0.195310 0.729160 0.562500 1.458333 0.764218
2.000000 0.160160 0.812500 0.601562 1.458333 0.693437
2.000000 0.121090 0.906250 0.617188 1.520835 0.703830
2.000000 0.074220 0.989590 0.617188 1.562505 0.650314
2.000000 0.992190 0.604165 0.453124 0.958335 0.906965
2.000000 0.960940 0.677080 0.453124 0.979167 0.914793
2.000000 0.937500 0.791665 0.468750 1.041666 0.909824
2.000000 0.902340 0.875005 0.476562 1.083333 0.912361
2.000000 0.871090 0.958330 0.492188 1.166667 0.911565
2.000000 0.558590 0.020830 0.445312 1.166667 0.868753
2.000000 0.542970 0.083335 0.460938 1.208334 0.899899
2.000000 0.511720 0.125005 0.460938 1.208334 0.864866
2.000000 0.480470 0.197920 0.476562 1.229166 0.877855
2.000000 0.453130 0.260410 0.500000 1.270833 0.873347
2.000000 0.417970 0.312505 0.492188 1.291665 0.850407
2.000000 0.390630 0.385420 0.515624 1.312500 0.894462
2.000000 0.355470 0.437500 0.523438 1.375002 0.892493
2.000000 0.320310 0.500005 0.531250 1.375002 0.849661
2.000000 0.292970 0.562495 0.554688 1.458333 0.902103
2.000000 0.250000 0.656245 0.562500 1.437498 0.879338
2.000000 0.218750 0.708340 0.578124 1.500000 0.888689
2.000000 0.175780 0.812500 0.585938 1.500000 0.833732
2.000000 0.132810 0.895840 0.609376 1.583340 0.792670
2.000000 0.089840 0.979165 0.632812 1.624995 0.816090
2.000000 0.621090 0.041665 0.367186 0.791667 0.896332
2.000000 0.601560 0.104170 0.375000 0.833334 0.898783
2.000000 0.984380 0.843745 0.515624 1.479165 0.775772
2.000000 0.574220 0.145840 0.382812 0.833334 0.897086
2.000000 0.964840 0.916660 0.554688 1.500000 0.781924
2.000000 0.546880 0.197920 0.390624 0.854166 0.888572
2.000000 0.519530 0.270835 0.398438 0.874998 0.894829
2.000000 0.496090 0.333340 0.414064 0.916665 0.907405
2.000000 0.468750 0.385420 0.421876 0.937500 0.906555
2.000000 0.437500 0.447910 0.437500 0.937500 0.899744
2.000000 0.406250 0.510415 0.437500 0.979167 0.861027
2.000000 0.718750 0.072910 0.437500 1.229166 0.726727
2.000000 0.691410 0.145840 0.445312 1.166667 0.717080
2.000000 0.660160 0.229165 0.460938 1.208334 0.621600
2.000000 0.632810 0.281245 0.468750 1.229166 0.711189
2.000000 0.601560 0.374995 0.484376 1.291665 0.748570
2.000000 0.566410 0.427090 0.492188 1.312500 0.653639
2.000000 0.535160 0.510415 0.507812 1.354167 0.732276
2.000000 0.503910 0.593755 0.523438 1.354167 0.831800
2.000000 0.464840 0.677080 0.539062 1.395834 0.774565
2.000000 0.425780 0.749995 0.554688 1.416666 0.657580
2.000000 0.390630 0.854170 0.578124 1.500000 0.604737
2.000000 0.347660 0.947920 0.601562 1.562505 0.600273
2.000000 0.539060 0.052090 0.406250 1.020834 0.872988
2.000000 0.515620 0.093745 0.421876 1.062498 0.884439
2.000000 0.488280 0.145840 0.429688 1.083333 0.849266
2.000000 0.453130 0.197920 0.437500 1.104165 0.857758
2.000000 0.425780 0.270835 0.445312 1.125000 0.869532
2.000000 0.394530 0.333340 0.460938 1.166667 0.846960
2.000000 0.363280 0.406255 0.460938 1.229166 0.806052
2.000000 0.328120 0.468745 0.484376 1.229166 0.792305
