2.000000 0.965624 0.214582 0.337500 0.329166 0.924210
2.000000 0.932812 0.160417 0.321875 0.337500 0.910787
2.000000 0.901564 0.127084 0.303125 0.304167 0.927645
2.000000 0.871876 0.091666 0.293750 0.291667 0.924528
2.000000 0.843752 0.056251 0.281250 0.279167 0.925322
2.000000 0.817188 0.025000 0.271875 0.266667 0.926002
2.000000 0.967188 0.250000 0.334375 0.333333 0.929554
2.000000 0.934376 0.210418 0.325000 0.329166 0.932769
2.000000 0.904688 0.160417 0.309375 0.354168 0.903643
2.000000 0.875000 0.129166 0.300000 0.300000 0.925859
2.000000 0.848436 0.097918 0.290625 0.287500 0.913891
2.000000 0.823436 0.064582 0.278125 0.279167 0.931660
2.000000 0.801564 0.033334 0.271875 0.275000 0.909750
2.000000 0.779688 0.002083 0.259375 0.262500 0.931279
2.000000 0.817188 0.939583 0.453124 0.112500 0.738289
2.000000 0.792188 0.885418 0.478124 0.212500 0.852122
2.000000 0.765624 0.839584 0.487500 0.312501 0.894903
2.000000 0.726564 0.797917 0.459376 0.395832 0.905378
2.000000 0.695312 0.758332 0.440624 0.466668 0.791197
2.000000 0.659376 0.718750 0.412500 0.529167 0.828122
2.000000 0.631248 0.639583 0.393750 0.495834 0.898208
2.000000 0.606252 0.566668 0.375000 0.474999 0.922853
2.000000 0.578124 0.502084 0.356250 0.445833 0.887942
2.000000 0.998436 0.270832 0.403124 0.466668 0.531141
2.000000 0.553124 0.435418 0.337500 0.420834 0.888151
2.000000 0.967188 0.235417 0.390625 0.470832 0.445504
2.000000 0.529688 0.379168 0.315625 0.399999 0.887301
2.000000 0.937500 0.195832 0.375000 0.441666 0.560692
2.000000 0.510936 0.329167 0.309375 0.383334 0.910926
2.000000 0.907812 0.162499 0.359375 0.425001 0.478052
2.000000 0.875000 0.937501 0.481248 0.116667 0.529257
2.000000 0.493752 0.281251 0.293750 0.362499 0.914658
2.000000 0.884376 0.127084 0.343750 0.412500 0.609007
2.000000 0.850000 0.883333 0.493752 0.225000 0.748911
2.000000 0.476564 0.235417 0.290625 0.354168 0.902473
2.000000 0.859376 0.093751 0.331250 0.387501 0.343557
2.000000 0.815624 0.831250 0.487500 0.320832 0.622090
2.000000 0.462500 0.197917 0.275000 0.345834 0.893507
2.000000 0.835936 0.060418 0.321875 0.379167 0.348675
2.000000 0.778124 0.789583 0.468752 0.404166 0.516450
2.000000 0.446876 0.156250 0.268750 0.329166 0.884859
2.000000 0.742188 0.752083 0.446876 0.487500 0.507653
2.000000 0.812500 0.035416 0.312500 0.362499 0.552079
2.000000 0.431252 0.122917 0.256250 0.312501 0.897388
2.000000 0.706248 0.706249 0.425000 0.554166 0.531300
2.000000 0.417188 0.085417 0.246875 0.304167 0.898678
2.000000 0.673436 0.631249 0.396875 0.520833 0.504444
2.000000 0.406248 0.054166 0.243750 0.291667 0.896614
2.000000 0.643748 0.556249 0.381250 0.487500 0.611943
2.000000 0.392188 0.022918 0.234375 0.287500 0.898557
2.000000 0.618752 0.495832 0.362500 0.474999 0.622406
2.000000 0.592188 0.431251 0.340625 0.445833 0.629408
2.000000 0.570312 0.372916 0.328125 0.420834 0.457899
2.000000 0.512500 0.222916 0.293750 0.362499 0.483083
2.000000 0.496876 0.179167 0.281250 0.350001 0.538886
2.000000 0.468752 0.106249 0.262500 0.329166 0.626751
2.000000 0.453124 0.072916 0.256250 0.320832 0.493597
2.000000 0.443748 0.043750 0.250000 0.304167 0.687374
2.000000 0.432812 0.012499 0.240625 0.291667 0.726312
2.000000 0.956248 0.814582 0.650000 0.354168 0.521629
2.000000 0.943748 0.939583 0.487500 0.112500 0.732204
2.000000 0.893748 0.879166 0.481248 0.233333 0.873803
2.000000 0.862500 0.827083 0.500000 0.337500 0.892488
2.000000 0.815624 0.779167 0.475000 0.433332 0.930783
2.000000 0.768748 0.731251 0.443748 0.520833 0.935228
2.000000 0.726564 0.641668 0.415624 0.491667 0.917359
2.000000 0.687500 0.554167 0.387500 0.450000 0.920836
2.000000 0.656248 0.479167 0.375000 0.425001 0.913808
2.000000 0.623436 0.408334 0.346875 0.399999 0.925467
2.000000 0.595312 0.343750 0.328125 0.379167 0.924688
2.000000 0.565624 0.285418 0.312500 0.362499 0.925712
2.000000 0.543752 0.231250 0.300000 0.345834 0.906998
2.000000 0.520312 0.183334 0.284375 0.324999 0.886449
2.000000 0.498436 0.131251 0.278125 0.329166 0.903905
2.000000 0.482812 0.095833 0.259375 0.300000 0.902680
2.000000 0.465624 0.058333 0.250000 0.291667 0.908730
2.000000 0.448436 0.022918 0.240625 0.279167 0.902022
