2.000000 0.218752 0.593749 0.462500 0.454167 0.931808
2.000000 0.167188 0.518749 0.434376 0.420834 0.931813
2.000000 0.120312 0.460417 0.415624 0.395832 0.934277
2.000000 0.631248 0.918751 0.581252 0.145833 0.783823
2.000000 0.573436 0.866668 0.609376 0.250000 0.885523
2.000000 0.512500 0.818749 0.612500 0.354168 0.924362
2.000000 0.434376 0.777082 0.568752 0.437499 0.919972
2.000000 0.359376 0.729166 0.531248 0.500001 0.929330
2.000000 0.293752 0.639583 0.493752 0.470832 0.907025
2.000000 0.232812 0.558334 0.465624 0.441666 0.930091
2.000000 0.179688 0.489583 0.440624 0.420834 0.928373
2.000000 0.129688 0.429166 0.415624 0.391668 0.929336
2.000000 0.078124 0.400000 0.393750 0.383334 0.934904
2.000000 0.084376 0.366667 0.393750 0.375000 0.926707
2.000000 0.039064 0.312499 0.371875 0.358332 0.929514
2.000000 0.001564 0.260416 0.353125 0.337500 0.925579
2.000000 0.037500 0.349999 0.375000 0.366666 0.938880
2.000000 0.001564 0.300001 0.353125 0.350001 0.924305
2.000000 0.685936 0.929167 0.609376 0.133333 0.843778
2.000000 0.640624 0.874999 0.693752 0.233333 0.794924
2.000000 0.607812 0.829168 0.753124 0.316668 0.859120
2.000000 0.020312 0.927082 0.596876 0.137500 0.517964
2.000000 0.015624 0.866668 0.693752 0.250000 0.570121
2.000000 0.582812 0.918751 0.553124 0.154167 0.830497
2.000000 0.526564 0.868750 0.584376 0.245833 0.865601
2.000000 0.470312 0.822916 0.584376 0.337500 0.911985
2.000000 0.401564 0.785416 0.553124 0.420834 0.901334
2.000000 0.335936 0.745834 0.515624 0.491667 0.938354
2.000000 0.275000 0.675001 0.487500 0.483333 0.923083
