2.000000 0.574220 0.677080 0.101562 0.187500 0.411046
2.000000 0.976560 0.479170 0.078124 0.166668 0.436327
2.000000 0.746090 0.843745 0.117188 0.312498 0.681909
2.000000 0.960940 0.500005 0.078124 0.208332 0.460998
2.000000 0.714840 0.885415 0.132812 0.312498 0.522805
2.000000 0.902340 0.677080 0.085938 0.145833 0.333933
2.000000 0.792970 0.749995 0.117188 0.291666 0.563401
2.000000 0.898440 0.666670 0.093750 0.166668 0.364583
2.000000 0.792970 0.739585 0.117188 0.312498 0.562104
2.000000 0.898440 0.666670 0.093750 0.166668 0.355364
2.000000 0.789060 0.760420 0.125000 0.312498 0.558383
2.000000 0.894530 0.666670 0.101562 0.166668 0.341129
2.000000 0.785160 0.760420 0.117188 0.312498 0.583892
2.000000 0.894530 0.666670 0.101562 0.166668 0.358305
2.000000 0.781250 0.760420 0.125000 0.312498 0.599862
2.000000 0.890620 0.666670 0.093750 0.166668 0.360176
2.000000 0.781250 0.760420 0.125000 0.312498 0.614993
2.000000 0.882810 0.677080 0.093750 0.187500 0.396059
2.000000 0.773440 0.770830 0.125000 0.291666 0.599670
2.000000 0.878910 0.677080 0.101562 0.187500 0.423158
2.000000 0.773440 0.781255 0.125000 0.312498 0.631709
2.000000 0.878910 0.677080 0.101562 0.187500 0.376742
2.000000 0.769530 0.781255 0.117188 0.312498 0.667832
2.000000 0.878910 0.677080 0.101562 0.187500 0.397870
2.000000 0.765620 0.791665 0.125000 0.291666 0.672463
2.000000 0.570310 0.687505 0.093750 0.166668 0.320196
2.000000 0.960940 0.500005 0.078124 0.208332 0.359997
2.000000 0.707030 0.875005 0.132812 0.333333 0.561828
2.000000 0.875000 0.687505 0.093750 0.208332 0.401385
2.000000 0.765620 0.791665 0.125000 0.291666 0.683482
2.000000 0.953130 0.510415 0.093750 0.187500 0.311929
2.000000 0.867190 0.697915 0.093750 0.187500 0.437060
2.000000 0.761720 0.791665 0.117188 0.291666 0.684246
2.000000 0.863280 0.697915 0.085938 0.187500 0.420745
2.000000 0.757810 0.802090 0.125000 0.312498 0.653633
2.000000 0.863280 0.697915 0.085938 0.187500 0.416818
2.000000 0.753910 0.802090 0.132812 0.312498 0.657733
2.000000 0.863280 0.718750 0.085938 0.187500 0.396982
2.000000 0.750000 0.812500 0.125000 0.291666 0.626017
2.000000 0.859380 0.718750 0.078124 0.187500 0.401880
2.000000 0.750000 0.822910 0.125000 0.312498 0.546178
2.000000 0.855470 0.718750 0.085938 0.187500 0.405157
2.000000 0.746090 0.833335 0.117188 0.291666 0.638617
2.000000 0.855470 0.718750 0.085938 0.187500 0.393347
2.000000 0.742190 0.833335 0.125000 0.291666 0.633486
2.000000 0.855470 0.718750 0.085938 0.187500 0.381219
2.000000 0.742190 0.833335 0.125000 0.291666 0.640485
2.000000 0.855470 0.718750 0.085938 0.187500 0.395363
2.000000 0.734370 0.843745 0.125000 0.312498 0.686453
2.000000 0.570310 0.687505 0.093750 0.166668 0.306144
2.000000 0.968750 0.479170 0.109376 0.208332 0.347560
2.000000 0.703130 0.895840 0.125000 0.333333 0.633538
2.000000 0.855470 0.729160 0.085938 0.166668 0.375276
2.000000 0.734370 0.843745 0.125000 0.312498 0.679815
2.000000 0.851560 0.729160 0.078124 0.208332 0.393821
2.000000 0.730470 0.854170 0.117188 0.291666 0.617418
2.000000 0.847660 0.729160 0.085938 0.208332 0.379249
2.000000 0.726560 0.864580 0.125000 0.312498 0.622826
2.000000 0.847660 0.739585 0.085938 0.187500 0.382020
2.000000 0.726560 0.864580 0.125000 0.312498 0.601341
2.000000 0.843750 0.760420 0.093750 0.187500 0.400447
2.000000 0.722660 0.864580 0.132812 0.312498 0.619421
2.000000 0.839840 0.749995 0.085938 0.166668 0.370599
2.000000 0.718750 0.864580 0.125000 0.312498 0.549994
2.000000 0.839840 0.760420 0.085938 0.187500 0.422527
2.000000 0.718750 0.875005 0.125000 0.333333 0.575071
2.000000 0.839840 0.760420 0.085938 0.187500 0.401063
2.000000 0.714840 0.895840 0.132812 0.333333 0.532411
2.000000 0.835940 0.760420 0.093750 0.187500 0.410266
2.000000 0.707030 0.895840 0.132812 0.333333 0.587783
2.000000 0.835940 0.781255 0.093750 0.187500 0.471556
2.000000 0.703130 0.895840 0.140624 0.333333 0.570432
2.000000 0.570310 0.687505 0.093750 0.166668 0.335015
2.000000 0.957030 0.500005 0.085938 0.208332 0.338282
2.000000 0.703130 0.895840 0.125000 0.333333 0.686557
2.000000 0.832030 0.781255 0.085938 0.187500 0.479714
2.000000 0.699220 0.906250 0.132812 0.354165 0.510971
2.000000 0.691410 0.906250 0.132812 0.354165 0.397081
2.000000 0.832030 0.781255 0.085938 0.187500 0.442633
2.000000 0.828120 0.781255 0.093750 0.187500 0.443503
2.000000 0.691410 0.916660 0.132812 0.333333 0.490166
2.000000 0.824220 0.791665 0.085938 0.208332 0.443725
2.000000 0.687500 0.916660 0.140624 0.333333 0.452762
2.000000 0.824220 0.791665 0.085938 0.208332 0.432745
2.000000 0.824220 0.791665 0.085938 0.208332 0.458495
2.000000 0.820310 0.791665 0.093750 0.208332 0.489288
2.000000 0.675780 0.937495 0.132812 0.375000 0.402297
2.000000 0.816410 0.791665 0.085938 0.208332 0.512480
2.000000 0.675780 0.947920 0.132812 0.354165 0.326949
2.000000 0.816410 0.791665 0.085938 0.208332 0.459292
2.000000 0.671870 0.947920 0.140624 0.354165 0.370233
2.000000 0.812500 0.791665 0.093750 0.208332 0.451505
2.000000 0.570310 0.687505 0.093750 0.166668 0.301359
2.000000 0.957030 0.500005 0.085938 0.208332 0.420380
2.000000 0.699220 0.906250 0.117188 0.312498 0.680401
2.000000 0.671870 0.947920 0.140624 0.395832 0.323497
2.000000 0.808590 0.791665 0.101562 0.208332 0.459698
2.000000 0.667970 0.958330 0.148436 0.375000 0.343291
2.000000 0.812500 0.802090 0.109376 0.229167 0.405752
2.000000 0.804690 0.802090 0.093750 0.229167 0.360797
2.000000 0.660160 0.958330 0.148436 0.375000 0.413322
2.000000 0.796880 0.822910 0.093750 0.229167 0.419810
2.000000 0.652340 0.979165 0.148436 0.375000 0.511931
2.000000 0.656250 0.979165 0.156250 0.375000 0.492688
2.000000 0.796880 0.833335 0.093750 0.208332 0.517904
2.000000 0.652340 0.979165 0.164062 0.416667 0.436927
2.000000 0.789060 0.833335 0.093750 0.208332 0.534337
2.000000 0.996090 0.697915 0.101562 0.270834 0.562925
2.000000 0.652340 0.989590 0.164062 0.395832 0.428246
2.000000 0.789060 0.843745 0.093750 0.229167 0.553459
2.000000 0.996090 0.697915 0.101562 0.270834 0.572375
2.000000 0.652340 0.989590 0.179688 0.395832 0.355251
2.000000 0.789060 0.843745 0.093750 0.229167 0.549773
2.000000 0.996090 0.708340 0.101562 0.250002 0.566703
2.000000 0.996090 0.718750 0.101562 0.270834 0.571697
2.000000 0.785160 0.843745 0.085938 0.229167 0.573364
2.000000 0.781250 0.854170 0.093750 0.208332 0.553992
2.000000 0.992190 0.718750 0.109376 0.270834 0.583573
2.000000 0.957030 0.500005 0.085938 0.208332 0.406128
2.000000 0.695310 0.916660 0.125000 0.333333 0.713536
2.000000 0.777340 0.854170 0.101562 0.208332 0.560304
2.000000 0.992190 0.718750 0.109376 0.270834 0.617413
2.000000 0.843750 0.708340 0.093750 0.166668 0.300673
2.000000 0.773440 0.854170 0.093750 0.208332 0.627517
2.000000 0.988280 0.718750 0.101562 0.270834 0.645712
2.000000 0.769530 0.864580 0.101562 0.229167 0.620065
2.000000 0.988280 0.729160 0.101562 0.291666 0.645511
2.000000 0.835940 0.718750 0.093750 0.187500 0.331133
2.000000 0.769530 0.864580 0.101562 0.229167 0.612135
2.000000 0.984370 0.729160 0.109376 0.291666 0.652358
2.000000 0.832030 0.739585 0.085938 0.229167 0.340798
2.000000 0.761720 0.864580 0.101562 0.229167 0.573137
2.000000 0.984370 0.729160 0.109376 0.291666 0.695244
2.000000 0.832030 0.749995 0.085938 0.208332 0.316545
2.000000 0.761720 0.864580 0.101562 0.229167 0.530779
2.000000 0.984370 0.729160 0.109376 0.291666 0.696494
2.000000 0.824220 0.749995 0.085938 0.208332 0.355274
2.000000 0.757810 0.885415 0.109376 0.229167 0.499062
2.000000 0.980470 0.749995 0.117188 0.291666 0.720795
2.000000 0.824220 0.760420 0.085938 0.229167 0.408458
2.000000 0.757810 0.885415 0.109376 0.229167 0.568079
2.000000 0.976560 0.749995 0.109376 0.291666 0.700693
2.000000 0.796880 0.812500 0.140624 0.250002 0.303262
2.000000 0.972660 0.520840 0.085938 0.166668 0.320406
2.000000 0.820310 0.760420 0.093750 0.187500 0.376584
2.000000 0.757810 0.895840 0.109376 0.250002 0.605891
2.000000 0.976560 0.760420 0.109376 0.270834 0.692670
2.000000 0.972660 0.531250 0.085938 0.187500 0.328580
2.000000 0.820310 0.760420 0.093750 0.229167 0.412418
2.000000 0.750000 0.895840 0.109376 0.250002 0.600798
2.000000 0.976560 0.770830 0.109376 0.291666 0.689196
2.000000 0.957030 0.500005 0.085938 0.208332 0.426555
2.000000 0.687500 0.916660 0.125000 0.333333 0.703993
2.000000 0.972660 0.531250 0.085938 0.187500 0.349471
2.000000 0.820310 0.770830 0.093750 0.208332 0.417304
2.000000 0.750000 0.906250 0.109376 0.229167 0.566265
2.000000 0.976560 0.781255 0.109376 0.270834 0.684268
2.000000 0.964840 0.531250 0.085938 0.187500 0.358240
2.000000 0.816410 0.791665 0.085938 0.208332 0.404402
2.000000 0.746090 0.895840 0.117188 0.250002 0.606281
2.000000 0.972660 0.781255 0.117188 0.270834 0.658248
2.000000 0.964840 0.531250 0.085938 0.187500 0.374526
2.000000 0.812500 0.791665 0.078124 0.208332 0.431019
2.000000 0.742190 0.906250 0.109376 0.270834 0.638425
2.000000 0.972660 0.781255 0.117188 0.270834 0.650675
2.000000 0.964840 0.531250 0.085938 0.187500 0.342503
2.000000 0.808590 0.791665 0.085938 0.208332 0.423212
2.000000 0.742190 0.916660 0.109376 0.250002 0.664610
2.000000 0.972660 0.791665 0.117188 0.291666 0.667172
2.000000 0.960940 0.531250 0.093750 0.187500 0.326042
2.000000 0.808590 0.791665 0.085938 0.208332 0.445340
2.000000 0.964840 0.791665 0.117188 0.291666 0.671575
2.000000 0.738280 0.916660 0.117188 0.250002 0.708436
2.000000 0.957030 0.541660 0.101562 0.208332 0.336724
2.000000 0.808590 0.802090 0.085938 0.187500 0.429396
2.000000 0.964840 0.791665 0.117188 0.291666 0.637672
2.000000 0.738280 0.927085 0.117188 0.270834 0.743867
2.000000 0.800780 0.802090 0.085938 0.187500 0.358437
2.000000 0.964840 0.791665 0.117188 0.291666 0.635750
2.000000 0.730470 0.927085 0.117188 0.270834 0.716471
2.000000 0.800780 0.812500 0.085938 0.208332 0.341818
2.000000 0.960940 0.791665 0.125000 0.291666 0.592202
2.000000 0.730470 0.937495 0.117188 0.250002 0.721277
2.000000 0.796880 0.812500 0.093750 0.208332 0.394912
2.000000 0.960940 0.791665 0.125000 0.333333 0.570965
2.000000 0.730470 0.937495 0.117188 0.250002 0.703420
2.000000 0.796880 0.822910 0.093750 0.229167 0.362874
2.000000 0.957030 0.812500 0.117188 0.333333 0.596998
2.000000 0.722660 0.958330 0.117188 0.250002 0.656080
2.000000 0.566410 0.687505 0.085938 0.166668 0.311488
2.000000 0.957030 0.500005 0.085938 0.208332 0.415068
2.000000 0.683590 0.927085 0.132812 0.312498 0.689918
2.000000 0.796880 0.833335 0.093750 0.208332 0.304624
2.000000 0.949220 0.812500 0.117188 0.333333 0.591994
2.000000 0.718750 0.958330 0.109376 0.250002 0.625516
2.000000 0.953130 0.562495 0.109376 0.250002 0.301885
2.000000 0.789060 0.833335 0.093750 0.208332 0.347544
2.000000 0.949220 0.812500 0.117188 0.333333 0.551304
2.000000 0.710940 0.968755 0.109376 0.229167 0.683975
2.000000 0.789060 0.875005 0.093750 0.208332 0.325097
2.000000 0.953130 0.572920 0.109376 0.270834 0.354967
2.000000 0.945310 0.833335 0.109376 0.291666 0.517850
2.000000 0.707030 0.968755 0.117188 0.270834 0.683755
2.000000 0.785160 0.875005 0.101562 0.208332 0.339654
2.000000 0.949220 0.583330 0.117188 0.250002 0.387632
2.000000 0.941410 0.854170 0.117188 0.291666 0.542825
2.000000 0.707030 0.979165 0.117188 0.250002 0.677931
2.000000 0.949220 0.583330 0.117188 0.250002 0.404129
2.000000 0.941410 0.854170 0.117188 0.291666 0.580219
2.000000 0.703130 0.979165 0.109376 0.291666 0.615672
2.000000 0.949220 0.583330 0.117188 0.250002 0.388526
2.000000 0.941410 0.864580 0.117188 0.312498 0.579407
2.000000 0.699220 0.989590 0.117188 0.270834 0.643076
2.000000 0.773440 0.895840 0.093750 0.208332 0.309483
2.000000 0.953130 0.562495 0.109376 0.250002 0.389489
2.000000 0.937500 0.864580 0.125000 0.312498 0.591722
2.000000 0.773440 0.895840 0.093750 0.208332 0.356054
2.000000 0.851560 0.687505 0.078124 0.208332 0.363377
2.000000 0.953130 0.552085 0.109376 0.229167 0.382273
2.000000 0.937500 0.864580 0.125000 0.312498 0.671684
2.000000 0.851560 0.687505 0.078124 0.208332 0.322051
2.000000 0.769530 0.895840 0.101562 0.208332 0.324307
2.000000 0.953130 0.541660 0.109376 0.208332 0.387180
2.000000 0.683590 0.989590 0.117188 0.270834 0.491610
2.000000 0.929690 0.875005 0.125000 0.333333 0.690159
2.000000 0.761720 0.875005 0.101562 0.208332 0.384703
2.000000 0.851560 0.687505 0.078124 0.208332 0.388611
2.000000 0.949220 0.531250 0.101562 0.187500 0.389759
2.000000 0.929690 0.885415 0.125000 0.312498 0.688645
2.000000 0.953130 0.510415 0.093750 0.229167 0.411386
2.000000 0.683590 0.937495 0.132812 0.333333 0.630396
2.000000 0.847660 0.687505 0.085938 0.208332 0.323582
2.000000 0.953130 0.531250 0.093750 0.187500 0.346068
2.000000 0.757810 0.895840 0.093750 0.208332 0.407838
2.000000 0.929690 0.895840 0.125000 0.333333 0.690163
2.000000 0.949220 0.520840 0.085938 0.166668 0.314464
2.000000 0.847660 0.687505 0.085938 0.208332 0.322625
2.000000 0.753910 0.895840 0.101562 0.208332 0.447592
2.000000 0.921880 0.895840 0.125000 0.333333 0.672939
2.000000 0.945310 0.520840 0.093750 0.166668 0.345262
2.000000 0.843750 0.687505 0.093750 0.208332 0.370808
2.000000 0.753910 0.895840 0.101562 0.250002 0.442861
2.000000 0.921880 0.895840 0.125000 0.333333 0.694235
2.000000 0.843750 0.687505 0.093750 0.208332 0.314792
2.000000 0.949220 0.520840 0.101562 0.166668 0.337202
2.000000 0.750000 0.906250 0.109376 0.229167 0.475193
2.000000 0.917970 0.906250 0.132812 0.354165 0.660882
2.000000 0.945310 0.520840 0.093750 0.166668 0.337508
2.000000 0.746090 0.916660 0.101562 0.208332 0.483813
2.000000 0.917970 0.906250 0.132812 0.354165 0.706974
2.000000 0.949220 0.510415 0.085938 0.187500 0.307266
2.000000 0.746090 0.916660 0.101562 0.208332 0.484188
2.000000 0.917970 0.906250 0.132812 0.354165 0.654032
2.000000 0.945310 0.520840 0.093750 0.208332 0.312137
2.000000 0.746090 0.937495 0.101562 0.250002 0.465187
2.000000 0.914060 0.927085 0.125000 0.354165 0.697814
2.000000 0.828120 0.708340 0.078124 0.208332 0.300317
2.000000 0.742190 0.968755 0.109376 0.312498 0.423639
2.000000 0.910160 0.927085 0.132812 0.354165 0.708389
2.000000 0.824220 0.708340 0.085938 0.208332 0.401131
2.000000 0.734370 0.947920 0.109376 0.312498 0.446734
2.000000 0.910160 0.937495 0.132812 0.333333 0.704222
2.000000 0.820310 0.718750 0.093750 0.229167 0.433531
2.000000 0.734370 0.916660 0.109376 0.250002 0.493875
2.000000 0.910160 0.937495 0.132812 0.375000 0.648984
2.000000 0.566410 0.687505 0.085938 0.166668 0.312814
2.000000 0.953130 0.510415 0.093750 0.229167 0.383432
2.000000 0.675780 0.937495 0.132812 0.333333 0.654735
2.000000 0.820310 0.718750 0.093750 0.229167 0.401655
2.000000 0.726560 0.927085 0.109376 0.270834 0.547073
2.000000 0.902340 0.947920 0.132812 0.354165 0.635485
2.000000 0.816410 0.739585 0.085938 0.229167 0.369800
2.000000 0.726560 0.937495 0.109376 0.250002 0.552404
2.000000 0.898440 0.968755 0.140624 0.354165 0.693791
2.000000 0.816410 0.739585 0.085938 0.229167 0.343858
2.000000 0.722660 0.937495 0.117188 0.250002 0.495763
2.000000 0.898440 0.968755 0.140624 0.354165 0.748335
2.000000 0.929690 0.541660 0.078124 0.166668 0.303126
2.000000 0.816410 0.739585 0.085938 0.229167 0.334738
2.000000 0.718750 0.937495 0.109376 0.250002 0.557544
2.000000 0.890620 0.968755 0.140624 0.354165 0.720675
2.000000 0.808590 0.760420 0.085938 0.229167 0.315898
2.000000 0.929690 0.541660 0.078124 0.166668 0.400979
2.000000 0.714840 0.937495 0.117188 0.250002 0.542258
2.000000 0.890620 0.979165 0.140624 0.375000 0.689291
2.000000 0.804690 0.760420 0.093750 0.229167 0.349419
2.000000 0.929690 0.552085 0.078124 0.187500 0.432463
2.000000 0.714840 0.958330 0.117188 0.250002 0.562287
2.000000 0.886720 0.989590 0.148436 0.354165 0.675478
2.000000 0.804690 0.760420 0.093750 0.229167 0.357774
2.000000 0.925780 0.552085 0.085938 0.187500 0.411506
2.000000 0.707030 0.968755 0.117188 0.270834 0.563312
2.000000 0.804690 0.770830 0.093750 0.208332 0.388069
2.000000 0.925780 0.552085 0.085938 0.187500 0.437378
2.000000 0.703130 0.968755 0.109376 0.270834 0.581988
2.000000 0.925780 0.552085 0.085938 0.187500 0.411327
2.000000 0.796880 0.791665 0.093750 0.208332 0.421048
2.000000 0.699220 0.968755 0.117188 0.270834 0.530581
2.000000 0.921880 0.572920 0.093750 0.187500 0.371829
2.000000 0.796880 0.770830 0.093750 0.208332 0.403747
2.000000 0.695310 0.968755 0.109376 0.270834 0.521184
2.000000 0.570310 0.677080 0.093750 0.187500 0.385935
2.000000 0.976560 0.479170 0.078124 0.166668 0.435853
2.000000 0.738280 0.843745 0.117188 0.312498 0.679951
2.000000 0.949220 0.520840 0.085938 0.208332 0.344474
2.000000 0.671870 0.937495 0.125000 0.333333 0.728142
2.000000 0.925780 0.572920 0.101562 0.187500 0.382627
2.000000 0.796880 0.781255 0.093750 0.229167 0.471959
2.000000 0.691410 0.979165 0.117188 0.291666 0.525207
2.000000 0.921880 0.583330 0.093750 0.208332 0.357805
2.000000 0.789060 0.781255 0.093750 0.229167 0.459348
2.000000 0.925780 0.583330 0.101562 0.208332 0.354060
2.000000 0.789060 0.791665 0.093750 0.208332 0.542025
2.000000 0.921880 0.583330 0.093750 0.208332 0.366600
2.000000 0.785160 0.791665 0.085938 0.208332 0.518306
2.000000 0.917970 0.593755 0.101562 0.187500 0.343499
2.000000 0.785160 0.802090 0.085938 0.229167 0.517085
2.000000 0.917970 0.593755 0.101562 0.187500 0.332606
2.000000 0.781250 0.812500 0.093750 0.208332 0.524971
2.000000 0.570310 0.677080 0.093750 0.145833 0.341522
2.000000 0.914060 0.593755 0.093750 0.187500 0.354811
2.000000 0.777340 0.802090 0.085938 0.229167 0.533660
2.000000 0.914060 0.593755 0.093750 0.187500 0.343740
2.000000 0.773440 0.812500 0.093750 0.208332 0.483371
2.000000 0.769530 0.812500 0.101562 0.208332 0.492179
2.000000 0.570310 0.677080 0.093750 0.145833 0.320818
2.000000 0.765620 0.812500 0.093750 0.208332 0.486871
2.000000 0.570310 0.687505 0.093750 0.166668 0.306280
2.000000 0.949220 0.520840 0.085938 0.208332 0.370299
2.000000 0.667970 0.937495 0.132812 0.333333 0.775300
2.000000 0.769530 0.812500 0.101562 0.208332 0.472895
2.000000 0.761720 0.822910 0.101562 0.187500 0.416180
2.000000 0.757810 0.833335 0.109376 0.208332 0.307985
2.000000 0.910160 0.593755 0.101562 0.187500 0.319238
2.000000 0.570310 0.666670 0.093750 0.166668 0.338005
2.000000 0.757810 0.833335 0.109376 0.208332 0.346739
2.000000 0.910160 0.593755 0.101562 0.187500 0.365625
2.000000 0.910160 0.604165 0.101562 0.208332 0.388135
2.000000 0.570310 0.677080 0.093750 0.145833 0.303696
2.000000 0.906250 0.604165 0.109376 0.208332 0.353881
2.000000 0.750000 0.864580 0.109376 0.229167 0.431444
2.000000 0.570310 0.677080 0.093750 0.145833 0.327048
2.000000 0.906250 0.604165 0.109376 0.208332 0.338091
2.000000 0.746090 0.864580 0.101562 0.229167 0.516257
2.000000 0.996090 0.760420 0.117188 0.270834 0.584923
2.000000 0.570310 0.677080 0.093750 0.145833 0.342831
2.000000 0.906250 0.604165 0.109376 0.208332 0.383237
2.000000 0.742190 0.864580 0.109376 0.229167 0.533492
2.000000 0.996090 0.760420 0.117188 0.270834 0.596174
2.000000 0.570310 0.687505 0.093750 0.166668 0.316297
2.000000 0.906250 0.604165 0.109376 0.208332 0.452853
2.000000 0.742190 0.864580 0.109376 0.229167 0.559683
2.000000 0.996090 0.760420 0.117188 0.270834 0.614475
2.000000 0.570310 0.677080 0.093750 0.145833 0.320191
2.000000 0.898440 0.604165 0.109376 0.208332 0.478837
2.000000 0.738280 0.885415 0.101562 0.229167 0.604515
2.000000 0.988280 0.760420 0.117188 0.270834 0.645525
2.000000 0.664060 0.958330 0.125000 0.333333 0.782438
2.000000 0.570310 0.677080 0.093750 0.145833 0.376542
2.000000 0.906250 0.614590 0.109376 0.229167 0.427858
2.000000 0.730470 0.885415 0.101562 0.229167 0.633915
2.000000 0.988280 0.770830 0.117188 0.291666 0.650757
2.000000 0.570310 0.677080 0.093750 0.145833 0.342785
2.000000 0.902340 0.614590 0.117188 0.229167 0.466043
2.000000 0.730470 0.885415 0.101562 0.229167 0.636245
2.000000 0.984370 0.770830 0.125000 0.291666 0.671488
2.000000 0.570310 0.677080 0.093750 0.145833 0.349221
2.000000 0.898440 0.614590 0.109376 0.229167 0.486819
2.000000 0.726560 0.895840 0.109376 0.250002 0.630084
2.000000 0.984370 0.770830 0.125000 0.291666 0.674976
2.000000 0.570310 0.666670 0.093750 0.166668 0.370593
2.000000 0.894530 0.614590 0.101562 0.229167 0.501461
2.000000 0.726560 0.895840 0.109376 0.250002 0.602535
2.000000 0.984370 0.781255 0.125000 0.312498 0.685542
2.000000 0.996090 0.593755 0.117188 0.270834 0.331190
2.000000 0.570310 0.666670 0.093750 0.166668 0.379725
2.000000 0.894530 0.614590 0.101562 0.229167 0.502176
2.000000 0.726560 0.895840 0.109376 0.250002 0.613835
2.000000 0.984370 0.781255 0.125000 0.312498 0.659619
2.000000 0.992190 0.593755 0.125000 0.270834 0.334334
2.000000 0.574220 0.677080 0.085938 0.145833 0.402335
2.000000 0.894530 0.614590 0.101562 0.229167 0.512560
2.000000 0.980470 0.781255 0.132812 0.312498 0.643508
2.000000 0.722660 0.916660 0.117188 0.250002 0.655155
2.000000 0.992190 0.604165 0.125000 0.250002 0.327636
2.000000 0.574220 0.677080 0.085938 0.145833 0.390689
2.000000 0.894530 0.614590 0.101562 0.229167 0.546948
2.000000 0.718750 0.916660 0.109376 0.250002 0.614850
2.000000 0.980470 0.781255 0.132812 0.312498 0.634536
2.000000 0.988280 0.604165 0.132812 0.250002 0.319788
2.000000 0.574220 0.677080 0.085938 0.145833 0.359550
2.000000 0.890620 0.614590 0.109376 0.229167 0.585889
2.000000 0.710940 0.927085 0.109376 0.270834 0.617535
2.000000 0.980470 0.791665 0.132812 0.333333 0.649710
2.000000 0.570310 0.666670 0.093750 0.166668 0.359309
2.000000 0.710940 0.927085 0.109376 0.270834 0.596043
2.000000 0.890620 0.614590 0.109376 0.229167 0.618293
2.000000 0.976560 0.791665 0.140624 0.333333 0.647212
2.000000 0.570310 0.666670 0.093750 0.166668 0.391946
2.000000 0.707030 0.927085 0.117188 0.270834 0.605306
2.000000 0.886720 0.614590 0.101562 0.229167 0.625393
2.000000 0.972660 0.791665 0.132812 0.333333 0.642640
2.000000 0.660160 0.958330 0.132812 0.333333 0.780450
2.000000 0.570310 0.666670 0.093750 0.166668 0.301783
2.000000 0.703130 0.937495 0.109376 0.250002 0.623061
2.000000 0.886720 0.625000 0.101562 0.250002 0.625844
2.000000 0.968750 0.791665 0.140624 0.333333 0.628225
2.000000 0.976560 0.614590 0.125000 0.270834 0.357616
2.000000 0.968750 0.791665 0.140624 0.333333 0.580673
2.000000 0.699220 0.937495 0.117188 0.250002 0.617620
2.000000 0.878910 0.625000 0.101562 0.250002 0.620222
2.000000 0.976560 0.625000 0.125000 0.250002 0.339899
2.000000 0.964840 0.822910 0.132812 0.312498 0.550767
2.000000 0.875000 0.635410 0.093750 0.229167 0.576545
2.000000 0.695310 0.937495 0.109376 0.250002 0.636221
2.000000 0.976560 0.625000 0.125000 0.250002 0.376795
2.000000 0.960940 0.833335 0.125000 0.291666 0.532658
2.000000 0.875000 0.635410 0.093750 0.229167 0.569154
2.000000 0.695310 0.947920 0.109376 0.270834 0.639712
2.000000 0.976560 0.625000 0.125000 0.250002 0.346379
2.000000 0.875000 0.635410 0.093750 0.229167 0.564508
2.000000 0.960940 0.833335 0.140624 0.333333 0.595802
2.000000 0.687500 0.958330 0.109376 0.250002 0.640770
2.000000 0.976560 0.635410 0.125000 0.270834 0.342307
2.000000 0.679690 0.958330 0.109376 0.250002 0.511993
2.000000 0.957030 0.843745 0.132812 0.312498 0.552490
2.000000 0.875000 0.635410 0.093750 0.229167 0.554476
2.000000 0.972660 0.749995 0.148436 0.375000 0.311999
2.000000 0.976560 0.635410 0.125000 0.270834 0.368945
2.000000 0.875000 0.645835 0.093750 0.250002 0.478833
2.000000 0.953130 0.875005 0.125000 0.250002 0.561877
2.000000 0.683590 0.968755 0.117188 0.270834 0.625726
2.000000 0.976560 0.625000 0.125000 0.250002 0.395679
2.000000 0.875000 0.645835 0.093750 0.250002 0.458971
2.000000 0.675780 0.968755 0.117188 0.270834 0.587441
2.000000 0.953130 0.875005 0.125000 0.291666 0.597247
2.000000 0.976560 0.635410 0.125000 0.270834 0.379726
2.000000 0.867190 0.656245 0.093750 0.229167 0.430515
2.000000 0.949220 0.875005 0.132812 0.291666 0.607151
2.000000 0.671870 0.979165 0.125000 0.291666 0.615983
2.000000 0.972660 0.645835 0.132812 0.291666 0.333156
2.000000 0.863280 0.656245 0.085938 0.229167 0.438212
2.000000 0.949220 0.885415 0.132812 0.270834 0.578896
2.000000 0.667970 0.979165 0.117188 0.291666 0.657347
2.000000 0.945310 0.520840 0.078124 0.208332 0.303154
2.000000 0.660160 0.968755 0.132812 0.354165 0.782146
2.000000 0.968750 0.760420 0.156250 0.395832 0.303642
2.000000 0.972660 0.635410 0.132812 0.270834 0.347570
2.000000 0.867190 0.656245 0.093750 0.229167 0.482037
2.000000 0.949220 0.895840 0.132812 0.291666 0.599385
2.000000 0.667970 0.979165 0.117188 0.291666 0.673688
2.000000 0.968750 0.645835 0.125000 0.250002 0.307866
2.000000 0.867190 0.656245 0.093750 0.229167 0.521752
2.000000 0.941410 0.885415 0.132812 0.312498 0.598597
2.000000 0.968750 0.645835 0.125000 0.250002 0.316630
2.000000 0.957030 0.770830 0.148436 0.416667 0.369443
2.000000 0.863280 0.656245 0.101562 0.229167 0.523003
2.000000 0.941410 0.885415 0.132812 0.312498 0.628405
2.000000 0.968750 0.645835 0.125000 0.250002 0.336249
2.000000 0.957030 0.749995 0.148436 0.375000 0.366675
2.000000 0.863280 0.656245 0.101562 0.229167 0.529267
2.000000 0.937500 0.895840 0.140624 0.333333 0.625929
2.000000 0.968750 0.645835 0.125000 0.250002 0.308711
2.000000 0.957030 0.739585 0.148436 0.354165 0.362790
2.000000 0.863280 0.666670 0.101562 0.250002 0.530663
2.000000 0.937500 0.895840 0.140624 0.333333 0.616016
2.000000 0.957030 0.729160 0.148436 0.333333 0.353072
2.000000 0.863280 0.666670 0.101562 0.250002 0.547493
2.000000 0.933590 0.895840 0.148436 0.333333 0.644269
2.000000 0.953130 0.729160 0.140624 0.291666 0.340734
2.000000 0.851560 0.677080 0.093750 0.229167 0.502655
2.000000 0.929690 0.906250 0.140624 0.312498 0.624390
2.000000 0.957030 0.645835 0.117188 0.250002 0.353756
2.000000 0.851560 0.677080 0.093750 0.229167 0.541200
2.000000 0.933590 0.916660 0.148436 0.333333 0.656651
2.000000 0.953130 0.729160 0.125000 0.291666 0.353151
2.000000 0.847660 0.697915 0.085938 0.229167 0.472641
2.000000 0.925780 0.916660 0.148436 0.333333 0.659369
2.000000 0.957030 0.739585 0.132812 0.312498 0.330071
2.000000 0.843750 0.697915 0.093750 0.229167 0.487801
2.000000 0.921880 0.937495 0.140624 0.333333 0.641742
2.000000 0.945310 0.520840 0.078124 0.208332 0.362685
2.000000 0.656250 0.979165 0.140624 0.333333 0.800697
2.000000 0.957030 0.739585 0.132812 0.312498 0.342655
2.000000 0.843750 0.697915 0.093750 0.229167 0.470573
2.000000 0.917970 0.937495 0.148436 0.333333 0.661721
2.000000 0.953130 0.749995 0.140624 0.333333 0.336334
2.000000 0.843750 0.708340 0.093750 0.250002 0.477753
2.000000 0.914060 0.958330 0.140624 0.333333 0.683162
2.000000 0.937500 0.729160 0.156250 0.291666 0.328582
2.000000 0.843750 0.708340 0.093750 0.250002 0.512721
2.000000 0.914060 0.947920 0.140624 0.354165 0.641079
2.000000 0.945310 0.729160 0.140624 0.291666 0.371695
2.000000 0.839840 0.708340 0.101562 0.250002 0.515774
2.000000 0.914060 0.968755 0.156250 0.354165 0.657904
2.000000 0.945310 0.729160 0.140624 0.291666 0.385224
2.000000 0.839840 0.708340 0.101562 0.250002 0.538368
2.000000 0.914060 0.968755 0.156250 0.354165 0.683578
2.000000 0.949220 0.729160 0.148436 0.291666 0.406798
2.000000 0.839840 0.708340 0.101562 0.250002 0.524277
2.000000 0.906250 0.968755 0.156250 0.354165 0.676827
2.000000 0.945310 0.729160 0.140624 0.291666 0.403399
2.000000 0.835940 0.697915 0.093750 0.229167 0.500000
2.000000 0.902340 0.968755 0.148436 0.354165 0.654977
2.000000 0.832030 0.718750 0.085938 0.229167 0.395835
2.000000 0.945310 0.749995 0.140624 0.291666 0.419935
2.000000 0.902340 0.968755 0.148436 0.354165 0.632285
2.000000 0.828120 0.718750 0.093750 0.229167 0.366130
2.000000 0.941410 0.760420 0.148436 0.312498 0.398715
2.000000 0.894530 0.979165 0.148436 0.375000 0.571490
2.000000 0.828120 0.718750 0.093750 0.229167 0.340381
2.000000 0.941410 0.760420 0.132812 0.270834 0.399466
2.000000 0.945310 0.520840 0.078124 0.208332 0.365874
2.000000 0.652340 0.989590 0.148436 0.354165 0.804128
2.000000 0.824220 0.718750 0.085938 0.229167 0.339034
2.000000 0.933590 0.749995 0.132812 0.250002 0.419804
2.000000 0.824220 0.718750 0.085938 0.229167 0.342469
2.000000 0.933590 0.749995 0.132812 0.250002 0.445143
2.000000 0.820310 0.729160 0.093750 0.250002 0.319967
2.000000 0.933590 0.760420 0.132812 0.270834 0.423718
2.000000 0.820310 0.729160 0.093750 0.250002 0.300903
2.000000 0.933590 0.770830 0.132812 0.291666 0.390966
2.000000 0.820310 0.729160 0.093750 0.250002 0.333610
2.000000 0.910160 0.875005 0.164062 0.375000 0.337611
2.000000 0.929690 0.770830 0.125000 0.291666 0.424245
2.000000 0.816410 0.739585 0.101562 0.270834 0.330726
2.000000 0.925780 0.791665 0.132812 0.291666 0.437062
2.000000 0.812500 0.760420 0.093750 0.270834 0.344204
2.000000 0.921880 0.822910 0.156250 0.354165 0.454952
2.000000 0.812500 0.760420 0.093750 0.270834 0.318304
2.000000 0.917970 0.802090 0.148436 0.312498 0.430194
2.000000 0.917970 0.812500 0.148436 0.333333 0.469366
2.000000 0.914060 0.833335 0.156250 0.375000 0.400204
2.000000 0.941410 0.531250 0.085938 0.187500 0.464560
2.000000 0.652340 0.989590 0.148436 0.354165 0.776391
2.000000 0.914060 0.822910 0.156250 0.354165 0.419663
2.000000 0.914060 0.822910 0.156250 0.354165 0.402296
2.000000 0.796880 0.770830 0.093750 0.250002 0.317269
2.000000 0.906250 0.822910 0.140624 0.354165 0.372381
2.000000 0.902340 0.833335 0.148436 0.333333 0.363750
2.000000 0.902340 0.833335 0.148436 0.333333 0.380753
2.000000 0.789060 0.791665 0.093750 0.250002 0.350156
2.000000 0.902340 0.843745 0.148436 0.354165 0.461100
2.000000 0.789060 0.791665 0.093750 0.250002 0.352044
2.000000 0.898440 0.864580 0.156250 0.354165 0.442167
2.000000 0.785160 0.791665 0.101562 0.250002 0.369126
2.000000 0.898440 0.875005 0.156250 0.333333 0.469306
2.000000 0.785160 0.802090 0.101562 0.229167 0.365137
2.000000 0.898440 0.895840 0.156250 0.375000 0.452912
2.000000 0.781250 0.802090 0.093750 0.229167 0.332165
2.000000 0.894530 0.875005 0.148436 0.333333 0.407372
2.000000 0.941410 0.541660 0.085938 0.208332 0.539866
2.000000 0.996090 0.729160 0.117188 0.208332 0.561100
2.000000 0.773440 0.802090 0.093750 0.229167 0.332034
2.000000 0.894530 0.906250 0.164062 0.354165 0.458951
2.000000 0.773440 0.812500 0.093750 0.250002 0.342007
2.000000 0.890620 0.927085 0.171876 0.395832 0.466642
2.000000 0.773440 0.812500 0.093750 0.250002 0.346470
2.000000 0.890620 0.937495 0.171876 0.416667 0.461659
2.000000 0.765620 0.822910 0.093750 0.229167 0.329887
2.000000 0.886720 0.937495 0.164062 0.375000 0.453836
2.000000 0.765620 0.812500 0.093750 0.250002 0.334944
2.000000 0.882810 0.937495 0.171876 0.375000 0.445504
2.000000 0.765620 0.812500 0.093750 0.250002 0.372305
2.000000 0.878910 0.927085 0.179688 0.354165 0.408299
2.000000 0.761720 0.833335 0.101562 0.250002 0.325057
2.000000 0.878910 0.916660 0.179688 0.333333 0.429972
2.000000 0.757810 0.833335 0.093750 0.250002 0.316195
2.000000 0.875000 0.958330 0.187500 0.416667 0.421598
2.000000 0.867190 0.989590 0.187500 0.437502 0.388645
2.000000 0.992190 0.739585 0.109376 0.187500 0.579058
2.000000 0.937500 0.541660 0.093750 0.208332 0.592880
2.000000 0.750000 0.875005 0.093750 0.291666 0.322852
2.000000 0.746090 0.875005 0.101562 0.291666 0.334550
2.000000 0.746090 0.875005 0.101562 0.291666 0.349742
2.000000 0.746090 0.875005 0.101562 0.291666 0.383786
2.000000 0.738280 0.885415 0.101562 0.270834 0.354869
2.000000 0.738280 0.895840 0.101562 0.291666 0.411588
2.000000 0.734370 0.895840 0.093750 0.291666 0.390281
2.000000 0.730470 0.906250 0.101562 0.270834 0.425516
2.000000 0.730470 0.895840 0.117188 0.291666 0.411571
2.000000 0.570310 0.677080 0.093750 0.187500 0.400194
2.000000 0.976560 0.479170 0.078124 0.166668 0.433689
2.000000 0.738280 0.843745 0.117188 0.312498 0.720766
2.000000 0.937500 0.541660 0.093750 0.208332 0.599980
2.000000 0.996090 0.729160 0.101562 0.208332 0.600563
2.000000 0.937500 0.541660 0.093750 0.208332 0.584003
2.000000 0.992190 0.739585 0.093750 0.187500 0.634916
2.000000 0.933590 0.541660 0.085938 0.208332 0.593737
2.000000 0.992190 0.749995 0.093750 0.208332 0.601973
2.000000 0.996090 0.458335 0.085938 0.166668 0.319251
2.000000 0.929690 0.541660 0.078124 0.208332 0.607031
2.000000 0.988280 0.749995 0.101562 0.208332 0.621940
2.000000 0.996090 0.468745 0.085938 0.187500 0.339904
2.000000 0.929690 0.541660 0.078124 0.208332 0.572187
2.000000 0.988280 0.760420 0.101562 0.187500 0.621032
2.000000 0.992190 0.479170 0.093750 0.208332 0.352825
2.000000 0.925780 0.541660 0.085938 0.208332 0.540973
2.000000 0.988280 0.770830 0.101562 0.208332 0.649606
2.000000 0.992190 0.468745 0.093750 0.187500 0.381920
2.000000 0.925780 0.541660 0.085938 0.208332 0.543415
2.000000 0.984370 0.770830 0.093750 0.208332 0.632904
2.000000 0.988280 0.479170 0.085938 0.166668 0.347631
2.000000 0.925780 0.552085 0.085938 0.229167 0.562003
2.000000 0.984370 0.770830 0.093750 0.208332 0.638164
2.000000 0.992190 0.458335 0.093750 0.166668 0.371234
2.000000 0.921880 0.562495 0.078124 0.208332 0.605200
2.000000 0.980470 0.791665 0.101562 0.208332 0.641338
2.000000 0.988280 0.458335 0.085938 0.166668 0.372236
2.000000 0.921880 0.562495 0.078124 0.208332 0.607035
2.000000 0.980470 0.791665 0.101562 0.208332 0.657153
2.000000 0.976560 0.479170 0.093750 0.166668 0.384037
2.000000 0.570310 0.677080 0.093750 0.187500 0.417406
2.000000 0.734370 0.843745 0.109376 0.312498 0.654726
2.000000 0.988280 0.468745 0.085938 0.187500 0.366764
2.000000 0.917970 0.562495 0.085938 0.208332 0.544718
2.000000 0.980470 0.791665 0.101562 0.208332 0.675240
2.000000 0.988280 0.479170 0.085938 0.166668 0.373483
2.000000 0.917970 0.562495 0.085938 0.208332 0.547095
2.000000 0.980470 0.791665 0.101562 0.208332 0.687405
2.000000 0.988280 0.479170 0.085938 0.166668 0.404422
2.000000 0.917970 0.562495 0.085938 0.208332 0.512344
2.000000 0.980470 0.791665 0.101562 0.208332 0.695650
2.000000 0.988280 0.489580 0.085938 0.187500 0.392134
2.000000 0.917970 0.572920 0.085938 0.229167 0.433154
2.000000 0.972660 0.812500 0.101562 0.208332 0.696246
2.000000 0.574220 0.656245 0.101562 0.187500 0.318807
2.000000 0.984370 0.479170 0.093750 0.166668 0.364945
2.000000 0.914060 0.572920 0.078124 0.229167 0.393633
2.000000 0.972660 0.812500 0.101562 0.208332 0.713960
2.000000 0.984370 0.479170 0.093750 0.166668 0.366466
2.000000 0.910160 0.572920 0.085938 0.229167 0.414767
2.000000 0.972660 0.822910 0.101562 0.187500 0.690941
2.000000 0.574220 0.666670 0.101562 0.208332 0.301191
2.000000 0.984370 0.479170 0.093750 0.166668 0.389772
2.000000 0.910160 0.572920 0.085938 0.229167 0.390156
2.000000 0.968750 0.822910 0.109376 0.187500 0.688557
2.000000 0.574220 0.666670 0.101562 0.208332 0.340702
2.000000 0.984370 0.479170 0.093750 0.166668 0.367178
2.000000 0.910160 0.583330 0.085938 0.250002 0.373329
2.000000 0.968750 0.833335 0.109376 0.208332 0.655464
2.000000 0.574220 0.666670 0.101562 0.208332 0.311117
2.000000 0.984370 0.479170 0.093750 0.166668 0.317768
2.000000 0.902340 0.593755 0.085938 0.229167 0.359412
2.000000 0.968750 0.833335 0.109376 0.208332 0.663437
2.000000 0.574220 0.666670 0.101562 0.208332 0.313212
2.000000 0.984370 0.479170 0.093750 0.166668 0.317504
2.000000 0.964840 0.833335 0.117188 0.208332 0.640041
2.000000 0.972660 0.479170 0.085938 0.166668 0.381629
2.000000 0.574220 0.677080 0.101562 0.187500 0.467553
2.000000 0.730470 0.864580 0.117188 0.312498 0.654291
2.000000 0.984370 0.479170 0.093750 0.166668 0.334524
2.000000 0.902340 0.583330 0.085938 0.250002 0.374534
2.000000 0.964840 0.833335 0.117188 0.208332 0.661139
2.000000 0.574220 0.656245 0.101562 0.187500 0.325091
2.000000 0.898440 0.593755 0.078124 0.229167 0.348980
2.000000 0.976560 0.489580 0.093750 0.145833 0.376231
2.000000 0.960940 0.854170 0.125000 0.208332 0.702209
2.000000 0.574220 0.656245 0.101562 0.187500 0.334824
2.000000 0.976560 0.500005 0.093750 0.166668 0.368760
2.000000 0.898440 0.593755 0.078124 0.229167 0.372644
2.000000 0.960940 0.854170 0.125000 0.208332 0.697368
2.000000 0.574220 0.666670 0.101562 0.208332 0.351174
2.000000 0.972660 0.500005 0.101562 0.166668 0.393125
2.000000 0.894530 0.593755 0.085938 0.229167 0.410084
2.000000 0.957030 0.864580 0.117188 0.229167 0.726767
2.000000 0.574220 0.666670 0.101562 0.208332 0.364356
2.000000 0.968750 0.500005 0.093750 0.166668 0.424710
2.000000 0.894530 0.604165 0.085938 0.250002 0.458429
2.000000 0.953130 0.864580 0.109376 0.229167 0.780058
2.000000 0.968750 0.500005 0.093750 0.166668 0.400099
2.000000 0.894530 0.614590 0.085938 0.229167 0.539502
2.000000 0.953130 0.875005 0.125000 0.208332 0.782838
2.000000 0.968750 0.500005 0.093750 0.166668 0.428018
2.000000 0.886720 0.614590 0.085938 0.229167 0.519503
2.000000 0.945310 0.875005 0.125000 0.208332 0.787893
2.000000 0.968750 0.500005 0.093750 0.166668 0.399907
2.000000 0.886720 0.625000 0.085938 0.250002 0.507537
2.000000 0.945310 0.885415 0.125000 0.229167 0.792909
2.000000 0.574220 0.677080 0.101562 0.187500 0.312289
2.000000 0.964840 0.500005 0.085938 0.166668 0.387496
2.000000 0.886720 0.625000 0.085938 0.250002 0.527538
2.000000 0.941410 0.885415 0.132812 0.229167 0.791357
2.000000 0.574220 0.677080 0.101562 0.187500 0.316218
2.000000 0.960940 0.500005 0.078124 0.166668 0.360967
2.000000 0.882810 0.625000 0.093750 0.250002 0.506232
2.000000 0.941410 0.885415 0.132812 0.229167 0.793878
2.000000 0.570310 0.677080 0.093750 0.187500 0.388413
2.000000 0.972660 0.479170 0.085938 0.166668 0.408978
2.000000 0.730470 0.864580 0.117188 0.312498 0.600487
2.000000 0.968750 0.510415 0.093750 0.145833 0.331272
2.000000 0.574220 0.677080 0.101562 0.187500 0.364948
2.000000 0.882810 0.625000 0.093750 0.250002 0.518376
2.000000 0.941410 0.885415 0.132812 0.229167 0.793044
2.000000 0.574220 0.656245 0.101562 0.187500 0.330506
2.000000 0.964840 0.520840 0.085938 0.166668 0.345437
2.000000 0.882810 0.625000 0.093750 0.250002 0.573094
2.000000 0.937500 0.895840 0.140624 0.250002 0.796030
2.000000 0.968750 0.520840 0.093750 0.166668 0.346130
2.000000 0.878910 0.625000 0.085938 0.250002 0.596797
2.000000 0.937500 0.906250 0.140624 0.229167 0.782010
2.000000 0.574220 0.656245 0.101562 0.187500 0.310289
2.000000 0.960940 0.520840 0.093750 0.166668 0.337683
2.000000 0.875000 0.625000 0.093750 0.250002 0.569470
2.000000 0.937500 0.916660 0.140624 0.250002 0.787203
2.000000 0.574220 0.656245 0.101562 0.187500 0.323835
2.000000 0.875000 0.625000 0.093750 0.250002 0.576961
2.000000 0.937500 0.927085 0.140624 0.270834 0.787282
2.000000 0.875000 0.635410 0.093750 0.270834 0.547833
2.000000 0.933590 0.937495 0.132812 0.250002 0.798331
2.000000 0.871090 0.645835 0.085938 0.250002 0.553150
2.000000 0.925780 0.947920 0.132812 0.270834 0.795889
2.000000 0.867190 0.645835 0.093750 0.250002 0.547876
2.000000 0.921880 0.947920 0.140624 0.270834 0.793454
2.000000 0.867190 0.645835 0.093750 0.250002 0.547323
2.000000 0.921880 0.947920 0.140624 0.270834 0.787761
2.000000 0.867190 0.645835 0.093750 0.250002 0.529286
2.000000 0.921880 0.947920 0.140624 0.270834 0.779140
2.000000 0.964840 0.489580 0.085938 0.187500 0.453469
2.000000 0.722660 0.864580 0.117188 0.312498 0.671789
2.000000 0.863280 0.645835 0.085938 0.250002 0.535728
2.000000 0.917970 0.958330 0.132812 0.291666 0.768285
2.000000 0.863280 0.645835 0.085938 0.250002 0.569237
2.000000 0.910160 0.968755 0.148436 0.270834 0.760571
2.000000 0.859380 0.656245 0.093750 0.270834 0.587125
2.000000 0.906250 0.968755 0.156250 0.270834 0.760672
2.000000 0.859380 0.666670 0.093750 0.250002 0.589876
2.000000 0.906250 0.979165 0.156250 0.291666 0.747228
2.000000 0.859380 0.666670 0.093750 0.250002 0.571438
2.000000 0.898440 0.989590 0.156250 0.270834 0.770680
2.000000 0.851560 0.666670 0.093750 0.250002 0.601950
2.000000 0.851560 0.666670 0.093750 0.250002 0.626286
2.000000 0.929690 0.583330 0.093750 0.166668 0.429447
2.000000 0.847660 0.687505 0.101562 0.250002 0.590263
2.000000 0.929690 0.583330 0.093750 0.166668 0.437281
2.000000 0.847660 0.677080 0.101562 0.270834 0.579913
2.000000 0.929690 0.583330 0.093750 0.166668 0.448355
2.000000 0.839840 0.677080 0.101562 0.270834 0.606494
2.000000 0.964840 0.489580 0.085938 0.187500 0.472487
2.000000 0.722660 0.864580 0.117188 0.312498 0.517244
2.000000 0.929690 0.583330 0.093750 0.166668 0.430151
2.000000 0.839840 0.677080 0.101562 0.270834 0.613314
2.000000 0.929690 0.583330 0.093750 0.166668 0.415730
2.000000 0.839840 0.677080 0.101562 0.270834 0.604147
2.000000 0.929690 0.583330 0.093750 0.166668 0.437087
2.000000 0.835940 0.677080 0.093750 0.270834 0.573843
2.000000 0.925780 0.593755 0.101562 0.187500 0.442113
2.000000 0.832030 0.677080 0.101562 0.270834 0.560538
2.000000 0.921880 0.593755 0.093750 0.187500 0.437638
2.000000 0.832030 0.677080 0.101562 0.270834 0.560852
2.000000 0.921880 0.604165 0.109376 0.208332 0.424548
2.000000 0.828120 0.687505 0.109376 0.291666 0.563296
2.000000 0.921880 0.572920 0.109376 0.187500 0.355996
2.000000 0.914060 0.635410 0.093750 0.187500 0.405638
2.000000 0.824220 0.697915 0.101562 0.270834 0.500290
2.000000 0.914060 0.635410 0.093750 0.187500 0.429259
2.000000 0.824220 0.697915 0.101562 0.270834 0.513882
2.000000 0.921880 0.572920 0.109376 0.187500 0.334088
2.000000 0.914060 0.635410 0.093750 0.187500 0.426172
2.000000 0.820310 0.697915 0.109376 0.270834 0.502241
2.000000 0.914060 0.635410 0.093750 0.187500 0.429637
2.000000 0.816410 0.718750 0.101562 0.270834 0.497117
2.000000 0.570310 0.697915 0.093750 0.187500 0.324802
2.000000 0.960940 0.489580 0.078124 0.187500 0.523566
2.000000 0.718750 0.885415 0.125000 0.312498 0.549511
2.000000 0.910160 0.635410 0.101562 0.187500 0.476934
2.000000 0.816410 0.718750 0.101562 0.270834 0.500321
2.000000 0.914060 0.635410 0.093750 0.187500 0.516935
2.000000 0.816410 0.718750 0.101562 0.270834 0.593915
2.000000 0.910160 0.625000 0.101562 0.166668 0.545800
2.000000 0.812500 0.718750 0.109376 0.270834 0.588564
2.000000 0.910160 0.625000 0.101562 0.166668 0.566151
2.000000 0.808590 0.729160 0.117188 0.291666 0.576327
2.000000 0.910160 0.625000 0.101562 0.166668 0.538233
2.000000 0.808590 0.729160 0.117188 0.291666 0.539390
2.000000 0.906250 0.625000 0.093750 0.166668 0.491229
2.000000 0.808590 0.729160 0.117188 0.291666 0.503227
2.000000 0.906250 0.645835 0.093750 0.166668 0.431180
2.000000 0.800780 0.729160 0.117188 0.291666 0.522411
2.000000 0.910160 0.666670 0.101562 0.166668 0.348302
2.000000 0.800780 0.729160 0.117188 0.291666 0.559533
2.000000 0.906250 0.666670 0.093750 0.166668 0.356265
2.000000 0.800780 0.739585 0.117188 0.312498 0.578762
2.000000 0.902340 0.666670 0.101562 0.166668 0.369596
2.000000 0.792970 0.739585 0.117188 0.312498 0.557655
