2.000000 0.031250 0.635410 0.078124 0.187500 0.598720
2.000000 0.628910 0.947920 0.132812 0.395832 0.659645
2.000000 0.156250 0.333340 0.078124 0.166668 0.305368
2.000000 0.023440 0.666670 0.093750 0.166668 0.568111
2.000000 0.613280 0.895840 0.132812 0.375000 0.708796
2.000000 0.070310 0.562495 0.093750 0.166668 0.413405
2.000000 0.375000 0.656245 0.093750 0.270834 0.460191
2.000000 0.527340 0.552085 0.101562 0.354165 0.462268
2.000000 0.070310 0.562495 0.093750 0.166668 0.411519
2.000000 0.527340 0.572920 0.101562 0.312498 0.513952
2.000000 0.375000 0.656245 0.093750 0.270834 0.524353
2.000000 0.070310 0.572920 0.093750 0.187500 0.440953
2.000000 0.527340 0.572920 0.101562 0.312498 0.525017
2.000000 0.375000 0.656245 0.093750 0.270834 0.528843
2.000000 0.066410 0.562495 0.101562 0.208332 0.416400
2.000000 0.527340 0.593755 0.101562 0.270834 0.551474
2.000000 0.375000 0.645835 0.093750 0.291666 0.567407
2.000000 0.066410 0.552085 0.101562 0.187500 0.412683
2.000000 0.527340 0.562495 0.101562 0.291666 0.539473
2.000000 0.375000 0.635410 0.093750 0.270834 0.615435
2.000000 0.066410 0.552085 0.101562 0.187500 0.398835
2.000000 0.527340 0.562495 0.101562 0.291666 0.537435
2.000000 0.375000 0.635410 0.093750 0.270834 0.641605
2.000000 0.062500 0.552085 0.093750 0.187500 0.364514
2.000000 0.527340 0.562495 0.101562 0.291666 0.519853
2.000000 0.375000 0.635410 0.093750 0.270834 0.621187
2.000000 0.054690 0.562495 0.093750 0.208332 0.366833
2.000000 0.527340 0.572920 0.101562 0.270834 0.562548
2.000000 0.375000 0.635410 0.093750 0.270834 0.613631
2.000000 0.054690 0.562495 0.093750 0.208332 0.356058
2.000000 0.527340 0.572920 0.101562 0.270834 0.602223
2.000000 0.375000 0.635410 0.093750 0.270834 0.609135
2.000000 0.054690 0.562495 0.093750 0.208332 0.380336
2.000000 0.375000 0.625000 0.093750 0.250002 0.619667
2.000000 0.527340 0.572920 0.101562 0.270834 0.627265
2.000000 0.023440 0.677080 0.093750 0.145833 0.622891
2.000000 0.613280 0.895840 0.132812 0.375000 0.676093
2.000000 0.054690 0.562495 0.093750 0.208332 0.408757
2.000000 0.527340 0.572920 0.101562 0.270834 0.621075
2.000000 0.375000 0.625000 0.093750 0.250002 0.625723
2.000000 0.050780 0.562495 0.085938 0.208332 0.399343
2.000000 0.527340 0.552085 0.101562 0.270834 0.612040
2.000000 0.375000 0.614590 0.093750 0.270834 0.612441
2.000000 0.050780 0.572920 0.085938 0.187500 0.389099
2.000000 0.371090 0.625000 0.085938 0.250002 0.577037
2.000000 0.527340 0.552085 0.101562 0.270834 0.611857
2.000000 0.050780 0.583330 0.085938 0.208332 0.370701
2.000000 0.371090 0.625000 0.085938 0.250002 0.590928
2.000000 0.523440 0.552085 0.093750 0.270834 0.621925
2.000000 0.046870 0.583330 0.078124 0.208332 0.373176
2.000000 0.371090 0.625000 0.085938 0.250002 0.587420
2.000000 0.523440 0.552085 0.093750 0.270834 0.614885
2.000000 0.046870 0.614590 0.078124 0.187500 0.424909
2.000000 0.371090 0.625000 0.085938 0.250002 0.550882
2.000000 0.519530 0.552085 0.101562 0.270834 0.589057
2.000000 0.113280 0.427090 0.070312 0.229167 0.334013
2.000000 0.046870 0.614590 0.078124 0.187500 0.470843
2.000000 0.371090 0.614590 0.085938 0.229167 0.573139
2.000000 0.523440 0.552085 0.093750 0.270834 0.586100
2.000000 0.113280 0.427090 0.070312 0.187500 0.324267
2.000000 0.042970 0.604165 0.085938 0.208332 0.492854
2.000000 0.371090 0.614590 0.085938 0.229167 0.577353
2.000000 0.523440 0.552085 0.093750 0.270834 0.599667
2.000000 0.113280 0.437500 0.070312 0.208332 0.342475
2.000000 0.042970 0.614590 0.085938 0.187500 0.509153
2.000000 0.371090 0.614590 0.085938 0.229167 0.544391
2.000000 0.519530 0.552085 0.101562 0.270834 0.610016
2.000000 0.113280 0.437500 0.070312 0.208332 0.338959
2.000000 0.371090 0.614590 0.085938 0.229167 0.573346
2.000000 0.039060 0.625000 0.093750 0.208332 0.589815
2.000000 0.519530 0.531250 0.101562 0.270834 0.627959
2.000000 0.023440 0.666670 0.093750 0.166668 0.614430
2.000000 0.609380 0.895840 0.140624 0.375000 0.700752
2.000000 0.113280 0.437500 0.070312 0.208332 0.380076
2.000000 0.039060 0.625000 0.093750 0.208332 0.575453
2.000000 0.371090 0.614590 0.085938 0.229167 0.589932
2.000000 0.519530 0.531250 0.101562 0.270834 0.623675
2.000000 0.109380 0.437500 0.078124 0.208332 0.403348
2.000000 0.371090 0.593755 0.085938 0.229167 0.454216
2.000000 0.515620 0.520840 0.093750 0.291666 0.597846
2.000000 0.039060 0.625000 0.093750 0.208332 0.646250
2.000000 0.109380 0.437500 0.078124 0.208332 0.379050
2.000000 0.371090 0.583330 0.085938 0.250002 0.485495
2.000000 0.515620 0.531250 0.093750 0.270834 0.619299
2.000000 0.039060 0.645835 0.093750 0.208332 0.628602
2.000000 0.109380 0.447910 0.078124 0.187500 0.360786
2.000000 0.371090 0.583330 0.085938 0.250002 0.445448
2.000000 0.515620 0.520840 0.093750 0.291666 0.604305
2.000000 0.035160 0.645835 0.101562 0.208332 0.608491
2.000000 0.109380 0.447910 0.078124 0.229167 0.368485
2.000000 0.371090 0.572920 0.085938 0.270834 0.462459
2.000000 0.031250 0.645835 0.093750 0.208332 0.596567
2.000000 0.515620 0.520840 0.093750 0.291666 0.613749
2.000000 0.109380 0.458335 0.078124 0.208332 0.366475
2.000000 0.371090 0.572920 0.085938 0.270834 0.479188
2.000000 0.031250 0.645835 0.093750 0.208332 0.584495
2.000000 0.515620 0.520840 0.093750 0.291666 0.598925
2.000000 0.109380 0.458335 0.078124 0.208332 0.362559
2.000000 0.371090 0.552085 0.085938 0.270834 0.501721
2.000000 0.031250 0.645835 0.093750 0.208332 0.601616
2.000000 0.515620 0.520840 0.093750 0.291666 0.614930
2.000000 0.109380 0.458335 0.078124 0.208332 0.361317
2.000000 0.371090 0.552085 0.085938 0.270834 0.522647
2.000000 0.031250 0.645835 0.093750 0.208332 0.579808
2.000000 0.515620 0.510415 0.093750 0.270834 0.609277
2.000000 0.109380 0.479170 0.078124 0.208332 0.376374
2.000000 0.371090 0.552085 0.085938 0.270834 0.516618
2.000000 0.031250 0.645835 0.093750 0.208332 0.534866
2.000000 0.515620 0.520840 0.093750 0.291666 0.596170
2.000000 0.109380 0.468745 0.078124 0.187500 0.406188
2.000000 0.371090 0.552085 0.085938 0.270834 0.522335
2.000000 0.027340 0.656245 0.085938 0.187500 0.534849
2.000000 0.515620 0.500005 0.093750 0.291666 0.597116
2.000000 0.015620 0.687505 0.093750 0.166668 0.621709
2.000000 0.609380 0.885415 0.140624 0.395832 0.702554
2.000000 0.109380 0.458335 0.078124 0.208332 0.407120
2.000000 0.027340 0.666670 0.101562 0.208332 0.515761
2.000000 0.371090 0.552085 0.085938 0.270834 0.522691
2.000000 0.515620 0.500005 0.093750 0.291666 0.599613
2.000000 0.109380 0.458335 0.078124 0.208332 0.415996
2.000000 0.371090 0.552085 0.085938 0.270834 0.523550
2.000000 0.023440 0.666670 0.093750 0.208332 0.533765
2.000000 0.515620 0.510415 0.093750 0.270834 0.612515
2.000000 0.109380 0.468745 0.078124 0.187500 0.412245
2.000000 0.023440 0.666670 0.093750 0.208332 0.499710
2.000000 0.371090 0.541660 0.085938 0.291666 0.502607
2.000000 0.515620 0.510415 0.093750 0.270834 0.608211
2.000000 0.105470 0.479170 0.085938 0.208332 0.419167
2.000000 0.023440 0.666670 0.093750 0.208332 0.485853
2.000000 0.371090 0.541660 0.085938 0.291666 0.489547
2.000000 0.511720 0.510415 0.085938 0.270834 0.611579
2.000000 0.101560 0.479170 0.078124 0.208332 0.424594
2.000000 0.371090 0.531250 0.085938 0.270834 0.486830
2.000000 0.019530 0.666670 0.085938 0.208332 0.492329
2.000000 0.515620 0.500005 0.093750 0.291666 0.585541
2.000000 0.101560 0.468745 0.078124 0.229167 0.464380
2.000000 0.371090 0.531250 0.085938 0.270834 0.469358
2.000000 0.015620 0.666670 0.093750 0.208332 0.497876
2.000000 0.515620 0.510415 0.093750 0.270834 0.545086
2.000000 0.101560 0.468745 0.078124 0.229167 0.471549
2.000000 0.015620 0.677080 0.093750 0.229167 0.500419
2.000000 0.371090 0.531250 0.085938 0.270834 0.503303
2.000000 0.515620 0.510415 0.093750 0.270834 0.547915
2.000000 0.101560 0.479170 0.078124 0.208332 0.470530
2.000000 0.371090 0.531250 0.085938 0.270834 0.490354
2.000000 0.015620 0.677080 0.093750 0.229167 0.504007
2.000000 0.515620 0.510415 0.093750 0.270834 0.529539
2.000000 0.101560 0.479170 0.078124 0.208332 0.480758
2.000000 0.367190 0.531250 0.078124 0.270834 0.481232
2.000000 0.011720 0.677080 0.101562 0.229167 0.510528
2.000000 0.511720 0.510415 0.101562 0.270834 0.549487
2.000000 0.367190 0.531250 0.078124 0.270834 0.493876
2.000000 0.097660 0.489580 0.085938 0.229167 0.506277
2.000000 0.511720 0.510415 0.101562 0.270834 0.560713
2.000000 0.007810 0.677080 0.093750 0.229167 0.574212
2.000000 0.015620 0.687505 0.093750 0.166668 0.626383
2.000000 0.605470 0.885415 0.132812 0.395832 0.733010
2.000000 0.367190 0.531250 0.078124 0.270834 0.464670
2.000000 0.097660 0.489580 0.085938 0.229167 0.498226
2.000000 0.507810 0.510415 0.093750 0.270834 0.565014
2.000000 0.007810 0.687505 0.093750 0.250002 0.587983
2.000000 0.371090 0.520840 0.085938 0.250002 0.462391
2.000000 0.097660 0.489580 0.085938 0.229167 0.526089
2.000000 0.007810 0.687505 0.093750 0.250002 0.569977
2.000000 0.511720 0.500005 0.101562 0.250002 0.575195
2.000000 0.371090 0.520840 0.085938 0.250002 0.443177
2.000000 0.097660 0.479170 0.085938 0.250002 0.521941
2.000000 0.003910 0.687505 0.101562 0.250002 0.566944
2.000000 0.511720 0.500005 0.101562 0.250002 0.572431
2.000000 0.371090 0.520840 0.085938 0.250002 0.440289
2.000000 0.097660 0.489580 0.085938 0.229167 0.537676
2.000000 0.003910 0.687505 0.101562 0.250002 0.547502
2.000000 0.511720 0.500005 0.101562 0.250002 0.589898
2.000000 0.371090 0.510415 0.085938 0.270834 0.394213
2.000000 0.003910 0.697915 0.101562 0.270834 0.530629
2.000000 0.089840 0.489580 0.085938 0.229167 0.533351
2.000000 0.507810 0.500005 0.093750 0.250002 0.578561
2.000000 0.371090 0.500005 0.085938 0.291666 0.358453
2.000000 0.089840 0.489580 0.085938 0.229167 0.510213
2.000000 0.511720 0.500005 0.101562 0.250002 0.599504
2.000000 0.371090 0.500005 0.085938 0.291666 0.335314
2.000000 0.089840 0.489580 0.085938 0.229167 0.501702
2.000000 0.511720 0.500005 0.101562 0.250002 0.522817
2.000000 0.371090 0.500005 0.085938 0.291666 0.365107
2.000000 0.507810 0.500005 0.093750 0.250002 0.480003
2.000000 0.089840 0.489580 0.085938 0.229167 0.515204
2.000000 0.371090 0.500005 0.085938 0.291666 0.328319
2.000000 0.507810 0.500005 0.093750 0.250002 0.460809
2.000000 0.089840 0.500005 0.085938 0.208332 0.512701
2.000000 0.371090 0.479170 0.085938 0.291666 0.356263
2.000000 0.507810 0.489580 0.093750 0.229167 0.435644
2.000000 0.089840 0.489580 0.085938 0.229167 0.524279
2.000000 0.582030 0.593755 0.132812 0.395832 0.330804
2.000000 0.015620 0.687505 0.093750 0.166668 0.679283
2.000000 0.605470 0.875005 0.132812 0.375000 0.727187
2.000000 0.371090 0.489580 0.085938 0.270834 0.304263
2.000000 0.507810 0.489580 0.093750 0.229167 0.423899
2.000000 0.089840 0.489580 0.085938 0.229167 0.529408
2.000000 0.371090 0.479170 0.085938 0.291666 0.397270
2.000000 0.507810 0.479170 0.093750 0.250002 0.449914
2.000000 0.089840 0.500005 0.085938 0.250002 0.515710
2.000000 0.371090 0.479170 0.085938 0.291666 0.419033
2.000000 0.507810 0.479170 0.093750 0.250002 0.429598
2.000000 0.089840 0.500005 0.085938 0.250002 0.521387
2.000000 0.371090 0.489580 0.085938 0.270834 0.381627
2.000000 0.507810 0.489580 0.093750 0.229167 0.391974
2.000000 0.085940 0.500005 0.078124 0.250002 0.501075
2.000000 0.507810 0.489580 0.093750 0.229167 0.324187
2.000000 0.371090 0.489580 0.085938 0.270834 0.351037
2.000000 0.085940 0.500005 0.078124 0.250002 0.502213
2.000000 0.371090 0.489580 0.085938 0.270834 0.383140
2.000000 0.085940 0.510415 0.078124 0.270834 0.491094
2.000000 0.585940 0.989590 0.125000 0.270834 0.760525
2.000000 0.371090 0.479170 0.085938 0.291666 0.378099
2.000000 0.082030 0.510415 0.085938 0.270834 0.485982
2.000000 0.582030 0.989590 0.117188 0.270834 0.748120
2.000000 0.371090 0.479170 0.085938 0.291666 0.350406
2.000000 0.082030 0.510415 0.085938 0.270834 0.477910
2.000000 0.582030 0.989590 0.117188 0.270834 0.758616
2.000000 0.371090 0.489580 0.085938 0.270834 0.321961
2.000000 0.078120 0.520840 0.078124 0.250002 0.463904
2.000000 0.578130 0.968755 0.125000 0.270834 0.771970
2.000000 0.078120 0.520840 0.078124 0.250002 0.463602
2.000000 0.578130 0.968755 0.125000 0.270834 0.773977
2.000000 0.582030 0.583330 0.132812 0.375000 0.339838
2.000000 0.015620 0.687505 0.093750 0.166668 0.661997
2.000000 0.605470 0.875005 0.132812 0.375000 0.703834
2.000000 0.078120 0.510415 0.078124 0.270834 0.446954
2.000000 0.578130 0.968755 0.125000 0.270834 0.766285
2.000000 0.078120 0.510415 0.078124 0.312498 0.436638
2.000000 0.578130 0.958330 0.125000 0.250002 0.765511
2.000000 0.074220 0.520840 0.085938 0.291666 0.432131
2.000000 0.578130 0.947920 0.125000 0.270834 0.747787
2.000000 0.496090 0.458335 0.085938 0.208332 0.300806
2.000000 0.074220 0.520840 0.085938 0.291666 0.419146
2.000000 0.574220 0.947920 0.117188 0.270834 0.669663
2.000000 0.074220 0.531250 0.085938 0.270834 0.446861
2.000000 0.574220 0.947920 0.117188 0.270834 0.639325
2.000000 0.074220 0.531250 0.085938 0.270834 0.428282
2.000000 0.570310 0.927085 0.125000 0.270834 0.651204
2.000000 0.074220 0.531250 0.085938 0.270834 0.425079
2.000000 0.566410 0.927085 0.117188 0.270834 0.628009
2.000000 0.074220 0.531250 0.085938 0.312498 0.471997
2.000000 0.566410 0.927085 0.117188 0.270834 0.642070
2.000000 0.074220 0.531250 0.085938 0.312498 0.458115
2.000000 0.562500 0.906250 0.109376 0.270834 0.655075
2.000000 0.070310 0.541660 0.093750 0.291666 0.459506
2.000000 0.558590 0.906250 0.117188 0.270834 0.697518
2.000000 0.152340 0.354160 0.070312 0.166668 0.319660
2.000000 0.582030 0.583330 0.132812 0.375000 0.322009
2.000000 0.015620 0.697915 0.093750 0.187500 0.648322
2.000000 0.601560 0.875005 0.140624 0.375000 0.694130
2.000000 0.070310 0.531250 0.093750 0.312498 0.444473
2.000000 0.558590 0.895840 0.117188 0.250002 0.720925
2.000000 0.066410 0.531250 0.085938 0.312498 0.433533
2.000000 0.558590 0.895840 0.117188 0.250002 0.717557
2.000000 0.066410 0.541660 0.085938 0.291666 0.404132
2.000000 0.558590 0.885415 0.117188 0.229167 0.742363
2.000000 0.066410 0.541660 0.085938 0.291666 0.373577
2.000000 0.558590 0.875005 0.117188 0.250002 0.746327
2.000000 0.062500 0.562495 0.093750 0.291666 0.383129
2.000000 0.558590 0.875005 0.117188 0.250002 0.750162
2.000000 0.062500 0.572920 0.093750 0.270834 0.407815
2.000000 0.554690 0.875005 0.109376 0.250002 0.745992
2.000000 0.062500 0.562495 0.093750 0.291666 0.405970
2.000000 0.554690 0.854170 0.109376 0.250002 0.759489
2.000000 0.058590 0.583330 0.085938 0.291666 0.402929
2.000000 0.554690 0.854170 0.109376 0.250002 0.745904
2.000000 0.054690 0.583330 0.093750 0.291666 0.450808
2.000000 0.550780 0.854170 0.117188 0.250002 0.745810
2.000000 0.054690 0.583330 0.093750 0.291666 0.474785
2.000000 0.554690 0.854170 0.109376 0.250002 0.745768
2.000000 0.152340 0.354160 0.070312 0.166668 0.306863
2.000000 0.011720 0.697915 0.101562 0.187500 0.652310
2.000000 0.601560 0.875005 0.125000 0.375000 0.701485
2.000000 0.054690 0.583330 0.093750 0.291666 0.493963
2.000000 0.550780 0.854170 0.117188 0.250002 0.752738
2.000000 0.058590 0.583330 0.101562 0.291666 0.461597
2.000000 0.546880 0.854170 0.109376 0.250002 0.756553
2.000000 0.367190 0.437500 0.078124 0.250002 0.364582
2.000000 0.050780 0.572920 0.101562 0.312498 0.425825
2.000000 0.550780 0.833335 0.117188 0.250002 0.749956
2.000000 0.367190 0.437500 0.078124 0.250002 0.389315
2.000000 0.050780 0.572920 0.101562 0.312498 0.415110
2.000000 0.546880 0.833335 0.109376 0.250002 0.751307
2.000000 0.050780 0.583330 0.101562 0.291666 0.430414
2.000000 0.546880 0.833335 0.109376 0.250002 0.757887
2.000000 0.050780 0.593755 0.101562 0.312498 0.456153
2.000000 0.546880 0.822910 0.109376 0.229167 0.760487
2.000000 0.050780 0.593755 0.101562 0.312498 0.481355
2.000000 0.546880 0.812500 0.109376 0.250002 0.763962
2.000000 0.042970 0.604165 0.101562 0.291666 0.495740
2.000000 0.546880 0.812500 0.109376 0.250002 0.764143
2.000000 0.042970 0.614590 0.101562 0.270834 0.488160
2.000000 0.542970 0.812500 0.101562 0.250002 0.760961
2.000000 0.367190 0.427090 0.078124 0.229167 0.300748
2.000000 0.488280 0.406255 0.085938 0.270834 0.302290
2.000000 0.042970 0.614590 0.101562 0.270834 0.462312
2.000000 0.542970 0.802090 0.101562 0.229167 0.763946
2.000000 0.152340 0.354160 0.070312 0.166668 0.305019
2.000000 0.582030 0.572920 0.132812 0.354165 0.328054
2.000000 0.011720 0.697915 0.101562 0.187500 0.653940
2.000000 0.597660 0.854170 0.132812 0.375000 0.745253
2.000000 0.371090 0.427090 0.070312 0.229167 0.309717
2.000000 0.042970 0.625000 0.101562 0.291666 0.453463
2.000000 0.542970 0.802090 0.101562 0.229167 0.763435
2.000000 0.042970 0.614590 0.101562 0.312498 0.444473
2.000000 0.539060 0.791665 0.109376 0.250002 0.743421
2.000000 0.039060 0.614590 0.109376 0.312498 0.430245
2.000000 0.535160 0.791665 0.101562 0.250002 0.731626
2.000000 0.039060 0.604165 0.109376 0.333333 0.408130
2.000000 0.535160 0.781255 0.101562 0.229167 0.725063
2.000000 0.371090 0.406255 0.070312 0.229167 0.313441
2.000000 0.031250 0.677080 0.109376 0.229167 0.406869
2.000000 0.535160 0.781255 0.101562 0.229167 0.733004
2.000000 0.031250 0.677080 0.109376 0.229167 0.407769
2.000000 0.535160 0.781255 0.101562 0.229167 0.709966
2.000000 0.031250 0.697915 0.109376 0.229167 0.385788
2.000000 0.535160 0.760420 0.101562 0.229167 0.689988
2.000000 0.031250 0.687505 0.109376 0.250002 0.400219
2.000000 0.535160 0.760420 0.101562 0.229167 0.698907
2.000000 0.031250 0.687505 0.109376 0.250002 0.444038
2.000000 0.539060 0.760420 0.109376 0.229167 0.700385
2.000000 0.402340 0.989590 0.117188 0.270834 0.739798
2.000000 0.031250 0.635410 0.109376 0.354165 0.397132
2.000000 0.535160 0.760420 0.101562 0.229167 0.704013
2.000000 0.398440 0.968755 0.125000 0.270834 0.718119
2.000000 0.027340 0.645835 0.085938 0.166668 0.602292
2.000000 0.625000 0.947920 0.140624 0.395832 0.684981
2.000000 0.156250 0.354160 0.078124 0.166668 0.320565
2.000000 0.582030 0.562495 0.132812 0.333333 0.362732
2.000000 0.011720 0.708340 0.101562 0.208332 0.672826
2.000000 0.597660 0.854170 0.132812 0.375000 0.730626
2.000000 0.019530 0.718750 0.101562 0.229167 0.309332
2.000000 0.031250 0.635410 0.109376 0.354165 0.400132
2.000000 0.535160 0.760420 0.101562 0.229167 0.697885
2.000000 0.402340 0.968755 0.117188 0.270834 0.734850
2.000000 0.484370 0.406255 0.078124 0.229167 0.308692
2.000000 0.019530 0.718750 0.101562 0.229167 0.337108
2.000000 0.031250 0.625000 0.109376 0.375000 0.402428
2.000000 0.535160 0.760420 0.101562 0.229167 0.690109
2.000000 0.402340 0.958330 0.132812 0.250002 0.702461
2.000000 0.488280 0.406255 0.085938 0.229167 0.310024
2.000000 0.023440 0.687505 0.109376 0.250002 0.442293
2.000000 0.535160 0.749995 0.101562 0.250002 0.674756
2.000000 0.398440 0.958330 0.125000 0.250002 0.714462
2.000000 0.019530 0.697915 0.101562 0.270834 0.453720
2.000000 0.527340 0.749995 0.101562 0.208332 0.638966
2.000000 0.402340 0.937495 0.132812 0.250002 0.694552
2.000000 0.015620 0.718750 0.109376 0.229167 0.456746
2.000000 0.527340 0.739585 0.101562 0.229167 0.644558
2.000000 0.398440 0.937495 0.125000 0.250002 0.690419
2.000000 0.015620 0.708340 0.109376 0.250002 0.504127
2.000000 0.531250 0.739585 0.109376 0.229167 0.642893
2.000000 0.398440 0.927085 0.125000 0.229167 0.683754
2.000000 0.484370 0.385420 0.078124 0.229167 0.303409
2.000000 0.015620 0.729160 0.109376 0.250002 0.490884
2.000000 0.531250 0.739585 0.109376 0.229167 0.643189
2.000000 0.394530 0.916660 0.101562 0.250002 0.677503
2.000000 0.484370 0.374995 0.093750 0.250002 0.323571
2.000000 0.011720 0.729160 0.117188 0.250002 0.471066
2.000000 0.531250 0.739585 0.109376 0.229167 0.620471
2.000000 0.394530 0.906250 0.101562 0.229167 0.690625
2.000000 0.480470 0.385420 0.085938 0.229167 0.334735
2.000000 0.007810 0.729160 0.109376 0.250002 0.477342
2.000000 0.531250 0.739585 0.109376 0.229167 0.573064
2.000000 0.390620 0.895840 0.109376 0.250002 0.688145
2.000000 0.484370 0.395830 0.078124 0.208332 0.321007
2.000000 0.003910 0.729160 0.117188 0.250002 0.516021
2.000000 0.523440 0.729160 0.093750 0.208332 0.587850
2.000000 0.394530 0.885415 0.101562 0.229167 0.663767
2.000000 0.582030 0.552085 0.132812 0.312498 0.381029
2.000000 0.011720 0.718750 0.101562 0.187500 0.675771
2.000000 0.597660 0.854170 0.132812 0.375000 0.726553
2.000000 0.484370 0.395830 0.078124 0.208332 0.324861
2.000000 0.003910 0.729160 0.117188 0.250002 0.516207
2.000000 0.523440 0.718750 0.093750 0.187500 0.596797
2.000000 0.390620 0.875005 0.109376 0.250002 0.675746
2.000000 0.484370 0.374995 0.078124 0.208332 0.351197
2.000000 0.003910 0.729160 0.117188 0.250002 0.503464
2.000000 0.519530 0.718750 0.085938 0.187500 0.659256
2.000000 0.390620 0.875005 0.109376 0.250002 0.691459
2.000000 0.484370 0.374995 0.078124 0.208332 0.363552
2.000000 0.003910 0.729160 0.117188 0.250002 0.518757
2.000000 0.519530 0.718750 0.085938 0.187500 0.632291
2.000000 0.390620 0.875005 0.109376 0.250002 0.674995
2.000000 0.011720 0.625000 0.117188 0.333333 0.339811
2.000000 0.484370 0.374995 0.078124 0.208332 0.392486
2.000000 0.003910 0.739585 0.117188 0.270834 0.549602
2.000000 0.519530 0.708340 0.085938 0.208332 0.634631
2.000000 0.394530 0.854170 0.117188 0.250002 0.635562
2.000000 0.007810 0.593755 0.109376 0.270834 0.346589
2.000000 0.484370 0.364585 0.078124 0.229167 0.390373
2.000000 0.000000 0.739585 0.109376 0.270834 0.569706
2.000000 0.390620 0.854170 0.109376 0.250002 0.625865
2.000000 0.519530 0.708340 0.085938 0.208332 0.627460
2.000000 0.007810 0.583330 0.109376 0.250002 0.319219
2.000000 0.484370 0.374995 0.078124 0.208332 0.387235
2.000000 0.003910 0.749995 0.117188 0.250002 0.556932
2.000000 0.390620 0.854170 0.109376 0.250002 0.605501
2.000000 0.519530 0.697915 0.085938 0.187500 0.616467
2.000000 0.484370 0.364585 0.078124 0.229167 0.397384
2.000000 0.519530 0.697915 0.085938 0.187500 0.626256
2.000000 0.386720 0.854170 0.101562 0.250002 0.627529
2.000000 0.484370 0.374995 0.078124 0.208332 0.427152
2.000000 0.386720 0.843745 0.101562 0.229167 0.663680
2.000000 0.519530 0.687505 0.085938 0.208332 0.672302
2.000000 0.003910 0.593755 0.117188 0.270834 0.324115
2.000000 0.484370 0.374995 0.078124 0.208332 0.440235
2.000000 0.386720 0.843745 0.101562 0.229167 0.612275
2.000000 0.519530 0.687505 0.085938 0.208332 0.704936
2.000000 0.003910 0.604165 0.117188 0.291666 0.328426
2.000000 0.484370 0.364585 0.078124 0.229167 0.443661
2.000000 0.386720 0.833335 0.101562 0.208332 0.566583
2.000000 0.519530 0.687505 0.085938 0.208332 0.702264
2.000000 0.156250 0.354160 0.078124 0.166668 0.319943
2.000000 0.582030 0.552085 0.132812 0.312498 0.361095
2.000000 0.011720 0.718750 0.101562 0.187500 0.661322
2.000000 0.597660 0.843745 0.132812 0.354165 0.724627
2.000000 0.003910 0.604165 0.117188 0.291666 0.326380
2.000000 0.484370 0.364585 0.078124 0.229167 0.448355
2.000000 0.382810 0.822910 0.093750 0.229167 0.605374
2.000000 0.515620 0.687505 0.093750 0.208332 0.702366
2.000000 0.000000 0.593755 0.125000 0.270834 0.314231
2.000000 0.484370 0.364585 0.078124 0.229167 0.438269
2.000000 0.382810 0.812500 0.093750 0.208332 0.600018
2.000000 0.515620 0.687505 0.093750 0.208332 0.687211
2.000000 0.003910 0.593755 0.117188 0.270834 0.360437
2.000000 0.484370 0.364585 0.078124 0.229167 0.443675
2.000000 0.382810 0.812500 0.093750 0.208332 0.594363
2.000000 0.515620 0.687505 0.093750 0.208332 0.705748
2.000000 0.000000 0.593755 0.125000 0.270834 0.336688
2.000000 0.480470 0.364585 0.085938 0.229167 0.447047
2.000000 0.382810 0.812500 0.093750 0.208332 0.577394
2.000000 0.515620 0.677080 0.093750 0.229167 0.708843
2.000000 0.480470 0.364585 0.085938 0.229167 0.457806
2.000000 0.382810 0.812500 0.093750 0.208332 0.594662
2.000000 0.515620 0.677080 0.093750 0.229167 0.710727
2.000000 0.480470 0.364585 0.085938 0.229167 0.471240
2.000000 0.382810 0.802090 0.093750 0.229167 0.604477
2.000000 0.515620 0.666670 0.093750 0.208332 0.713028
2.000000 0.480470 0.364585 0.085938 0.229167 0.466936
2.000000 0.382810 0.791665 0.093750 0.208332 0.568817
2.000000 0.515620 0.666670 0.093750 0.208332 0.694937
2.000000 0.480470 0.364585 0.085938 0.229167 0.466047
2.000000 0.378910 0.791665 0.085938 0.208332 0.547758
2.000000 0.511720 0.666670 0.101562 0.208332 0.707285
2.000000 0.480470 0.354160 0.085938 0.208332 0.466421
2.000000 0.378910 0.791665 0.085938 0.208332 0.584270
2.000000 0.511720 0.666670 0.101562 0.208332 0.693473
2.000000 0.480470 0.354160 0.085938 0.208332 0.462546
2.000000 0.378910 0.770830 0.085938 0.208332 0.565183
2.000000 0.515620 0.645835 0.093750 0.208332 0.680216
2.000000 0.156250 0.343750 0.078124 0.187500 0.301102
2.000000 0.582030 0.552085 0.132812 0.312498 0.373284
2.000000 0.011720 0.718750 0.101562 0.187500 0.654297
2.000000 0.593750 0.843745 0.125000 0.354165 0.730317
2.000000 0.480470 0.343750 0.085938 0.229167 0.471057
2.000000 0.378910 0.770830 0.085938 0.208332 0.595160
2.000000 0.511720 0.645835 0.101562 0.208332 0.672510
2.000000 0.480470 0.343750 0.085938 0.229167 0.442774
2.000000 0.378910 0.760420 0.085938 0.187500 0.623389
2.000000 0.507810 0.645835 0.093750 0.208332 0.686694
2.000000 0.480470 0.354160 0.085938 0.208332 0.403994
2.000000 0.378910 0.760420 0.085938 0.187500 0.615799
2.000000 0.507810 0.645835 0.093750 0.208332 0.694385
2.000000 0.480470 0.354160 0.085938 0.208332 0.399771
2.000000 0.378910 0.760420 0.085938 0.187500 0.537891
2.000000 0.507810 0.645835 0.093750 0.208332 0.696083
2.000000 0.480470 0.354160 0.085938 0.208332 0.415695
2.000000 0.378910 0.749995 0.085938 0.208332 0.574117
2.000000 0.507810 0.645835 0.093750 0.208332 0.695706
2.000000 0.480470 0.354160 0.085938 0.208332 0.434054
2.000000 0.378910 0.749995 0.085938 0.208332 0.568671
2.000000 0.507810 0.635410 0.093750 0.187500 0.713947
2.000000 0.480470 0.354160 0.085938 0.208332 0.424080
2.000000 0.378910 0.749995 0.085938 0.208332 0.564038
2.000000 0.507810 0.645835 0.093750 0.208332 0.702465
2.000000 0.480470 0.354160 0.085938 0.208332 0.410964
2.000000 0.378910 0.739585 0.085938 0.187500 0.566062
2.000000 0.507810 0.635410 0.093750 0.187500 0.698508
2.000000 0.480470 0.354160 0.085938 0.208332 0.415826
2.000000 0.378910 0.739585 0.085938 0.187500 0.524385
2.000000 0.507810 0.635410 0.093750 0.187500 0.685987
2.000000 0.484370 0.354160 0.078124 0.208332 0.396017
2.000000 0.378910 0.729160 0.085938 0.208332 0.564283
2.000000 0.507810 0.635410 0.093750 0.187500 0.650174
2.000000 0.582030 0.562495 0.132812 0.291666 0.406371
2.000000 0.003910 0.718750 0.101562 0.187500 0.582612
2.000000 0.593750 0.833335 0.125000 0.375000 0.714870
2.000000 0.480470 0.354160 0.085938 0.208332 0.416194
2.000000 0.378910 0.729160 0.085938 0.208332 0.531121
2.000000 0.511720 0.625000 0.085938 0.166668 0.662571
2.000000 0.378910 0.718750 0.085938 0.187500 0.464113
2.000000 0.480470 0.343750 0.085938 0.229167 0.464713
2.000000 0.507810 0.614590 0.093750 0.187500 0.658570
2.000000 0.378910 0.718750 0.085938 0.187500 0.452165
2.000000 0.476560 0.322915 0.078124 0.229167 0.457664
2.000000 0.507810 0.614590 0.093750 0.187500 0.662135
2.000000 0.375000 0.708340 0.078124 0.166668 0.450356
2.000000 0.476560 0.322915 0.078124 0.229167 0.451487
2.000000 0.507810 0.614590 0.093750 0.187500 0.666513
2.000000 0.480470 0.333340 0.085938 0.208332 0.424092
2.000000 0.375000 0.697915 0.078124 0.187500 0.452945
2.000000 0.511720 0.614590 0.085938 0.187500 0.641078
2.000000 0.476560 0.322915 0.078124 0.229167 0.426282
2.000000 0.371090 0.687505 0.085938 0.208332 0.482431
2.000000 0.507810 0.614590 0.093750 0.187500 0.609867
2.000000 0.476560 0.322915 0.078124 0.229167 0.426350
2.000000 0.371090 0.687505 0.085938 0.208332 0.505127
2.000000 0.507810 0.604165 0.093750 0.208332 0.601800
2.000000 0.476560 0.322915 0.078124 0.229167 0.431755
2.000000 0.371090 0.687505 0.085938 0.208332 0.473513
2.000000 0.507810 0.614590 0.093750 0.187500 0.600789
2.000000 0.476560 0.333340 0.078124 0.208332 0.406335
2.000000 0.375000 0.687505 0.078124 0.208332 0.422063
2.000000 0.507810 0.614590 0.093750 0.187500 0.582907
2.000000 0.375000 0.677080 0.078124 0.187500 0.362118
2.000000 0.476560 0.322915 0.078124 0.229167 0.403000
2.000000 0.507810 0.604165 0.093750 0.208332 0.572206
2.000000 0.578130 0.562495 0.140624 0.291666 0.427644
2.000000 0.003910 0.729160 0.101562 0.208332 0.594858
2.000000 0.593750 0.833335 0.125000 0.375000 0.730140
2.000000 0.375000 0.677080 0.078124 0.187500 0.366376
2.000000 0.476560 0.322915 0.078124 0.229167 0.403998
2.000000 0.503910 0.604165 0.085938 0.208332 0.536982
2.000000 0.371090 0.677080 0.085938 0.187500 0.358913
2.000000 0.472660 0.312505 0.070312 0.250002 0.401271
2.000000 0.507810 0.593755 0.093750 0.187500 0.589722
2.000000 0.375000 0.677080 0.078124 0.187500 0.311605
2.000000 0.476560 0.312505 0.078124 0.250002 0.389197
2.000000 0.507810 0.593755 0.093750 0.187500 0.577620
2.000000 0.371090 0.656245 0.070312 0.187500 0.331709
2.000000 0.476560 0.312505 0.078124 0.250002 0.348840
2.000000 0.507810 0.583330 0.093750 0.208332 0.500482
2.000000 0.371090 0.656245 0.070312 0.187500 0.333614
2.000000 0.476560 0.312505 0.078124 0.250002 0.342595
2.000000 0.503910 0.572920 0.085938 0.187500 0.513637
2.000000 0.476560 0.302080 0.078124 0.229167 0.345894
2.000000 0.367190 0.645835 0.078124 0.208332 0.396866
2.000000 0.507810 0.572920 0.093750 0.187500 0.571212
2.000000 0.371090 0.645835 0.070312 0.208332 0.352953
2.000000 0.472660 0.302080 0.070312 0.229167 0.364387
2.000000 0.503910 0.572920 0.085938 0.187500 0.539634
2.000000 0.472660 0.302080 0.070312 0.229167 0.361889
2.000000 0.367190 0.635410 0.078124 0.187500 0.364862
2.000000 0.503910 0.583330 0.085938 0.166668 0.529493
2.000000 0.472660 0.291670 0.070312 0.250002 0.361452
2.000000 0.371090 0.635410 0.070312 0.187500 0.365068
2.000000 0.503910 0.572920 0.085938 0.187500 0.525376
2.000000 0.472660 0.302080 0.070312 0.270834 0.359926
2.000000 0.371090 0.635410 0.070312 0.187500 0.369842
2.000000 0.500000 0.583330 0.078124 0.166668 0.522843
2.000000 0.156250 0.322915 0.078124 0.187500 0.307457
2.000000 0.011720 0.437500 0.070312 0.125001 0.312637
2.000000 0.578130 0.552085 0.140624 0.270834 0.373083
2.000000 0.000000 0.729160 0.109376 0.208332 0.535061
2.000000 0.593750 0.822910 0.125000 0.354165 0.703266
2.000000 0.375000 0.635410 0.078124 0.187500 0.342862
2.000000 0.472660 0.291670 0.070312 0.250002 0.359609
2.000000 0.500000 0.572920 0.078124 0.187500 0.426860
2.000000 0.613280 0.989590 0.117188 0.270834 0.760967
2.000000 0.472660 0.291670 0.070312 0.250002 0.367873
2.000000 0.375000 0.635410 0.078124 0.187500 0.388588
2.000000 0.500000 0.572920 0.078124 0.187500 0.392838
2.000000 0.605470 0.989590 0.117188 0.270834 0.781849
2.000000 0.472660 0.291670 0.070312 0.250002 0.354049
2.000000 0.371090 0.635410 0.085938 0.187500 0.393165
2.000000 0.503910 0.572920 0.085938 0.187500 0.402270
2.000000 0.605470 0.989590 0.117188 0.270834 0.790350
2.000000 0.472660 0.291670 0.070312 0.250002 0.339653
2.000000 0.375000 0.625000 0.078124 0.166668 0.384639
2.000000 0.500000 0.562495 0.078124 0.166668 0.417268
2.000000 0.605470 0.968755 0.117188 0.270834 0.757662
2.000000 0.472660 0.291670 0.070312 0.250002 0.360318
2.000000 0.371090 0.625000 0.085938 0.166668 0.396867
2.000000 0.500000 0.562495 0.078124 0.166668 0.417510
2.000000 0.601560 0.958330 0.109376 0.250002 0.763319
2.000000 0.472660 0.291670 0.070312 0.250002 0.344133
2.000000 0.371090 0.625000 0.085938 0.166668 0.386397
2.000000 0.496090 0.552085 0.070312 0.187500 0.390259
2.000000 0.597660 0.958330 0.117188 0.250002 0.757952
2.000000 0.472660 0.291670 0.070312 0.250002 0.321666
2.000000 0.371090 0.614590 0.085938 0.187500 0.336132
2.000000 0.496090 0.552085 0.070312 0.187500 0.361143
2.000000 0.597660 0.947920 0.117188 0.270834 0.741724
2.000000 0.371090 0.614590 0.085938 0.187500 0.303045
2.000000 0.472660 0.291670 0.070312 0.250002 0.317267
2.000000 0.496090 0.552085 0.070312 0.187500 0.378901
2.000000 0.597660 0.947920 0.117188 0.270834 0.738008
2.000000 0.472660 0.291670 0.070312 0.250002 0.307550
2.000000 0.492190 0.552085 0.078124 0.187500 0.375620
2.000000 0.597660 0.937495 0.117188 0.250002 0.747568
2.000000 0.492190 0.531250 0.078124 0.187500 0.347175
2.000000 0.593750 0.927085 0.109376 0.270834 0.744635
2.000000 0.011720 0.437500 0.070312 0.125001 0.316665
2.000000 0.156250 0.333340 0.078124 0.208332 0.324721
2.000000 0.582030 0.562495 0.132812 0.291666 0.356983
2.000000 0.000000 0.729160 0.109376 0.208332 0.549734
2.000000 0.593750 0.822910 0.125000 0.354165 0.698808
2.000000 0.488280 0.531250 0.070312 0.187500 0.312415
2.000000 0.589840 0.916660 0.117188 0.250002 0.756858
2.000000 0.500000 0.531250 0.078124 0.187500 0.475027
2.000000 0.589840 0.916660 0.117188 0.250002 0.742862
2.000000 0.496090 0.531250 0.085938 0.187500 0.473365
2.000000 0.589840 0.916660 0.117188 0.250002 0.733935
2.000000 0.496090 0.531250 0.085938 0.187500 0.474200
2.000000 0.585940 0.906250 0.109376 0.229167 0.728607
2.000000 0.496090 0.531250 0.085938 0.187500 0.475138
2.000000 0.585940 0.895840 0.109376 0.250002 0.724595
2.000000 0.496090 0.520840 0.085938 0.208332 0.472331
2.000000 0.585940 0.885415 0.109376 0.229167 0.711297
2.000000 0.496090 0.520840 0.085938 0.208332 0.463653
2.000000 0.582030 0.885415 0.101562 0.229167 0.701151
2.000000 0.496090 0.520840 0.085938 0.208332 0.454644
2.000000 0.578130 0.885415 0.109376 0.229167 0.700991
2.000000 0.496090 0.520840 0.085938 0.208332 0.455904
2.000000 0.578130 0.875005 0.109376 0.250002 0.704792
2.000000 0.492190 0.531250 0.078124 0.187500 0.404536
2.000000 0.574220 0.864580 0.101562 0.229167 0.720371
2.000000 0.156250 0.333340 0.078124 0.208332 0.327467
2.000000 0.574220 0.552085 0.132812 0.270834 0.376472
2.000000 0.593750 0.822910 0.125000 0.354165 0.722513
2.000000 0.492190 0.520840 0.078124 0.208332 0.357514
2.000000 0.574220 0.854170 0.101562 0.250002 0.730073
2.000000 0.375000 0.552085 0.062500 0.187500 0.306428
2.000000 0.492190 0.510415 0.078124 0.187500 0.378413
2.000000 0.570310 0.854170 0.109376 0.250002 0.719792
2.000000 0.371090 0.552085 0.070312 0.187500 0.324519
2.000000 0.492190 0.510415 0.078124 0.187500 0.396851
2.000000 0.570310 0.843745 0.109376 0.229167 0.717419
2.000000 0.492190 0.510415 0.078124 0.187500 0.336631
2.000000 0.371090 0.552085 0.070312 0.187500 0.353589
2.000000 0.570310 0.833335 0.109376 0.250002 0.731436
2.000000 0.492190 0.510415 0.093750 0.187500 0.348890
2.000000 0.371090 0.552085 0.070312 0.187500 0.380742
2.000000 0.570310 0.833335 0.109376 0.250002 0.718280
2.000000 0.492190 0.510415 0.093750 0.187500 0.337185
2.000000 0.371090 0.541660 0.070312 0.166668 0.371327
2.000000 0.570310 0.822910 0.109376 0.229167 0.676363
2.000000 0.371090 0.541660 0.070312 0.166668 0.352997
2.000000 0.570310 0.812500 0.109376 0.250002 0.677727
2.000000 0.492190 0.510415 0.078124 0.187500 0.316411
2.000000 0.375000 0.541660 0.062500 0.166668 0.348477
2.000000 0.566410 0.812500 0.117188 0.250002 0.679343
2.000000 0.496090 0.510415 0.085938 0.187500 0.308478
2.000000 0.371090 0.541660 0.070312 0.166668 0.360938
2.000000 0.562500 0.812500 0.109376 0.250002 0.670577
2.000000 0.496090 0.510415 0.085938 0.187500 0.313165
2.000000 0.371090 0.531250 0.070312 0.187500 0.339768
2.000000 0.562500 0.802090 0.109376 0.229167 0.672375
2.000000 0.156250 0.333340 0.078124 0.208332 0.317394
2.000000 0.574220 0.541660 0.132812 0.291666 0.342766
2.000000 0.593750 0.822910 0.125000 0.354165 0.713388
2.000000 0.371090 0.531250 0.070312 0.187500 0.334528
2.000000 0.562500 0.802090 0.109376 0.229167 0.682545
2.000000 0.492190 0.500005 0.078124 0.166668 0.302814
2.000000 0.371090 0.531250 0.070312 0.187500 0.325605
2.000000 0.562500 0.791665 0.109376 0.250002 0.678002
2.000000 0.375000 0.520840 0.062500 0.166668 0.301993
2.000000 0.562500 0.791665 0.109376 0.250002 0.659134
2.000000 0.492190 0.500005 0.078124 0.166668 0.310806
2.000000 0.562500 0.781255 0.109376 0.229167 0.649532
2.000000 0.492190 0.500005 0.078124 0.166668 0.335360
2.000000 0.558590 0.770830 0.101562 0.250002 0.649066
2.000000 0.375000 0.520840 0.062500 0.166668 0.356302
2.000000 0.492190 0.500005 0.078124 0.166668 0.367865
2.000000 0.554690 0.770830 0.109376 0.250002 0.630888
2.000000 0.375000 0.520840 0.062500 0.166668 0.308418
2.000000 0.492190 0.500005 0.078124 0.166668 0.317080
2.000000 0.558590 0.770830 0.101562 0.250002 0.608121
2.000000 0.492190 0.500005 0.078124 0.166668 0.333979
2.000000 0.554690 0.760420 0.109376 0.229167 0.616798
2.000000 0.492190 0.500005 0.078124 0.166668 0.345049
2.000000 0.554690 0.760420 0.109376 0.229167 0.610556
2.000000 0.492190 0.500005 0.078124 0.166668 0.338844
2.000000 0.550780 0.749995 0.101562 0.208332 0.618847
2.000000 0.027340 0.645835 0.085938 0.166668 0.615341
2.000000 0.625000 0.937495 0.140624 0.375000 0.690245
2.000000 0.574220 0.541660 0.132812 0.291666 0.338896
2.000000 0.589840 0.812500 0.132812 0.375000 0.664748
2.000000 0.492190 0.500005 0.078124 0.166668 0.334840
2.000000 0.550780 0.739585 0.101562 0.229167 0.648009
2.000000 0.574220 0.531250 0.132812 0.270834 0.345932
2.000000 0.585940 0.802090 0.125000 0.354165 0.666308
2.000000 0.570310 0.541660 0.125000 0.291666 0.334725
2.000000 0.582030 0.802090 0.117188 0.354165 0.634538
2.000000 0.566410 0.541660 0.132812 0.291666 0.305663
2.000000 0.578130 0.802090 0.125000 0.354165 0.655051
2.000000 0.578130 0.802090 0.125000 0.354165 0.651231
2.000000 0.558590 0.552085 0.132812 0.312498 0.406512
2.000000 0.578130 0.791665 0.125000 0.375000 0.649183
2.000000 0.558590 0.541660 0.132812 0.291666 0.377235
2.000000 0.578130 0.791665 0.125000 0.333333 0.665821
2.000000 0.406250 0.989590 0.140624 0.395832 0.757502
2.000000 0.558590 0.541660 0.132812 0.291666 0.369257
2.000000 0.578130 0.781255 0.125000 0.354165 0.666762
2.000000 0.402340 0.989590 0.148436 0.395832 0.747378
2.000000 0.558590 0.531250 0.132812 0.270834 0.335668
2.000000 0.578130 0.781255 0.125000 0.354165 0.667722
2.000000 0.398440 0.989590 0.140624 0.395832 0.732178
2.000000 0.574220 0.770830 0.117188 0.333333 0.663872
2.000000 0.402340 0.968755 0.148436 0.395832 0.733355
2.000000 0.027340 0.645835 0.085938 0.166668 0.585598
2.000000 0.625000 0.937495 0.140624 0.375000 0.720039
2.000000 0.570310 0.770830 0.125000 0.333333 0.657786
2.000000 0.398440 0.968755 0.140624 0.395832 0.704355
2.000000 0.570310 0.770830 0.125000 0.333333 0.635406
2.000000 0.402340 0.947920 0.132812 0.395832 0.701887
2.000000 0.570310 0.770830 0.125000 0.333333 0.618614
2.000000 0.394530 0.947920 0.132812 0.395832 0.692666
2.000000 0.566410 0.760420 0.117188 0.312498 0.594014
2.000000 0.394530 0.947920 0.132812 0.395832 0.679136
2.000000 0.562500 0.760420 0.125000 0.312498 0.589092
2.000000 0.398440 0.937495 0.140624 0.375000 0.714349
2.000000 0.140630 0.416665 0.078124 0.166668 0.318243
2.000000 0.562500 0.760420 0.125000 0.312498 0.575358
2.000000 0.398440 0.927085 0.140624 0.395832 0.722700
2.000000 0.140630 0.406255 0.078124 0.187500 0.344834
2.000000 0.562500 0.760420 0.125000 0.312498 0.532161
2.000000 0.394530 0.927085 0.132812 0.395832 0.711618
2.000000 0.140630 0.406255 0.078124 0.187500 0.330323
2.000000 0.562500 0.760420 0.125000 0.312498 0.570588
2.000000 0.394530 0.916660 0.132812 0.375000 0.706824
2.000000 0.562500 0.760420 0.125000 0.312498 0.562249
2.000000 0.394530 0.916660 0.132812 0.375000 0.718568
2.000000 0.562500 0.760420 0.125000 0.312498 0.614633
2.000000 0.394530 0.906250 0.132812 0.354165 0.722675
2.000000 0.027340 0.645835 0.085938 0.166668 0.538287
2.000000 0.621090 0.937495 0.132812 0.375000 0.734625
2.000000 0.136720 0.406255 0.085938 0.187500 0.311728
2.000000 0.558590 0.739585 0.117188 0.312498 0.584720
2.000000 0.390620 0.895840 0.125000 0.375000 0.682456
2.000000 0.132810 0.416665 0.078124 0.166668 0.307295
2.000000 0.558590 0.739585 0.117188 0.312498 0.641896
2.000000 0.390620 0.895840 0.125000 0.375000 0.683901
2.000000 0.132810 0.416665 0.078124 0.166668 0.309353
2.000000 0.562500 0.739585 0.109376 0.312498 0.622305
2.000000 0.390620 0.885415 0.125000 0.395832 0.681929
2.000000 0.132810 0.416665 0.078124 0.166668 0.343416
2.000000 0.558590 0.739585 0.117188 0.312498 0.584313
2.000000 0.390620 0.875005 0.125000 0.375000 0.696529
2.000000 0.128910 0.406255 0.085938 0.187500 0.343080
2.000000 0.558590 0.739585 0.117188 0.312498 0.573905
2.000000 0.390620 0.875005 0.125000 0.375000 0.741285
2.000000 0.128910 0.416665 0.085938 0.208332 0.327063
2.000000 0.558590 0.729160 0.117188 0.291666 0.544469
2.000000 0.390620 0.875005 0.125000 0.375000 0.741092
2.000000 0.128910 0.416665 0.085938 0.208332 0.349448
2.000000 0.558590 0.729160 0.117188 0.291666 0.529799
2.000000 0.390620 0.864580 0.125000 0.354165 0.724615
2.000000 0.128910 0.416665 0.085938 0.208332 0.335679
2.000000 0.558590 0.718750 0.117188 0.312498 0.492983
2.000000 0.386720 0.854170 0.117188 0.375000 0.709584
2.000000 0.128910 0.416665 0.085938 0.208332 0.359781
2.000000 0.558590 0.718750 0.117188 0.312498 0.503544
2.000000 0.390620 0.843745 0.125000 0.354165 0.726691
2.000000 0.128910 0.416665 0.085938 0.208332 0.360065
2.000000 0.558590 0.718750 0.117188 0.312498 0.509669
2.000000 0.390620 0.843745 0.125000 0.354165 0.696177
2.000000 0.027340 0.645835 0.085938 0.166668 0.485198
2.000000 0.621090 0.937495 0.132812 0.375000 0.716918
2.000000 0.128910 0.416665 0.085938 0.208332 0.310624
2.000000 0.554690 0.697915 0.109376 0.312498 0.512968
2.000000 0.390620 0.843745 0.125000 0.354165 0.678752
2.000000 0.128910 0.416665 0.085938 0.208332 0.381897
2.000000 0.554690 0.697915 0.109376 0.312498 0.582591
2.000000 0.386720 0.833335 0.117188 0.333333 0.728746
2.000000 0.128910 0.416665 0.085938 0.208332 0.392214
2.000000 0.554690 0.697915 0.109376 0.312498 0.567836
2.000000 0.386720 0.833335 0.117188 0.333333 0.682540
2.000000 0.128910 0.416665 0.085938 0.208332 0.380711
2.000000 0.550780 0.697915 0.117188 0.312498 0.591558
2.000000 0.386720 0.833335 0.117188 0.333333 0.701289
2.000000 0.132810 0.406255 0.093750 0.229167 0.373482
2.000000 0.550780 0.687505 0.117188 0.291666 0.590324
2.000000 0.386720 0.812500 0.117188 0.333333 0.687806
2.000000 0.132810 0.395830 0.093750 0.208332 0.386597
2.000000 0.550780 0.687505 0.117188 0.291666 0.599673
2.000000 0.386720 0.812500 0.117188 0.333333 0.684238
2.000000 0.125000 0.406255 0.093750 0.229167 0.332694
2.000000 0.550780 0.687505 0.117188 0.291666 0.612845
2.000000 0.382810 0.812500 0.109376 0.333333 0.667951
2.000000 0.125000 0.416665 0.093750 0.208332 0.327449
2.000000 0.546880 0.687505 0.109376 0.291666 0.609018
2.000000 0.382810 0.812500 0.109376 0.333333 0.632166
2.000000 0.125000 0.416665 0.093750 0.208332 0.327821
2.000000 0.546880 0.687505 0.109376 0.291666 0.588505
2.000000 0.382810 0.812500 0.109376 0.333333 0.616816
2.000000 0.125000 0.416665 0.093750 0.208332 0.301011
2.000000 0.546880 0.677080 0.109376 0.312498 0.546791
2.000000 0.382810 0.802090 0.109376 0.312498 0.560378
2.000000 0.156250 0.343750 0.078124 0.145833 0.314700
2.000000 0.023440 0.666670 0.093750 0.166668 0.514456
2.000000 0.621090 0.916660 0.132812 0.375000 0.700278
2.000000 0.125000 0.416665 0.093750 0.208332 0.300504
2.000000 0.109380 0.479170 0.078124 0.166668 0.310764
2.000000 0.546880 0.677080 0.109376 0.312498 0.533723
2.000000 0.382810 0.791665 0.109376 0.333333 0.543473
2.000000 0.121090 0.427090 0.101562 0.229167 0.307770
2.000000 0.105470 0.479170 0.085938 0.166668 0.320719
2.000000 0.386720 0.791665 0.117188 0.333333 0.575275
2.000000 0.546880 0.666670 0.109376 0.291666 0.582536
2.000000 0.125000 0.427090 0.093750 0.229167 0.304954
2.000000 0.109380 0.479170 0.078124 0.166668 0.307783
2.000000 0.386720 0.781255 0.117188 0.312498 0.568218
2.000000 0.546880 0.666670 0.109376 0.291666 0.607800
2.000000 0.105470 0.468745 0.085938 0.187500 0.306212
2.000000 0.121090 0.416665 0.101562 0.250002 0.334252
2.000000 0.386720 0.781255 0.117188 0.312498 0.566202
2.000000 0.542970 0.666670 0.101562 0.291666 0.592029
2.000000 0.105470 0.468745 0.085938 0.187500 0.344107
2.000000 0.382810 0.770830 0.109376 0.333333 0.543203
2.000000 0.542970 0.666670 0.101562 0.291666 0.621497
2.000000 0.105470 0.479170 0.085938 0.166668 0.387498
2.000000 0.382810 0.770830 0.109376 0.333333 0.492906
2.000000 0.542970 0.666670 0.101562 0.291666 0.608300
2.000000 0.105470 0.479170 0.085938 0.166668 0.447127
2.000000 0.382810 0.760420 0.109376 0.312498 0.469891
2.000000 0.542970 0.666670 0.101562 0.291666 0.582117
2.000000 0.097660 0.489580 0.085938 0.187500 0.426047
2.000000 0.378910 0.760420 0.101562 0.312498 0.520548
2.000000 0.542970 0.666670 0.101562 0.291666 0.594574
2.000000 0.097660 0.500005 0.085938 0.166668 0.438450
2.000000 0.378910 0.760420 0.101562 0.312498 0.520295
2.000000 0.542970 0.666670 0.101562 0.291666 0.603123
2.000000 0.097660 0.500005 0.085938 0.166668 0.456093
2.000000 0.378910 0.749995 0.101562 0.291666 0.537647
2.000000 0.542970 0.666670 0.101562 0.291666 0.566013
2.000000 0.023440 0.666670 0.093750 0.166668 0.512323
2.000000 0.617190 0.916660 0.140624 0.375000 0.718075
2.000000 0.097660 0.500005 0.085938 0.166668 0.443105
2.000000 0.378910 0.749995 0.101562 0.291666 0.496565
2.000000 0.539060 0.656245 0.109376 0.312498 0.542231
2.000000 0.097660 0.500005 0.085938 0.166668 0.466329
2.000000 0.535160 0.645835 0.101562 0.291666 0.544772
2.000000 0.378910 0.749995 0.101562 0.291666 0.546913
2.000000 0.093750 0.500005 0.078124 0.166668 0.470590
2.000000 0.535160 0.645835 0.101562 0.291666 0.545619
2.000000 0.378910 0.729160 0.101562 0.291666 0.557992
2.000000 0.093750 0.500005 0.078124 0.166668 0.480547
2.000000 0.378910 0.729160 0.101562 0.291666 0.570434
2.000000 0.535160 0.645835 0.101562 0.291666 0.584444
2.000000 0.085940 0.500005 0.078124 0.166668 0.493870
2.000000 0.535160 0.645835 0.101562 0.291666 0.572783
2.000000 0.378910 0.729160 0.101562 0.291666 0.581697
2.000000 0.085940 0.520840 0.078124 0.166668 0.534428
2.000000 0.535160 0.645835 0.101562 0.291666 0.551447
2.000000 0.378910 0.729160 0.101562 0.291666 0.588873
2.000000 0.085940 0.520840 0.078124 0.166668 0.512783
2.000000 0.535160 0.645835 0.101562 0.291666 0.543024
2.000000 0.378910 0.708340 0.101562 0.291666 0.573601
2.000000 0.085940 0.520840 0.078124 0.166668 0.489621
2.000000 0.535160 0.635410 0.101562 0.270834 0.536085
2.000000 0.378910 0.708340 0.101562 0.291666 0.571271
2.000000 0.085940 0.520840 0.078124 0.166668 0.480378
2.000000 0.535160 0.635410 0.101562 0.270834 0.528746
2.000000 0.375000 0.708340 0.093750 0.291666 0.585401
2.000000 0.535160 0.635410 0.101562 0.270834 0.449147
2.000000 0.078120 0.520840 0.078124 0.166668 0.509513
2.000000 0.375000 0.697915 0.093750 0.312498 0.549495
2.000000 0.156250 0.343750 0.078124 0.145833 0.302763
2.000000 0.023440 0.666670 0.093750 0.166668 0.549814
2.000000 0.617190 0.906250 0.140624 0.395832 0.684932
2.000000 0.535160 0.635410 0.101562 0.270834 0.390464
2.000000 0.375000 0.687505 0.093750 0.291666 0.518908
2.000000 0.078120 0.520840 0.078124 0.166668 0.525890
2.000000 0.535160 0.635410 0.101562 0.270834 0.409091
2.000000 0.375000 0.687505 0.093750 0.291666 0.452506
2.000000 0.082030 0.531250 0.085938 0.187500 0.527940
2.000000 0.375000 0.687505 0.093750 0.291666 0.436372
2.000000 0.535160 0.583330 0.101562 0.333333 0.441397
2.000000 0.082030 0.531250 0.085938 0.187500 0.531783
2.000000 0.535160 0.572920 0.101562 0.354165 0.418145
2.000000 0.375000 0.687505 0.093750 0.291666 0.460307
2.000000 0.082030 0.531250 0.085938 0.187500 0.514596
2.000000 0.535160 0.541660 0.101562 0.416667 0.372800
2.000000 0.375000 0.687505 0.093750 0.291666 0.456508
2.000000 0.082030 0.531250 0.085938 0.187500 0.511892
2.000000 0.531250 0.541660 0.109376 0.416667 0.400472
2.000000 0.375000 0.677080 0.093750 0.270834 0.479438
2.000000 0.078120 0.531250 0.093750 0.187500 0.493027
2.000000 0.535160 0.541660 0.101562 0.416667 0.417840
2.000000 0.078120 0.531250 0.093750 0.187500 0.460411
2.000000 0.375000 0.666670 0.093750 0.291666 0.474280
2.000000 0.535160 0.531250 0.101562 0.395832 0.422220
2.000000 0.074220 0.552085 0.085938 0.187500 0.453834
2.000000 0.375000 0.677080 0.093750 0.270834 0.455759
2.000000 0.535160 0.541660 0.101562 0.375000 0.437805
2.000000 0.375000 0.677080 0.093750 0.270834 0.437808
2.000000 0.078120 0.562495 0.093750 0.166668 0.457852
2.000000 0.375000 0.666670 0.093750 0.291666 0.405588
2.000000 0.531250 0.531250 0.093750 0.395832 0.410980
2.000000 0.074220 0.552085 0.085938 0.187500 0.444963
