2.000000 0.062500 0.635410 0.156248 0.187500 0.598720
2.000000 0.312500 0.333340 0.156248 0.166668 0.305368
2.000000 0.046880 0.666670 0.187500 0.166668 0.568111
2.000000 0.140620 0.562495 0.187500 0.166668 0.413405
2.000000 0.750000 0.656245 0.187500 0.270834 0.460191
2.000000 0.140620 0.562495 0.187500 0.166668 0.411519
2.000000 0.750000 0.656245 0.187500 0.270834 0.524353
2.000000 0.140620 0.572920 0.187500 0.187500 0.440953
2.000000 0.750000 0.656245 0.187500 0.270834 0.528843
2.000000 0.132820 0.562495 0.203124 0.208332 0.416400
2.000000 0.750000 0.645835 0.187500 0.291666 0.567407
2.000000 0.132820 0.552085 0.203124 0.187500 0.412683
2.000000 0.750000 0.635410 0.187500 0.270834 0.615435
2.000000 0.132820 0.552085 0.203124 0.187500 0.398835
2.000000 0.750000 0.635410 0.187500 0.270834 0.641605
2.000000 0.125000 0.552085 0.187500 0.187500 0.364514
2.000000 0.750000 0.635410 0.187500 0.270834 0.621187
2.000000 0.109380 0.562495 0.187500 0.208332 0.366833
2.000000 0.750000 0.635410 0.187500 0.270834 0.613631
2.000000 0.109380 0.562495 0.187500 0.208332 0.356058
2.000000 0.750000 0.635410 0.187500 0.270834 0.609135
2.000000 0.109380 0.562495 0.187500 0.208332 0.380336
2.000000 0.750000 0.625000 0.187500 0.250002 0.619667
2.000000 0.046880 0.677080 0.187500 0.145833 0.622891
2.000000 0.109380 0.562495 0.187500 0.208332 0.408757
2.000000 0.750000 0.625000 0.187500 0.250002 0.625723
2.000000 0.101560 0.562495 0.171876 0.208332 0.399343
2.000000 0.750000 0.614590 0.187500 0.270834 0.612441
2.000000 0.101560 0.572920 0.171876 0.187500 0.389099
2.000000 0.742180 0.625000 0.171876 0.250002 0.577037
2.000000 0.101560 0.583330 0.171876 0.208332 0.370701
2.000000 0.742180 0.625000 0.171876 0.250002 0.590928
2.000000 0.093740 0.583330 0.156248 0.208332 0.373176
2.000000 0.742180 0.625000 0.171876 0.250002 0.587420
2.000000 0.093740 0.614590 0.156248 0.187500 0.424909
2.000000 0.742180 0.625000 0.171876 0.250002 0.550882
2.000000 0.226560 0.427090 0.140624 0.229167 0.334013
2.000000 0.093740 0.614590 0.156248 0.187500 0.470843
2.000000 0.742180 0.614590 0.171876 0.229167 0.573139
2.000000 0.226560 0.427090 0.140624 0.187500 0.324267
2.000000 0.085940 0.604165 0.171876 0.208332 0.492854
2.000000 0.742180 0.614590 0.171876 0.229167 0.577353
2.000000 0.226560 0.437500 0.140624 0.208332 0.342475
2.000000 0.085940 0.614590 0.171876 0.187500 0.509153
2.000000 0.742180 0.614590 0.171876 0.229167 0.544391
2.000000 0.226560 0.437500 0.140624 0.208332 0.338959
2.000000 0.742180 0.614590 0.171876 0.229167 0.573346
2.000000 0.078120 0.625000 0.187500 0.208332 0.589815
2.000000 0.046880 0.666670 0.187500 0.166668 0.614430
2.000000 0.226560 0.437500 0.140624 0.208332 0.380076
2.000000 0.078120 0.625000 0.187500 0.208332 0.575453
2.000000 0.742180 0.614590 0.171876 0.229167 0.589932
2.000000 0.218760 0.437500 0.156248 0.208332 0.403348
2.000000 0.742180 0.593755 0.171876 0.229167 0.454216
2.000000 0.078120 0.625000 0.187500 0.208332 0.646250
2.000000 0.218760 0.437500 0.156248 0.208332 0.379050
2.000000 0.742180 0.583330 0.171876 0.250002 0.485495
2.000000 0.078120 0.645835 0.187500 0.208332 0.628602
2.000000 0.218760 0.447910 0.156248 0.187500 0.360786
2.000000 0.742180 0.583330 0.171876 0.250002 0.445448
2.000000 0.070320 0.645835 0.203124 0.208332 0.608491
2.000000 0.218760 0.447910 0.156248 0.229167 0.368485
2.000000 0.742180 0.572920 0.171876 0.270834 0.462459
2.000000 0.062500 0.645835 0.187500 0.208332 0.596567
2.000000 0.218760 0.458335 0.156248 0.208332 0.366475
2.000000 0.742180 0.572920 0.171876 0.270834 0.479188
2.000000 0.062500 0.645835 0.187500 0.208332 0.584495
2.000000 0.218760 0.458335 0.156248 0.208332 0.362559
2.000000 0.742180 0.552085 0.171876 0.270834 0.501721
2.000000 0.062500 0.645835 0.187500 0.208332 0.601616
2.000000 0.218760 0.458335 0.156248 0.208332 0.361317
2.000000 0.742180 0.552085 0.171876 0.270834 0.522647
2.000000 0.062500 0.645835 0.187500 0.208332 0.579808
2.000000 0.218760 0.479170 0.156248 0.208332 0.376374
2.000000 0.742180 0.552085 0.171876 0.270834 0.516618
2.000000 0.062500 0.645835 0.187500 0.208332 0.534866
2.000000 0.218760 0.468745 0.156248 0.187500 0.406188
2.000000 0.742180 0.552085 0.171876 0.270834 0.522335
2.000000 0.054680 0.656245 0.171876 0.187500 0.534849
2.000000 0.031240 0.687505 0.187500 0.166668 0.621709
2.000000 0.218760 0.458335 0.156248 0.208332 0.407120
2.000000 0.054680 0.666670 0.203124 0.208332 0.515761
2.000000 0.742180 0.552085 0.171876 0.270834 0.522691
2.000000 0.218760 0.458335 0.156248 0.208332 0.415996
2.000000 0.742180 0.552085 0.171876 0.270834 0.523550
2.000000 0.046880 0.666670 0.187500 0.208332 0.533765
2.000000 0.218760 0.468745 0.156248 0.187500 0.412245
2.000000 0.046880 0.666670 0.187500 0.208332 0.499710
2.000000 0.742180 0.541660 0.171876 0.291666 0.502607
2.000000 0.210940 0.479170 0.171876 0.208332 0.419167
2.000000 0.046880 0.666670 0.187500 0.208332 0.485853
2.000000 0.742180 0.541660 0.171876 0.291666 0.489547
2.000000 0.203120 0.479170 0.156248 0.208332 0.424594
2.000000 0.742180 0.531250 0.171876 0.270834 0.486830
2.000000 0.039060 0.666670 0.171876 0.208332 0.492329
2.000000 0.203120 0.468745 0.156248 0.229167 0.464380
2.000000 0.742180 0.531250 0.171876 0.270834 0.469358
2.000000 0.031240 0.666670 0.187500 0.208332 0.497876
2.000000 0.203120 0.468745 0.156248 0.229167 0.471549
2.000000 0.031240 0.677080 0.187500 0.229167 0.500419
2.000000 0.742180 0.531250 0.171876 0.270834 0.503303
2.000000 0.203120 0.479170 0.156248 0.208332 0.470530
2.000000 0.742180 0.531250 0.171876 0.270834 0.490354
2.000000 0.031240 0.677080 0.187500 0.229167 0.504007
2.000000 0.203120 0.479170 0.156248 0.208332 0.480758
2.000000 0.734380 0.531250 0.156248 0.270834 0.481232
2.000000 0.023440 0.677080 0.203124 0.229167 0.510528
2.000000 0.734380 0.531250 0.156248 0.270834 0.493876
2.000000 0.195320 0.489580 0.171876 0.229167 0.506277
2.000000 0.015620 0.677080 0.187500 0.229167 0.574212
2.000000 0.031240 0.687505 0.187500 0.166668 0.626383
2.000000 0.734380 0.531250 0.156248 0.270834 0.464670
2.000000 0.195320 0.489580 0.171876 0.229167 0.498226
2.000000 0.015620 0.687505 0.187500 0.250002 0.587983
2.000000 0.742180 0.520840 0.171876 0.250002 0.462391
2.000000 0.195320 0.489580 0.171876 0.229167 0.526089
2.000000 0.015620 0.687505 0.187500 0.250002 0.569977
2.000000 0.742180 0.520840 0.171876 0.250002 0.443177
2.000000 0.195320 0.479170 0.171876 0.250002 0.521941
2.000000 0.007820 0.687505 0.203124 0.250002 0.566944
2.000000 0.742180 0.520840 0.171876 0.250002 0.440289
2.000000 0.195320 0.489580 0.171876 0.229167 0.537676
2.000000 0.007820 0.687505 0.203124 0.250002 0.547502
2.000000 0.742180 0.510415 0.171876 0.270834 0.394213
2.000000 0.007820 0.697915 0.203124 0.270834 0.530629
2.000000 0.179680 0.489580 0.171876 0.229167 0.533351
2.000000 0.742180 0.500005 0.171876 0.291666 0.358453
2.000000 0.179680 0.489580 0.171876 0.229167 0.510213
2.000000 0.742180 0.500005 0.171876 0.291666 0.335314
2.000000 0.179680 0.489580 0.171876 0.229167 0.501702
2.000000 0.742180 0.500005 0.171876 0.291666 0.365107
2.000000 0.179680 0.489580 0.171876 0.229167 0.515204
2.000000 0.742180 0.500005 0.171876 0.291666 0.328319
2.000000 0.179680 0.500005 0.171876 0.208332 0.512701
2.000000 0.742180 0.479170 0.171876 0.291666 0.356263
2.000000 0.179680 0.489580 0.171876 0.229167 0.524279
2.000000 0.031240 0.687505 0.187500 0.166668 0.679283
2.000000 0.742180 0.489580 0.171876 0.270834 0.304263
2.000000 0.179680 0.489580 0.171876 0.229167 0.529408
2.000000 0.742180 0.479170 0.171876 0.291666 0.397270
2.000000 0.179680 0.500005 0.171876 0.250002 0.515710
2.000000 0.742180 0.479170 0.171876 0.291666 0.419033
2.000000 0.179680 0.500005 0.171876 0.250002 0.521387
2.000000 0.742180 0.489580 0.171876 0.270834 0.381627
2.000000 0.171880 0.500005 0.156248 0.250002 0.501075
2.000000 0.742180 0.489580 0.171876 0.270834 0.351037
2.000000 0.171880 0.500005 0.156248 0.250002 0.502213
2.000000 0.742180 0.489580 0.171876 0.270834 0.383140
2.000000 0.171880 0.510415 0.156248 0.270834 0.491094
2.000000 0.742180 0.479170 0.171876 0.291666 0.378099
2.000000 0.164060 0.510415 0.171876 0.270834 0.485982
2.000000 0.742180 0.479170 0.171876 0.291666 0.350406
2.000000 0.164060 0.510415 0.171876 0.270834 0.477910
2.000000 0.742180 0.489580 0.171876 0.270834 0.321961
2.000000 0.156240 0.520840 0.156248 0.250002 0.463904
2.000000 0.156240 0.520840 0.156248 0.250002 0.463602
2.000000 0.031240 0.687505 0.187500 0.166668 0.661997
2.000000 0.156240 0.510415 0.156248 0.270834 0.446954
2.000000 0.156240 0.510415 0.156248 0.312498 0.436638
2.000000 0.148440 0.520840 0.171876 0.291666 0.432131
2.000000 0.992180 0.458335 0.171876 0.208332 0.300806
2.000000 0.148440 0.520840 0.171876 0.291666 0.419146
2.000000 0.148440 0.531250 0.171876 0.270834 0.446861
2.000000 0.148440 0.531250 0.171876 0.270834 0.428282
2.000000 0.148440 0.531250 0.171876 0.270834 0.425079
2.000000 0.148440 0.531250 0.171876 0.312498 0.471997
2.000000 0.148440 0.531250 0.171876 0.312498 0.458115
2.000000 0.140620 0.541660 0.187500 0.291666 0.459506
2.000000 0.304680 0.354160 0.140624 0.166668 0.319660
2.000000 0.031240 0.697915 0.187500 0.187500 0.648322
2.000000 0.140620 0.531250 0.187500 0.312498 0.444473
2.000000 0.132820 0.531250 0.171876 0.312498 0.433533
2.000000 0.132820 0.541660 0.171876 0.291666 0.404132
2.000000 0.132820 0.541660 0.171876 0.291666 0.373577
2.000000 0.125000 0.562495 0.187500 0.291666 0.383129
2.000000 0.125000 0.572920 0.187500 0.270834 0.407815
2.000000 0.125000 0.562495 0.187500 0.291666 0.405970
2.000000 0.117180 0.583330 0.171876 0.291666 0.402929
2.000000 0.109380 0.583330 0.187500 0.291666 0.450808
2.000000 0.109380 0.583330 0.187500 0.291666 0.474785
2.000000 0.304680 0.354160 0.140624 0.166668 0.306863
2.000000 0.023440 0.697915 0.203124 0.187500 0.652310
2.000000 0.109380 0.583330 0.187500 0.291666 0.493963
2.000000 0.117180 0.583330 0.203124 0.291666 0.461597
2.000000 0.734380 0.437500 0.156248 0.250002 0.364582
2.000000 0.101560 0.572920 0.203124 0.312498 0.425825
2.000000 0.734380 0.437500 0.156248 0.250002 0.389315
2.000000 0.101560 0.572920 0.203124 0.312498 0.415110
2.000000 0.101560 0.583330 0.203124 0.291666 0.430414
2.000000 0.101560 0.593755 0.203124 0.312498 0.456153
2.000000 0.101560 0.593755 0.203124 0.312498 0.481355
2.000000 0.085940 0.604165 0.203124 0.291666 0.495740
2.000000 0.085940 0.614590 0.203124 0.270834 0.488160
2.000000 0.734380 0.427090 0.156248 0.229167 0.300748
2.000000 0.976560 0.406255 0.171876 0.270834 0.302290
2.000000 0.085940 0.614590 0.203124 0.270834 0.462312
2.000000 0.304680 0.354160 0.140624 0.166668 0.305019
2.000000 0.023440 0.697915 0.203124 0.187500 0.653940
2.000000 0.742180 0.427090 0.140624 0.229167 0.309717
2.000000 0.085940 0.625000 0.203124 0.291666 0.453463
2.000000 0.085940 0.614590 0.203124 0.312498 0.444473
2.000000 0.078120 0.614590 0.218752 0.312498 0.430245
2.000000 0.078120 0.604165 0.218752 0.333333 0.408130
2.000000 0.742180 0.406255 0.140624 0.229167 0.313441
2.000000 0.062500 0.677080 0.218752 0.229167 0.406869
2.000000 0.062500 0.677080 0.218752 0.229167 0.407769
2.000000 0.062500 0.697915 0.218752 0.229167 0.385788
2.000000 0.062500 0.687505 0.218752 0.250002 0.400219
2.000000 0.062500 0.687505 0.218752 0.250002 0.444038
2.000000 0.804680 0.989590 0.234376 0.270834 0.739798
2.000000 0.062500 0.635410 0.218752 0.354165 0.397132
2.000000 0.796880 0.968755 0.250000 0.270834 0.718119
2.000000 0.054680 0.645835 0.171876 0.166668 0.602292
2.000000 0.312500 0.354160 0.156248 0.166668 0.320565
2.000000 0.023440 0.708340 0.203124 0.208332 0.672826
2.000000 0.039060 0.718750 0.203124 0.229167 0.309332
2.000000 0.062500 0.635410 0.218752 0.354165 0.400132
2.000000 0.804680 0.968755 0.234376 0.270834 0.734850
2.000000 0.968740 0.406255 0.156248 0.229167 0.308692
2.000000 0.039060 0.718750 0.203124 0.229167 0.337108
2.000000 0.062500 0.625000 0.218752 0.375000 0.402428
2.000000 0.804680 0.958330 0.265624 0.250002 0.702461
2.000000 0.976560 0.406255 0.171876 0.229167 0.310024
2.000000 0.046880 0.687505 0.218752 0.250002 0.442293
2.000000 0.796880 0.958330 0.250000 0.250002 0.714462
2.000000 0.039060 0.697915 0.203124 0.270834 0.453720
2.000000 0.804680 0.937495 0.265624 0.250002 0.694552
2.000000 0.031240 0.718750 0.218752 0.229167 0.456746
2.000000 0.796880 0.937495 0.250000 0.250002 0.690419
2.000000 0.031240 0.708340 0.218752 0.250002 0.504127
2.000000 0.796880 0.927085 0.250000 0.229167 0.683754
2.000000 0.968740 0.385420 0.156248 0.229167 0.303409
2.000000 0.031240 0.729160 0.218752 0.250002 0.490884
2.000000 0.789060 0.916660 0.203124 0.250002 0.677503
2.000000 0.968740 0.374995 0.187500 0.250002 0.323571
2.000000 0.023440 0.729160 0.234376 0.250002 0.471066
2.000000 0.789060 0.906250 0.203124 0.229167 0.690625
2.000000 0.960940 0.385420 0.171876 0.229167 0.334735
2.000000 0.015620 0.729160 0.218752 0.250002 0.477342
2.000000 0.781240 0.895840 0.218752 0.250002 0.688145
2.000000 0.968740 0.395830 0.156248 0.208332 0.321007
2.000000 0.007820 0.729160 0.234376 0.250002 0.516021
2.000000 0.789060 0.885415 0.203124 0.229167 0.663767
2.000000 0.023440 0.718750 0.203124 0.187500 0.675771
2.000000 0.968740 0.395830 0.156248 0.208332 0.324861
2.000000 0.007820 0.729160 0.234376 0.250002 0.516207
2.000000 0.781240 0.875005 0.218752 0.250002 0.675746
2.000000 0.968740 0.374995 0.156248 0.208332 0.351197
2.000000 0.007820 0.729160 0.234376 0.250002 0.503464
2.000000 0.781240 0.875005 0.218752 0.250002 0.691459
2.000000 0.968740 0.374995 0.156248 0.208332 0.363552
2.000000 0.007820 0.729160 0.234376 0.250002 0.518757
2.000000 0.781240 0.875005 0.218752 0.250002 0.674995
2.000000 0.023440 0.625000 0.234376 0.333333 0.339811
2.000000 0.968740 0.374995 0.156248 0.208332 0.392486
2.000000 0.007820 0.739585 0.234376 0.270834 0.549602
2.000000 0.789060 0.854170 0.234376 0.250002 0.635562
2.000000 0.015620 0.593755 0.218752 0.270834 0.346589
2.000000 0.968740 0.364585 0.156248 0.229167 0.390373
2.000000 0.000000 0.739585 0.218752 0.270834 0.569706
2.000000 0.781240 0.854170 0.218752 0.250002 0.625865
2.000000 0.015620 0.583330 0.218752 0.250002 0.319219
2.000000 0.968740 0.374995 0.156248 0.208332 0.387235
2.000000 0.007820 0.749995 0.234376 0.250002 0.556932
2.000000 0.781240 0.854170 0.218752 0.250002 0.605501
2.000000 0.968740 0.364585 0.156248 0.229167 0.397384
2.000000 0.773440 0.854170 0.203124 0.250002 0.627529
2.000000 0.968740 0.374995 0.156248 0.208332 0.427152
2.000000 0.773440 0.843745 0.203124 0.229167 0.663680
2.000000 0.007820 0.593755 0.234376 0.270834 0.324115
2.000000 0.968740 0.374995 0.156248 0.208332 0.440235
2.000000 0.773440 0.843745 0.203124 0.229167 0.612275
2.000000 0.007820 0.604165 0.234376 0.291666 0.328426
2.000000 0.968740 0.364585 0.156248 0.229167 0.443661
2.000000 0.773440 0.833335 0.203124 0.208332 0.566583
2.000000 0.312500 0.354160 0.156248 0.166668 0.319943
2.000000 0.023440 0.718750 0.203124 0.187500 0.661322
2.000000 0.007820 0.604165 0.234376 0.291666 0.326380
2.000000 0.968740 0.364585 0.156248 0.229167 0.448355
2.000000 0.765620 0.822910 0.187500 0.229167 0.605374
2.000000 0.000000 0.593755 0.250000 0.270834 0.314231
2.000000 0.968740 0.364585 0.156248 0.229167 0.438269
2.000000 0.765620 0.812500 0.187500 0.208332 0.600018
2.000000 0.007820 0.593755 0.234376 0.270834 0.360437
2.000000 0.968740 0.364585 0.156248 0.229167 0.443675
2.000000 0.765620 0.812500 0.187500 0.208332 0.594363
2.000000 0.000000 0.593755 0.250000 0.270834 0.336688
2.000000 0.960940 0.364585 0.171876 0.229167 0.447047
2.000000 0.765620 0.812500 0.187500 0.208332 0.577394
2.000000 0.960940 0.364585 0.171876 0.229167 0.457806
2.000000 0.765620 0.812500 0.187500 0.208332 0.594662
2.000000 0.960940 0.364585 0.171876 0.229167 0.471240
2.000000 0.765620 0.802090 0.187500 0.229167 0.604477
2.000000 0.960940 0.364585 0.171876 0.229167 0.466936
2.000000 0.765620 0.791665 0.187500 0.208332 0.568817
2.000000 0.960940 0.364585 0.171876 0.229167 0.466047
2.000000 0.757820 0.791665 0.171876 0.208332 0.547758
2.000000 0.960940 0.354160 0.171876 0.208332 0.466421
2.000000 0.757820 0.791665 0.171876 0.208332 0.584270
2.000000 0.960940 0.354160 0.171876 0.208332 0.462546
2.000000 0.757820 0.770830 0.171876 0.208332 0.565183
2.000000 0.312500 0.343750 0.156248 0.187500 0.301102
2.000000 0.023440 0.718750 0.203124 0.187500 0.654297
2.000000 0.960940 0.343750 0.171876 0.229167 0.471057
2.000000 0.757820 0.770830 0.171876 0.208332 0.595160
2.000000 0.960940 0.343750 0.171876 0.229167 0.442774
2.000000 0.757820 0.760420 0.171876 0.187500 0.623389
2.000000 0.960940 0.354160 0.171876 0.208332 0.403994
2.000000 0.757820 0.760420 0.171876 0.187500 0.615799
2.000000 0.960940 0.354160 0.171876 0.208332 0.399771
2.000000 0.757820 0.760420 0.171876 0.187500 0.537891
2.000000 0.960940 0.354160 0.171876 0.208332 0.415695
2.000000 0.757820 0.749995 0.171876 0.208332 0.574117
2.000000 0.960940 0.354160 0.171876 0.208332 0.434054
2.000000 0.757820 0.749995 0.171876 0.208332 0.568671
2.000000 0.960940 0.354160 0.171876 0.208332 0.424080
2.000000 0.757820 0.749995 0.171876 0.208332 0.564038
2.000000 0.960940 0.354160 0.171876 0.208332 0.410964
2.000000 0.757820 0.739585 0.171876 0.187500 0.566062
2.000000 0.960940 0.354160 0.171876 0.208332 0.415826
2.000000 0.757820 0.739585 0.171876 0.187500 0.524385
2.000000 0.968740 0.354160 0.156248 0.208332 0.396017
2.000000 0.757820 0.729160 0.171876 0.208332 0.564283
2.000000 0.007820 0.718750 0.203124 0.187500 0.582612
2.000000 0.960940 0.354160 0.171876 0.208332 0.416194
2.000000 0.757820 0.729160 0.171876 0.208332 0.531121
2.000000 0.757820 0.718750 0.171876 0.187500 0.464113
2.000000 0.960940 0.343750 0.171876 0.229167 0.464713
2.000000 0.757820 0.718750 0.171876 0.187500 0.452165
2.000000 0.953120 0.322915 0.156248 0.229167 0.457664
2.000000 0.750000 0.708340 0.156248 0.166668 0.450356
2.000000 0.953120 0.322915 0.156248 0.229167 0.451487
2.000000 0.960940 0.333340 0.171876 0.208332 0.424092
2.000000 0.750000 0.697915 0.156248 0.187500 0.452945
2.000000 0.953120 0.322915 0.156248 0.229167 0.426282
2.000000 0.742180 0.687505 0.171876 0.208332 0.482431
2.000000 0.953120 0.322915 0.156248 0.229167 0.426350
2.000000 0.742180 0.687505 0.171876 0.208332 0.505127
2.000000 0.953120 0.322915 0.156248 0.229167 0.431755
2.000000 0.742180 0.687505 0.171876 0.208332 0.473513
2.000000 0.953120 0.333340 0.156248 0.208332 0.406335
2.000000 0.750000 0.687505 0.156248 0.208332 0.422063
2.000000 0.750000 0.677080 0.156248 0.187500 0.362118
2.000000 0.953120 0.322915 0.156248 0.229167 0.403000
2.000000 0.007820 0.729160 0.203124 0.208332 0.594858
2.000000 0.750000 0.677080 0.156248 0.187500 0.366376
2.000000 0.953120 0.322915 0.156248 0.229167 0.403998
2.000000 0.742180 0.677080 0.171876 0.187500 0.358913
2.000000 0.945320 0.312505 0.140624 0.250002 0.401271
2.000000 0.750000 0.677080 0.156248 0.187500 0.311605
2.000000 0.953120 0.312505 0.156248 0.250002 0.389197
2.000000 0.742180 0.656245 0.140624 0.187500 0.331709
2.000000 0.953120 0.312505 0.156248 0.250002 0.348840
2.000000 0.742180 0.656245 0.140624 0.187500 0.333614
2.000000 0.953120 0.312505 0.156248 0.250002 0.342595
2.000000 0.953120 0.302080 0.156248 0.229167 0.345894
2.000000 0.734380 0.645835 0.156248 0.208332 0.396866
2.000000 0.742180 0.645835 0.140624 0.208332 0.352953
2.000000 0.945320 0.302080 0.140624 0.229167 0.364387
2.000000 0.945320 0.302080 0.140624 0.229167 0.361889
2.000000 0.734380 0.635410 0.156248 0.187500 0.364862
2.000000 0.945320 0.291670 0.140624 0.250002 0.361452
2.000000 0.742180 0.635410 0.140624 0.187500 0.365068
2.000000 0.945320 0.302080 0.140624 0.270834 0.359926
2.000000 0.742180 0.635410 0.140624 0.187500 0.369842
2.000000 0.312500 0.322915 0.156248 0.187500 0.307457
2.000000 0.023440 0.437500 0.140624 0.125001 0.312637
2.000000 0.000000 0.729160 0.218752 0.208332 0.535061
2.000000 0.750000 0.635410 0.156248 0.187500 0.342862
2.000000 0.945320 0.291670 0.140624 0.250002 0.359609
2.000000 0.945320 0.291670 0.140624 0.250002 0.367873
2.000000 0.750000 0.635410 0.156248 0.187500 0.388588
2.000000 0.945320 0.291670 0.140624 0.250002 0.354049
2.000000 0.742180 0.635410 0.171876 0.187500 0.393165
2.000000 0.945320 0.291670 0.140624 0.250002 0.339653
2.000000 0.750000 0.625000 0.156248 0.166668 0.384639
2.000000 0.945320 0.291670 0.140624 0.250002 0.360318
2.000000 0.742180 0.625000 0.171876 0.166668 0.396867
2.000000 0.945320 0.291670 0.140624 0.250002 0.344133
2.000000 0.742180 0.625000 0.171876 0.166668 0.386397
2.000000 0.992180 0.552085 0.140624 0.187500 0.390259
2.000000 0.945320 0.291670 0.140624 0.250002 0.321666
2.000000 0.742180 0.614590 0.171876 0.187500 0.336132
2.000000 0.992180 0.552085 0.140624 0.187500 0.361143
2.000000 0.742180 0.614590 0.171876 0.187500 0.303045
2.000000 0.945320 0.291670 0.140624 0.250002 0.317267
2.000000 0.992180 0.552085 0.140624 0.187500 0.378901
2.000000 0.945320 0.291670 0.140624 0.250002 0.307550
2.000000 0.984380 0.552085 0.156248 0.187500 0.375620
2.000000 0.984380 0.531250 0.156248 0.187500 0.347175
2.000000 0.023440 0.437500 0.140624 0.125001 0.316665
2.000000 0.312500 0.333340 0.156248 0.208332 0.324721
2.000000 0.000000 0.729160 0.218752 0.208332 0.549734
2.000000 0.976560 0.531250 0.140624 0.187500 0.312415
2.000000 0.992180 0.531250 0.171876 0.187500 0.473365
2.000000 0.992180 0.531250 0.171876 0.187500 0.474200
2.000000 0.992180 0.531250 0.171876 0.187500 0.475138
2.000000 0.992180 0.520840 0.171876 0.208332 0.472331
2.000000 0.992180 0.520840 0.171876 0.208332 0.463653
2.000000 0.992180 0.520840 0.171876 0.208332 0.454644
2.000000 0.992180 0.520840 0.171876 0.208332 0.455904
2.000000 0.984380 0.531250 0.156248 0.187500 0.404536
2.000000 0.312500 0.333340 0.156248 0.208332 0.327467
2.000000 0.984380 0.520840 0.156248 0.208332 0.357514
2.000000 0.750000 0.552085 0.125000 0.187500 0.306428
2.000000 0.984380 0.510415 0.156248 0.187500 0.378413
2.000000 0.742180 0.552085 0.140624 0.187500 0.324519
2.000000 0.984380 0.510415 0.156248 0.187500 0.396851
2.000000 0.984380 0.510415 0.156248 0.187500 0.336631
2.000000 0.742180 0.552085 0.140624 0.187500 0.353589
2.000000 0.984380 0.510415 0.187500 0.187500 0.348890
2.000000 0.742180 0.552085 0.140624 0.187500 0.380742
2.000000 0.984380 0.510415 0.187500 0.187500 0.337185
2.000000 0.742180 0.541660 0.140624 0.166668 0.371327
2.000000 0.742180 0.541660 0.140624 0.166668 0.352997
2.000000 0.984380 0.510415 0.156248 0.187500 0.316411
2.000000 0.750000 0.541660 0.125000 0.166668 0.348477
2.000000 0.992180 0.510415 0.171876 0.187500 0.308478
2.000000 0.742180 0.541660 0.140624 0.166668 0.360938
2.000000 0.992180 0.510415 0.171876 0.187500 0.313165
2.000000 0.742180 0.531250 0.140624 0.187500 0.339768
2.000000 0.312500 0.333340 0.156248 0.208332 0.317394
2.000000 0.742180 0.531250 0.140624 0.187500 0.334528
2.000000 0.984380 0.500005 0.156248 0.166668 0.302814
2.000000 0.742180 0.531250 0.140624 0.187500 0.325605
2.000000 0.750000 0.520840 0.125000 0.166668 0.301993
2.000000 0.984380 0.500005 0.156248 0.166668 0.310806
2.000000 0.984380 0.500005 0.156248 0.166668 0.335360
2.000000 0.750000 0.520840 0.125000 0.166668 0.356302
2.000000 0.984380 0.500005 0.156248 0.166668 0.367865
2.000000 0.750000 0.520840 0.125000 0.166668 0.308418
2.000000 0.984380 0.500005 0.156248 0.166668 0.317080
2.000000 0.984380 0.500005 0.156248 0.166668 0.333979
2.000000 0.984380 0.500005 0.156248 0.166668 0.345049
2.000000 0.984380 0.500005 0.156248 0.166668 0.338844
2.000000 0.054680 0.645835 0.171876 0.166668 0.615341
2.000000 0.984380 0.500005 0.156248 0.166668 0.334840
2.000000 0.812500 0.989590 0.281248 0.395832 0.757502
2.000000 0.804680 0.989590 0.296872 0.395832 0.747378
2.000000 0.796880 0.989590 0.281248 0.395832 0.732178
2.000000 0.804680 0.968755 0.296872 0.395832 0.733355
2.000000 0.054680 0.645835 0.171876 0.166668 0.585598
2.000000 0.796880 0.968755 0.281248 0.395832 0.704355
2.000000 0.804680 0.947920 0.265624 0.395832 0.701887
2.000000 0.789060 0.947920 0.265624 0.395832 0.692666
2.000000 0.789060 0.947920 0.265624 0.395832 0.679136
2.000000 0.796880 0.937495 0.281248 0.375000 0.714349
2.000000 0.281260 0.416665 0.156248 0.166668 0.318243
2.000000 0.796880 0.927085 0.281248 0.395832 0.722700
2.000000 0.281260 0.406255 0.156248 0.187500 0.344834
2.000000 0.789060 0.927085 0.265624 0.395832 0.711618
2.000000 0.281260 0.406255 0.156248 0.187500 0.330323
2.000000 0.789060 0.916660 0.265624 0.375000 0.706824
2.000000 0.789060 0.916660 0.265624 0.375000 0.718568
2.000000 0.789060 0.906250 0.265624 0.354165 0.722675
2.000000 0.054680 0.645835 0.171876 0.166668 0.538287
2.000000 0.273440 0.406255 0.171876 0.187500 0.311728
2.000000 0.781240 0.895840 0.250000 0.375000 0.682456
2.000000 0.265620 0.416665 0.156248 0.166668 0.307295
2.000000 0.781240 0.895840 0.250000 0.375000 0.683901
2.000000 0.265620 0.416665 0.156248 0.166668 0.309353
2.000000 0.781240 0.885415 0.250000 0.395832 0.681929
2.000000 0.265620 0.416665 0.156248 0.166668 0.343416
2.000000 0.781240 0.875005 0.250000 0.375000 0.696529
2.000000 0.257820 0.406255 0.171876 0.187500 0.343080
2.000000 0.781240 0.875005 0.250000 0.375000 0.741285
2.000000 0.257820 0.416665 0.171876 0.208332 0.327063
2.000000 0.781240 0.875005 0.250000 0.375000 0.741092
2.000000 0.257820 0.416665 0.171876 0.208332 0.349448
2.000000 0.781240 0.864580 0.250000 0.354165 0.724615
2.000000 0.257820 0.416665 0.171876 0.208332 0.335679
2.000000 0.773440 0.854170 0.234376 0.375000 0.709584
2.000000 0.257820 0.416665 0.171876 0.208332 0.359781
2.000000 0.781240 0.843745 0.250000 0.354165 0.726691
2.000000 0.257820 0.416665 0.171876 0.208332 0.360065
2.000000 0.781240 0.843745 0.250000 0.354165 0.696177
2.000000 0.054680 0.645835 0.171876 0.166668 0.485198
2.000000 0.257820 0.416665 0.171876 0.208332 0.310624
2.000000 0.781240 0.843745 0.250000 0.354165 0.678752
2.000000 0.257820 0.416665 0.171876 0.208332 0.381897
2.000000 0.773440 0.833335 0.234376 0.333333 0.728746
2.000000 0.257820 0.416665 0.171876 0.208332 0.392214
2.000000 0.773440 0.833335 0.234376 0.333333 0.682540
2.000000 0.257820 0.416665 0.171876 0.208332 0.380711
2.000000 0.773440 0.833335 0.234376 0.333333 0.701289
2.000000 0.265620 0.406255 0.187500 0.229167 0.373482
2.000000 0.773440 0.812500 0.234376 0.333333 0.687806
2.000000 0.265620 0.395830 0.187500 0.208332 0.386597
2.000000 0.773440 0.812500 0.234376 0.333333 0.684238
2.000000 0.250000 0.406255 0.187500 0.229167 0.332694
2.000000 0.765620 0.812500 0.218752 0.333333 0.667951
2.000000 0.250000 0.416665 0.187500 0.208332 0.327449
2.000000 0.765620 0.812500 0.218752 0.333333 0.632166
2.000000 0.250000 0.416665 0.187500 0.208332 0.327821
2.000000 0.765620 0.812500 0.218752 0.333333 0.616816
2.000000 0.250000 0.416665 0.187500 0.208332 0.301011
2.000000 0.765620 0.802090 0.218752 0.312498 0.560378
2.000000 0.312500 0.343750 0.156248 0.145833 0.314700
2.000000 0.046880 0.666670 0.187500 0.166668 0.514456
2.000000 0.250000 0.416665 0.187500 0.208332 0.300504
2.000000 0.218760 0.479170 0.156248 0.166668 0.310764
2.000000 0.765620 0.791665 0.218752 0.333333 0.543473
2.000000 0.242180 0.427090 0.203124 0.229167 0.307770
2.000000 0.210940 0.479170 0.171876 0.166668 0.320719
2.000000 0.773440 0.791665 0.234376 0.333333 0.575275
2.000000 0.250000 0.427090 0.187500 0.229167 0.304954
2.000000 0.218760 0.479170 0.156248 0.166668 0.307783
2.000000 0.773440 0.781255 0.234376 0.312498 0.568218
2.000000 0.210940 0.468745 0.171876 0.187500 0.306212
2.000000 0.242180 0.416665 0.203124 0.250002 0.334252
2.000000 0.773440 0.781255 0.234376 0.312498 0.566202
2.000000 0.210940 0.468745 0.171876 0.187500 0.344107
2.000000 0.765620 0.770830 0.218752 0.333333 0.543203
2.000000 0.210940 0.479170 0.171876 0.166668 0.387498
2.000000 0.765620 0.770830 0.218752 0.333333 0.492906
2.000000 0.210940 0.479170 0.171876 0.166668 0.447127
2.000000 0.765620 0.760420 0.218752 0.312498 0.469891
2.000000 0.195320 0.489580 0.171876 0.187500 0.426047
2.000000 0.757820 0.760420 0.203124 0.312498 0.520548
2.000000 0.195320 0.500005 0.171876 0.166668 0.438450
2.000000 0.757820 0.760420 0.203124 0.312498 0.520295
2.000000 0.195320 0.500005 0.171876 0.166668 0.456093
2.000000 0.757820 0.749995 0.203124 0.291666 0.537647
2.000000 0.046880 0.666670 0.187500 0.166668 0.512323
2.000000 0.195320 0.500005 0.171876 0.166668 0.443105
2.000000 0.757820 0.749995 0.203124 0.291666 0.496565
2.000000 0.195320 0.500005 0.171876 0.166668 0.466329
2.000000 0.757820 0.749995 0.203124 0.291666 0.546913
2.000000 0.187500 0.500005 0.156248 0.166668 0.470590
2.000000 0.757820 0.729160 0.203124 0.291666 0.557992
2.000000 0.187500 0.500005 0.156248 0.166668 0.480547
2.000000 0.757820 0.729160 0.203124 0.291666 0.570434
2.000000 0.171880 0.500005 0.156248 0.166668 0.493870
2.000000 0.757820 0.729160 0.203124 0.291666 0.581697
2.000000 0.171880 0.520840 0.156248 0.166668 0.534428
2.000000 0.757820 0.729160 0.203124 0.291666 0.588873
2.000000 0.171880 0.520840 0.156248 0.166668 0.512783
2.000000 0.757820 0.708340 0.203124 0.291666 0.573601
2.000000 0.171880 0.520840 0.156248 0.166668 0.489621
2.000000 0.757820 0.708340 0.203124 0.291666 0.571271
2.000000 0.171880 0.520840 0.156248 0.166668 0.480378
2.000000 0.750000 0.708340 0.187500 0.291666 0.585401
2.000000 0.156240 0.520840 0.156248 0.166668 0.509513
2.000000 0.750000 0.697915 0.187500 0.312498 0.549495
2.000000 0.312500 0.343750 0.156248 0.145833 0.302763
2.000000 0.046880 0.666670 0.187500 0.166668 0.549814
2.000000 0.750000 0.687505 0.187500 0.291666 0.518908
2.000000 0.156240 0.520840 0.156248 0.166668 0.525890
2.000000 0.750000 0.687505 0.187500 0.291666 0.452506
2.000000 0.164060 0.531250 0.171876 0.187500 0.527940
2.000000 0.750000 0.687505 0.187500 0.291666 0.436372
2.000000 0.164060 0.531250 0.171876 0.187500 0.531783
2.000000 0.750000 0.687505 0.187500 0.291666 0.460307
2.000000 0.164060 0.531250 0.171876 0.187500 0.514596
2.000000 0.750000 0.687505 0.187500 0.291666 0.456508
2.000000 0.164060 0.531250 0.171876 0.187500 0.511892
2.000000 0.750000 0.677080 0.187500 0.270834 0.479438
2.000000 0.156240 0.531250 0.187500 0.187500 0.493027
2.000000 0.156240 0.531250 0.187500 0.187500 0.460411
2.000000 0.750000 0.666670 0.187500 0.291666 0.474280
2.000000 0.148440 0.552085 0.171876 0.187500 0.453834
2.000000 0.750000 0.677080 0.187500 0.270834 0.455759
2.000000 0.750000 0.677080 0.187500 0.270834 0.437808
2.000000 0.156240 0.562495 0.187500 0.166668 0.457852
2.000000 0.750000 0.666670 0.187500 0.291666 0.405588
2.000000 0.148440 0.552085 0.171876 0.187500 0.444963
