2.000000 0.257820 0.947920 0.265624 0.395832 0.659645
2.000000 0.226560 0.895840 0.265624 0.375000 0.708796
2.000000 0.054680 0.552085 0.203124 0.354165 0.462268
2.000000 0.054680 0.572920 0.203124 0.312498 0.513952
2.000000 0.054680 0.572920 0.203124 0.312498 0.525017
2.000000 0.054680 0.593755 0.203124 0.270834 0.551474
2.000000 0.054680 0.562495 0.203124 0.291666 0.539473
2.000000 0.054680 0.562495 0.203124 0.291666 0.537435
2.000000 0.054680 0.562495 0.203124 0.291666 0.519853
2.000000 0.054680 0.572920 0.203124 0.270834 0.562548
2.000000 0.054680 0.572920 0.203124 0.270834 0.602223
2.000000 0.054680 0.572920 0.203124 0.270834 0.627265
2.000000 0.226560 0.895840 0.265624 0.375000 0.676093
2.000000 0.054680 0.572920 0.203124 0.270834 0.621075
2.000000 0.054680 0.552085 0.203124 0.270834 0.612040
2.000000 0.054680 0.552085 0.203124 0.270834 0.611857
2.000000 0.046880 0.552085 0.187500 0.270834 0.621925
2.000000 0.046880 0.552085 0.187500 0.270834 0.614885
2.000000 0.039060 0.552085 0.203124 0.270834 0.589057
2.000000 0.046880 0.552085 0.187500 0.270834 0.586100
2.000000 0.046880 0.552085 0.187500 0.270834 0.599667
2.000000 0.039060 0.552085 0.203124 0.270834 0.610016
2.000000 0.039060 0.531250 0.203124 0.270834 0.627959
2.000000 0.218760 0.895840 0.281248 0.375000 0.700752
2.000000 0.039060 0.531250 0.203124 0.270834 0.623675
2.000000 0.031240 0.520840 0.187500 0.291666 0.597846
2.000000 0.031240 0.531250 0.187500 0.270834 0.619299
2.000000 0.031240 0.520840 0.187500 0.291666 0.604305
2.000000 0.031240 0.520840 0.187500 0.291666 0.613749
2.000000 0.031240 0.520840 0.187500 0.291666 0.598925
2.000000 0.031240 0.520840 0.187500 0.291666 0.614930
2.000000 0.031240 0.510415 0.187500 0.270834 0.609277
2.000000 0.031240 0.520840 0.187500 0.291666 0.596170
2.000000 0.031240 0.500005 0.187500 0.291666 0.597116
2.000000 0.218760 0.885415 0.281248 0.395832 0.702554
2.000000 0.031240 0.500005 0.187500 0.291666 0.599613
2.000000 0.031240 0.510415 0.187500 0.270834 0.612515
2.000000 0.031240 0.510415 0.187500 0.270834 0.608211
2.000000 0.023440 0.510415 0.171876 0.270834 0.611579
2.000000 0.031240 0.500005 0.187500 0.291666 0.585541
2.000000 0.031240 0.510415 0.187500 0.270834 0.545086
2.000000 0.031240 0.510415 0.187500 0.270834 0.547915
2.000000 0.031240 0.510415 0.187500 0.270834 0.529539
2.000000 0.023440 0.510415 0.203124 0.270834 0.549487
2.000000 0.023440 0.510415 0.203124 0.270834 0.560713
2.000000 0.210940 0.885415 0.265624 0.395832 0.733010
2.000000 0.015620 0.510415 0.187500 0.270834 0.565014
2.000000 0.023440 0.500005 0.203124 0.250002 0.575195
2.000000 0.023440 0.500005 0.203124 0.250002 0.572431
2.000000 0.023440 0.500005 0.203124 0.250002 0.589898
2.000000 0.015620 0.500005 0.187500 0.250002 0.578561
2.000000 0.023440 0.500005 0.203124 0.250002 0.599504
2.000000 0.023440 0.500005 0.203124 0.250002 0.522817
2.000000 0.015620 0.500005 0.187500 0.250002 0.480003
2.000000 0.015620 0.500005 0.187500 0.250002 0.460809
2.000000 0.015620 0.489580 0.187500 0.229167 0.435644
2.000000 0.164060 0.593755 0.265624 0.395832 0.330804
2.000000 0.210940 0.875005 0.265624 0.375000 0.727187
2.000000 0.015620 0.489580 0.187500 0.229167 0.423899
2.000000 0.015620 0.479170 0.187500 0.250002 0.449914
2.000000 0.015620 0.479170 0.187500 0.250002 0.429598
2.000000 0.015620 0.489580 0.187500 0.229167 0.391974
2.000000 0.015620 0.489580 0.187500 0.229167 0.324187
2.000000 0.171880 0.989590 0.250000 0.270834 0.760525
2.000000 0.164060 0.989590 0.234376 0.270834 0.748120
2.000000 0.164060 0.989590 0.234376 0.270834 0.758616
2.000000 0.156260 0.968755 0.250000 0.270834 0.771970
2.000000 0.156260 0.968755 0.250000 0.270834 0.773977
2.000000 0.164060 0.583330 0.265624 0.375000 0.339838
2.000000 0.210940 0.875005 0.265624 0.375000 0.703834
2.000000 0.156260 0.968755 0.250000 0.270834 0.766285
2.000000 0.156260 0.958330 0.250000 0.250002 0.765511
2.000000 0.156260 0.947920 0.250000 0.270834 0.747787
2.000000 0.148440 0.947920 0.234376 0.270834 0.669663
2.000000 0.148440 0.947920 0.234376 0.270834 0.639325
2.000000 0.140620 0.927085 0.250000 0.270834 0.651204
2.000000 0.132820 0.927085 0.234376 0.270834 0.628009
2.000000 0.132820 0.927085 0.234376 0.270834 0.642070
2.000000 0.125000 0.906250 0.218752 0.270834 0.655075
2.000000 0.117180 0.906250 0.234376 0.270834 0.697518
2.000000 0.164060 0.583330 0.265624 0.375000 0.322009
2.000000 0.203120 0.875005 0.281248 0.375000 0.694130
2.000000 0.117180 0.895840 0.234376 0.250002 0.720925
2.000000 0.117180 0.895840 0.234376 0.250002 0.717557
2.000000 0.117180 0.885415 0.234376 0.229167 0.742363
2.000000 0.117180 0.875005 0.234376 0.250002 0.746327
2.000000 0.117180 0.875005 0.234376 0.250002 0.750162
2.000000 0.109380 0.875005 0.218752 0.250002 0.745992
2.000000 0.109380 0.854170 0.218752 0.250002 0.759489
2.000000 0.109380 0.854170 0.218752 0.250002 0.745904
2.000000 0.101560 0.854170 0.234376 0.250002 0.745810
2.000000 0.109380 0.854170 0.218752 0.250002 0.745768
2.000000 0.203120 0.875005 0.250000 0.375000 0.701485
2.000000 0.101560 0.854170 0.234376 0.250002 0.752738
2.000000 0.093760 0.854170 0.218752 0.250002 0.756553
2.000000 0.101560 0.833335 0.234376 0.250002 0.749956
2.000000 0.093760 0.833335 0.218752 0.250002 0.751307
2.000000 0.093760 0.833335 0.218752 0.250002 0.757887
2.000000 0.093760 0.822910 0.218752 0.229167 0.760487
2.000000 0.093760 0.812500 0.218752 0.250002 0.763962
2.000000 0.093760 0.812500 0.218752 0.250002 0.764143
2.000000 0.085940 0.812500 0.203124 0.250002 0.760961
2.000000 0.085940 0.802090 0.203124 0.229167 0.763946
2.000000 0.164060 0.572920 0.265624 0.354165 0.328054
2.000000 0.195320 0.854170 0.265624 0.375000 0.745253
2.000000 0.085940 0.802090 0.203124 0.229167 0.763435
2.000000 0.078120 0.791665 0.218752 0.250002 0.743421
2.000000 0.070320 0.791665 0.203124 0.250002 0.731626
2.000000 0.070320 0.781255 0.203124 0.229167 0.725063
2.000000 0.070320 0.781255 0.203124 0.229167 0.733004
2.000000 0.070320 0.781255 0.203124 0.229167 0.709966
2.000000 0.070320 0.760420 0.203124 0.229167 0.689988
2.000000 0.070320 0.760420 0.203124 0.229167 0.698907
2.000000 0.078120 0.760420 0.218752 0.229167 0.700385
2.000000 0.070320 0.760420 0.203124 0.229167 0.704013
2.000000 0.250000 0.947920 0.281248 0.395832 0.684981
2.000000 0.164060 0.562495 0.265624 0.333333 0.362732
2.000000 0.195320 0.854170 0.265624 0.375000 0.730626
2.000000 0.070320 0.760420 0.203124 0.229167 0.697885
2.000000 0.070320 0.760420 0.203124 0.229167 0.690109
2.000000 0.070320 0.749995 0.203124 0.250002 0.674756
2.000000 0.054680 0.749995 0.203124 0.208332 0.638966
2.000000 0.054680 0.739585 0.203124 0.229167 0.644558
2.000000 0.062500 0.739585 0.218752 0.229167 0.642893
2.000000 0.062500 0.739585 0.218752 0.229167 0.643189
2.000000 0.062500 0.739585 0.218752 0.229167 0.620471
2.000000 0.062500 0.739585 0.218752 0.229167 0.573064
2.000000 0.046880 0.729160 0.187500 0.208332 0.587850
2.000000 0.164060 0.552085 0.265624 0.312498 0.381029
2.000000 0.195320 0.854170 0.265624 0.375000 0.726553
2.000000 0.046880 0.718750 0.187500 0.187500 0.596797
2.000000 0.039060 0.718750 0.171876 0.187500 0.659256
2.000000 0.039060 0.718750 0.171876 0.187500 0.632291
2.000000 0.039060 0.708340 0.171876 0.208332 0.634631
2.000000 0.039060 0.708340 0.171876 0.208332 0.627460
2.000000 0.039060 0.697915 0.171876 0.187500 0.616467
2.000000 0.039060 0.697915 0.171876 0.187500 0.626256
2.000000 0.039060 0.687505 0.171876 0.208332 0.672302
2.000000 0.039060 0.687505 0.171876 0.208332 0.704936
2.000000 0.039060 0.687505 0.171876 0.208332 0.702264
2.000000 0.164060 0.552085 0.265624 0.312498 0.361095
2.000000 0.195320 0.843745 0.265624 0.354165 0.724627
2.000000 0.031240 0.687505 0.187500 0.208332 0.702366
2.000000 0.031240 0.687505 0.187500 0.208332 0.687211
2.000000 0.031240 0.687505 0.187500 0.208332 0.705748
2.000000 0.031240 0.677080 0.187500 0.229167 0.708843
2.000000 0.031240 0.677080 0.187500 0.229167 0.710727
2.000000 0.031240 0.666670 0.187500 0.208332 0.713028
2.000000 0.031240 0.666670 0.187500 0.208332 0.694937
2.000000 0.023440 0.666670 0.203124 0.208332 0.707285
2.000000 0.023440 0.666670 0.203124 0.208332 0.693473
2.000000 0.031240 0.645835 0.187500 0.208332 0.680216
2.000000 0.164060 0.552085 0.265624 0.312498 0.373284
2.000000 0.187500 0.843745 0.250000 0.354165 0.730317
2.000000 0.023440 0.645835 0.203124 0.208332 0.672510
2.000000 0.015620 0.645835 0.187500 0.208332 0.686694
2.000000 0.015620 0.645835 0.187500 0.208332 0.694385
2.000000 0.015620 0.645835 0.187500 0.208332 0.696083
2.000000 0.015620 0.645835 0.187500 0.208332 0.695706
2.000000 0.015620 0.635410 0.187500 0.187500 0.713947
2.000000 0.015620 0.645835 0.187500 0.208332 0.702465
2.000000 0.015620 0.635410 0.187500 0.187500 0.698508
2.000000 0.015620 0.635410 0.187500 0.187500 0.685987
2.000000 0.015620 0.635410 0.187500 0.187500 0.650174
2.000000 0.164060 0.562495 0.265624 0.291666 0.406371
2.000000 0.187500 0.833335 0.250000 0.375000 0.714870
2.000000 0.023440 0.625000 0.171876 0.166668 0.662571
2.000000 0.015620 0.614590 0.187500 0.187500 0.658570
2.000000 0.015620 0.614590 0.187500 0.187500 0.662135
2.000000 0.015620 0.614590 0.187500 0.187500 0.666513
2.000000 0.023440 0.614590 0.171876 0.187500 0.641078
2.000000 0.015620 0.614590 0.187500 0.187500 0.609867
2.000000 0.015620 0.604165 0.187500 0.208332 0.601800
2.000000 0.015620 0.614590 0.187500 0.187500 0.600789
2.000000 0.015620 0.614590 0.187500 0.187500 0.582907
2.000000 0.015620 0.604165 0.187500 0.208332 0.572206
2.000000 0.156260 0.562495 0.281248 0.291666 0.427644
2.000000 0.187500 0.833335 0.250000 0.375000 0.730140
2.000000 0.007820 0.604165 0.171876 0.208332 0.536982
2.000000 0.015620 0.593755 0.187500 0.187500 0.589722
2.000000 0.015620 0.593755 0.187500 0.187500 0.577620
2.000000 0.015620 0.583330 0.187500 0.208332 0.500482
2.000000 0.007820 0.572920 0.171876 0.187500 0.513637
2.000000 0.015620 0.572920 0.187500 0.187500 0.571212
2.000000 0.007820 0.572920 0.171876 0.187500 0.539634
2.000000 0.007820 0.583330 0.171876 0.166668 0.529493
2.000000 0.007820 0.572920 0.171876 0.187500 0.525376
2.000000 0.000000 0.583330 0.156248 0.166668 0.522843
2.000000 0.156260 0.552085 0.281248 0.270834 0.373083
2.000000 0.187500 0.822910 0.250000 0.354165 0.703266
2.000000 0.000000 0.572920 0.156248 0.187500 0.426860
2.000000 0.226560 0.989590 0.234376 0.270834 0.760967
2.000000 0.000000 0.572920 0.156248 0.187500 0.392838
2.000000 0.210940 0.989590 0.234376 0.270834 0.781849
2.000000 0.007820 0.572920 0.171876 0.187500 0.402270
2.000000 0.210940 0.989590 0.234376 0.270834 0.790350
2.000000 0.000000 0.562495 0.156248 0.166668 0.417268
2.000000 0.210940 0.968755 0.234376 0.270834 0.757662
2.000000 0.000000 0.562495 0.156248 0.166668 0.417510
2.000000 0.203120 0.958330 0.218752 0.250002 0.763319
2.000000 0.195320 0.958330 0.234376 0.250002 0.757952
2.000000 0.195320 0.947920 0.234376 0.270834 0.741724
2.000000 0.195320 0.947920 0.234376 0.270834 0.738008
2.000000 0.195320 0.937495 0.234376 0.250002 0.747568
2.000000 0.187500 0.927085 0.218752 0.270834 0.744635
2.000000 0.164060 0.562495 0.265624 0.291666 0.356983
2.000000 0.187500 0.822910 0.250000 0.354165 0.698808
2.000000 0.179680 0.916660 0.234376 0.250002 0.756858
2.000000 0.000000 0.531250 0.156248 0.187500 0.475027
2.000000 0.179680 0.916660 0.234376 0.250002 0.742862
2.000000 0.179680 0.916660 0.234376 0.250002 0.733935
2.000000 0.171880 0.906250 0.218752 0.229167 0.728607
2.000000 0.171880 0.895840 0.218752 0.250002 0.724595
2.000000 0.171880 0.885415 0.218752 0.229167 0.711297
2.000000 0.164060 0.885415 0.203124 0.229167 0.701151
2.000000 0.156260 0.885415 0.218752 0.229167 0.700991
2.000000 0.156260 0.875005 0.218752 0.250002 0.704792
2.000000 0.148440 0.864580 0.203124 0.229167 0.720371
2.000000 0.148440 0.552085 0.265624 0.270834 0.376472
2.000000 0.187500 0.822910 0.250000 0.354165 0.722513
2.000000 0.148440 0.854170 0.203124 0.250002 0.730073
2.000000 0.140620 0.854170 0.218752 0.250002 0.719792
2.000000 0.140620 0.843745 0.218752 0.229167 0.717419
2.000000 0.140620 0.833335 0.218752 0.250002 0.731436
2.000000 0.140620 0.833335 0.218752 0.250002 0.718280
2.000000 0.140620 0.822910 0.218752 0.229167 0.676363
2.000000 0.140620 0.812500 0.218752 0.250002 0.677727
2.000000 0.132820 0.812500 0.234376 0.250002 0.679343
2.000000 0.125000 0.812500 0.218752 0.250002 0.670577
2.000000 0.125000 0.802090 0.218752 0.229167 0.672375
2.000000 0.148440 0.541660 0.265624 0.291666 0.342766
2.000000 0.187500 0.822910 0.250000 0.354165 0.713388
2.000000 0.125000 0.802090 0.218752 0.229167 0.682545
2.000000 0.125000 0.791665 0.218752 0.250002 0.678002
2.000000 0.125000 0.791665 0.218752 0.250002 0.659134
2.000000 0.125000 0.781255 0.218752 0.229167 0.649532
2.000000 0.117180 0.770830 0.203124 0.250002 0.649066
2.000000 0.109380 0.770830 0.218752 0.250002 0.630888
2.000000 0.117180 0.770830 0.203124 0.250002 0.608121
2.000000 0.109380 0.760420 0.218752 0.229167 0.616798
2.000000 0.109380 0.760420 0.218752 0.229167 0.610556
2.000000 0.101560 0.749995 0.203124 0.208332 0.618847
2.000000 0.250000 0.937495 0.281248 0.375000 0.690245
2.000000 0.148440 0.541660 0.265624 0.291666 0.338896
2.000000 0.179680 0.812500 0.265624 0.375000 0.664748
2.000000 0.101560 0.739585 0.203124 0.229167 0.648009
2.000000 0.148440 0.531250 0.265624 0.270834 0.345932
2.000000 0.171880 0.802090 0.250000 0.354165 0.666308
2.000000 0.140620 0.541660 0.250000 0.291666 0.334725
2.000000 0.164060 0.802090 0.234376 0.354165 0.634538
2.000000 0.132820 0.541660 0.265624 0.291666 0.305663
2.000000 0.156260 0.802090 0.250000 0.354165 0.655051
2.000000 0.156260 0.802090 0.250000 0.354165 0.651231
2.000000 0.117180 0.552085 0.265624 0.312498 0.406512
2.000000 0.156260 0.791665 0.250000 0.375000 0.649183
2.000000 0.117180 0.541660 0.265624 0.291666 0.377235
2.000000 0.156260 0.791665 0.250000 0.333333 0.665821
2.000000 0.117180 0.541660 0.265624 0.291666 0.369257
2.000000 0.156260 0.781255 0.250000 0.354165 0.666762
2.000000 0.117180 0.531250 0.265624 0.270834 0.335668
2.000000 0.156260 0.781255 0.250000 0.354165 0.667722
2.000000 0.148440 0.770830 0.234376 0.333333 0.663872
2.000000 0.250000 0.937495 0.281248 0.375000 0.720039
2.000000 0.140620 0.770830 0.250000 0.333333 0.657786
2.000000 0.140620 0.770830 0.250000 0.333333 0.635406
2.000000 0.140620 0.770830 0.250000 0.333333 0.618614
2.000000 0.132820 0.760420 0.234376 0.312498 0.594014
2.000000 0.125000 0.760420 0.250000 0.312498 0.589092
2.000000 0.125000 0.760420 0.250000 0.312498 0.575358
2.000000 0.125000 0.760420 0.250000 0.312498 0.532161
2.000000 0.125000 0.760420 0.250000 0.312498 0.570588
2.000000 0.125000 0.760420 0.250000 0.312498 0.562249
2.000000 0.125000 0.760420 0.250000 0.312498 0.614633
2.000000 0.242180 0.937495 0.265624 0.375000 0.734625
2.000000 0.117180 0.739585 0.234376 0.312498 0.584720
2.000000 0.117180 0.739585 0.234376 0.312498 0.641896
2.000000 0.125000 0.739585 0.218752 0.312498 0.622305
2.000000 0.117180 0.739585 0.234376 0.312498 0.584313
2.000000 0.117180 0.739585 0.234376 0.312498 0.573905
2.000000 0.117180 0.729160 0.234376 0.291666 0.544469
2.000000 0.117180 0.729160 0.234376 0.291666 0.529799
2.000000 0.117180 0.718750 0.234376 0.312498 0.492983
2.000000 0.117180 0.718750 0.234376 0.312498 0.503544
2.000000 0.117180 0.718750 0.234376 0.312498 0.509669
2.000000 0.242180 0.937495 0.265624 0.375000 0.716918
2.000000 0.109380 0.697915 0.218752 0.312498 0.512968
2.000000 0.109380 0.697915 0.218752 0.312498 0.582591
2.000000 0.109380 0.697915 0.218752 0.312498 0.567836
2.000000 0.101560 0.697915 0.234376 0.312498 0.591558
2.000000 0.101560 0.687505 0.234376 0.291666 0.590324
2.000000 0.101560 0.687505 0.234376 0.291666 0.599673
2.000000 0.101560 0.687505 0.234376 0.291666 0.612845
2.000000 0.093760 0.687505 0.218752 0.291666 0.609018
2.000000 0.093760 0.687505 0.218752 0.291666 0.588505
2.000000 0.093760 0.677080 0.218752 0.312498 0.546791
2.000000 0.242180 0.916660 0.265624 0.375000 0.700278
2.000000 0.093760 0.677080 0.218752 0.312498 0.533723
2.000000 0.093760 0.666670 0.218752 0.291666 0.582536
2.000000 0.093760 0.666670 0.218752 0.291666 0.607800
2.000000 0.085940 0.666670 0.203124 0.291666 0.592029
2.000000 0.085940 0.666670 0.203124 0.291666 0.621497
2.000000 0.085940 0.666670 0.203124 0.291666 0.608300
2.000000 0.085940 0.666670 0.203124 0.291666 0.582117
2.000000 0.085940 0.666670 0.203124 0.291666 0.594574
2.000000 0.085940 0.666670 0.203124 0.291666 0.603123
2.000000 0.085940 0.666670 0.203124 0.291666 0.566013
2.000000 0.234380 0.916660 0.281248 0.375000 0.718075
2.000000 0.078120 0.656245 0.218752 0.312498 0.542231
2.000000 0.070320 0.645835 0.203124 0.291666 0.544772
2.000000 0.070320 0.645835 0.203124 0.291666 0.545619
2.000000 0.070320 0.645835 0.203124 0.291666 0.584444
2.000000 0.070320 0.645835 0.203124 0.291666 0.572783
2.000000 0.070320 0.645835 0.203124 0.291666 0.551447
2.000000 0.070320 0.645835 0.203124 0.291666 0.543024
2.000000 0.070320 0.635410 0.203124 0.270834 0.536085
2.000000 0.070320 0.635410 0.203124 0.270834 0.528746
2.000000 0.070320 0.635410 0.203124 0.270834 0.449147
2.000000 0.234380 0.906250 0.281248 0.395832 0.684932
2.000000 0.070320 0.635410 0.203124 0.270834 0.390464
2.000000 0.070320 0.635410 0.203124 0.270834 0.409091
2.000000 0.070320 0.583330 0.203124 0.333333 0.441397
2.000000 0.070320 0.572920 0.203124 0.354165 0.418145
2.000000 0.070320 0.541660 0.203124 0.416667 0.372800
2.000000 0.062500 0.541660 0.218752 0.416667 0.400472
2.000000 0.070320 0.541660 0.203124 0.416667 0.417840
2.000000 0.070320 0.531250 0.203124 0.395832 0.422220
2.000000 0.070320 0.541660 0.203124 0.375000 0.437805
2.000000 0.062500 0.531250 0.187500 0.395832 0.410980
