2.000000 0.283205 0.045140 0.074218 0.118055 0.560969
2.000000 0.732420 0.104165 0.097656 0.180556 0.744945
2.000000 0.269530 0.121530 0.093750 0.159722 0.772226
2.000000 0.257810 0.065970 0.070312 0.104166 0.662727
2.000000 0.238280 0.163195 0.109375 0.173611 0.772466
2.000000 0.722655 0.069445 0.085938 0.166667 0.791781
2.000000 0.082030 0.284720 0.132812 0.222222 0.749915
2.000000 0.867190 0.177085 0.085938 0.131944 0.771256
2.000000 0.900390 0.861110 0.214844 0.305555 0.800678
2.000000 0.406250 0.079860 0.085938 0.104166 0.819442
2.000000 0.865235 0.173610 0.089844 0.138889 0.762541
2.000000 0.076170 0.291665 0.128906 0.222222 0.796001
2.000000 0.892580 0.829860 0.207032 0.312500 0.811778
2.000000 0.404295 0.083335 0.082031 0.111111 0.827664
2.000000 0.863280 0.170140 0.085938 0.131944 0.767796
2.000000 0.070310 0.298610 0.132812 0.222222 0.808520
2.000000 0.402345 0.083335 0.085938 0.111111 0.829486
2.000000 0.880860 0.802085 0.199219 0.298611 0.870686
2.000000 0.066405 0.305555 0.132812 0.222222 0.639779
2.000000 0.861330 0.163195 0.089844 0.131944 0.781706
2.000000 0.400390 0.086805 0.082031 0.118055 0.841700
2.000000 0.871095 0.774305 0.195312 0.270834 0.856866
2.000000 0.060545 0.312500 0.136719 0.222222 0.567649
2.000000 0.859375 0.159720 0.085938 0.125000 0.772271
2.000000 0.398440 0.090280 0.085938 0.111111 0.842210
2.000000 0.865235 0.746530 0.191406 0.256945 0.848817
2.000000 0.052735 0.315970 0.136719 0.229166 0.687576
2.000000 0.857420 0.156250 0.089844 0.118055 0.791666
2.000000 0.859375 0.725695 0.187500 0.270834 0.823977
2.000000 0.392580 0.093750 0.082031 0.118055 0.842565
2.000000 0.857420 0.152780 0.089844 0.125000 0.770516
2.000000 0.046875 0.322915 0.140625 0.229166 0.840131
2.000000 0.390625 0.097220 0.085938 0.111111 0.845613
2.000000 0.853515 0.697915 0.191406 0.243055 0.860681
2.000000 0.042970 0.333335 0.140625 0.236111 0.752120
2.000000 0.855470 0.149305 0.085938 0.118055 0.777397
2.000000 0.388670 0.100695 0.082031 0.118055 0.840996
2.000000 0.853515 0.677085 0.199219 0.243055 0.860076
2.000000 0.033205 0.340280 0.144532 0.236111 0.718231
2.000000 0.855470 0.142360 0.093750 0.118055 0.747271
2.000000 0.386720 0.104165 0.085938 0.111111 0.828782
2.000000 0.851560 0.663195 0.203125 0.243055 0.848023
2.000000 0.027345 0.343750 0.140625 0.243055 0.706613
2.000000 0.853515 0.138890 0.089844 0.125000 0.734286
2.000000 0.835935 0.638890 0.179688 0.236111 0.809571
2.000000 0.384765 0.111110 0.089844 0.111111 0.823841
2.000000 0.234375 0.170140 0.101562 0.173611 0.651559
2.000000 0.257810 0.072915 0.070312 0.118055 0.654250
2.000000 0.720705 0.065970 0.089844 0.159722 0.789893
2.000000 0.849610 0.135415 0.082031 0.118055 0.726213
2.000000 0.828125 0.611110 0.171875 0.236111 0.784081
2.000000 0.021485 0.357640 0.144532 0.243055 0.793522
2.000000 0.382810 0.114585 0.085938 0.118055 0.843959
2.000000 0.845705 0.128470 0.082031 0.118055 0.768785
2.000000 0.822265 0.593750 0.167969 0.215278 0.798612
2.000000 0.015625 0.361110 0.148438 0.250000 0.804735
2.000000 0.380860 0.121530 0.089844 0.118055 0.849655
2.000000 0.845705 0.128470 0.082031 0.118055 0.785781
2.000000 0.816405 0.583335 0.156250 0.222222 0.794472
2.000000 0.007815 0.364585 0.148438 0.256945 0.806053
2.000000 0.378905 0.128470 0.093750 0.118055 0.856034
2.000000 0.843750 0.125000 0.078125 0.111111 0.729672
2.000000 0.000000 0.378470 0.148438 0.256945 0.814228
2.000000 0.810545 0.562500 0.160156 0.208334 0.818797
2.000000 0.375000 0.135415 0.093750 0.118055 0.868580
2.000000 0.841795 0.118055 0.074218 0.111111 0.680771
2.000000 0.804690 0.552085 0.148438 0.215278 0.841306
2.000000 0.373045 0.135415 0.089844 0.118055 0.859403
2.000000 0.839845 0.114585 0.078125 0.118055 0.677924
2.000000 0.371095 0.142360 0.093750 0.118055 0.847528
2.000000 0.804690 0.538195 0.164062 0.215278 0.864341
2.000000 0.841795 0.114585 0.082031 0.118055 0.678916
2.000000 0.367185 0.145835 0.101562 0.125000 0.847780
2.000000 0.806640 0.520835 0.167969 0.208334 0.861103
2.000000 0.839845 0.107640 0.078125 0.118055 0.678609
2.000000 0.796875 0.506945 0.156250 0.208334 0.826420
2.000000 0.365235 0.145835 0.097656 0.125000 0.849644
2.000000 0.835935 0.104165 0.078125 0.111111 0.753238
2.000000 0.791015 0.489585 0.152344 0.201389 0.834979
2.000000 0.363280 0.156250 0.101562 0.118055 0.840128
2.000000 0.833985 0.100695 0.082031 0.118055 0.797859
2.000000 0.783205 0.475695 0.136719 0.201389 0.798705
2.000000 0.357420 0.159720 0.097656 0.125000 0.838795
2.000000 0.255860 0.076390 0.074218 0.125000 0.656690
2.000000 0.228515 0.173610 0.105469 0.180556 0.665181
2.000000 0.718750 0.065970 0.085938 0.159722 0.799574
2.000000 0.781250 0.461805 0.140625 0.201389 0.769336
2.000000 0.832030 0.097220 0.078125 0.111111 0.776529
2.000000 0.353515 0.166665 0.097656 0.125000 0.826340
2.000000 0.832030 0.090280 0.078125 0.111111 0.781441
2.000000 0.777345 0.444445 0.132812 0.194444 0.829531
2.000000 0.351565 0.173610 0.101562 0.125000 0.838870
2.000000 0.830080 0.090280 0.082031 0.111111 0.757349
2.000000 0.775390 0.437500 0.136719 0.194444 0.840366
2.000000 0.351565 0.180555 0.101562 0.125000 0.860763
2.000000 0.830080 0.086805 0.082031 0.104166 0.762118
2.000000 0.773440 0.427085 0.132812 0.187500 0.845185
2.000000 0.347655 0.184030 0.101562 0.131944 0.853529
2.000000 0.828125 0.083335 0.078125 0.111111 0.735913
2.000000 0.769530 0.416665 0.125000 0.180556 0.845223
2.000000 0.343750 0.190970 0.101562 0.131944 0.863621
2.000000 0.828125 0.076390 0.078125 0.111111 0.718932
2.000000 0.767580 0.402780 0.128906 0.180556 0.800570
2.000000 0.339845 0.197915 0.101562 0.131944 0.867480
2.000000 0.824220 0.072915 0.078125 0.118055 0.728352
2.000000 0.761720 0.392360 0.125000 0.173611 0.831255
2.000000 0.335935 0.204860 0.101562 0.131944 0.871868
2.000000 0.822265 0.072915 0.074218 0.104166 0.747560
2.000000 0.759765 0.378470 0.121093 0.173611 0.853334
2.000000 0.333985 0.208335 0.105469 0.125000 0.857556
2.000000 0.824220 0.069445 0.078125 0.111111 0.757636
2.000000 0.757810 0.364585 0.117188 0.173611 0.846291
2.000000 0.332030 0.215280 0.109375 0.138889 0.858742
2.000000 0.824220 0.069445 0.085938 0.111111 0.758711
2.000000 0.753905 0.354165 0.117188 0.180556 0.846819
2.000000 0.326170 0.222220 0.105469 0.138889 0.861837
2.000000 0.251955 0.083335 0.082031 0.125000 0.690667
2.000000 0.718750 0.062500 0.085938 0.152778 0.805333
2.000000 0.226560 0.184030 0.109375 0.173611 0.831405
2.000000 0.822265 0.062500 0.082031 0.111111 0.763176
2.000000 0.753905 0.343750 0.117188 0.173611 0.829322
2.000000 0.320315 0.229165 0.109375 0.138889 0.855857
2.000000 0.822265 0.055555 0.082031 0.111111 0.723966
2.000000 0.751955 0.340280 0.113282 0.166667 0.788737
2.000000 0.316405 0.236110 0.109375 0.138889 0.867614
2.000000 0.818360 0.055555 0.074218 0.111111 0.673514
2.000000 0.750000 0.326390 0.117188 0.166667 0.815871
2.000000 0.312500 0.246530 0.109375 0.145834 0.873366
2.000000 0.814455 0.052085 0.066406 0.104166 0.708338
2.000000 0.748045 0.319445 0.113282 0.166667 0.804244
2.000000 0.310545 0.253470 0.113282 0.145834 0.868546
2.000000 0.814455 0.052085 0.066406 0.104166 0.714914
2.000000 0.746095 0.309030 0.117188 0.159722 0.813409
2.000000 0.308595 0.253470 0.109375 0.145834 0.877484
2.000000 0.814455 0.045140 0.066406 0.104166 0.708186
2.000000 0.746095 0.298610 0.109375 0.152778 0.817382
2.000000 0.302735 0.263890 0.113282 0.152778 0.870181
2.000000 0.810545 0.041665 0.058594 0.097222 0.687557
2.000000 0.740235 0.291665 0.105469 0.152778 0.833915
2.000000 0.300780 0.270835 0.109375 0.152778 0.874106
2.000000 0.808595 0.041665 0.062500 0.097222 0.721056
2.000000 0.744140 0.284720 0.113282 0.152778 0.778336
2.000000 0.296875 0.277780 0.117188 0.152778 0.862700
2.000000 0.808595 0.041665 0.062500 0.097222 0.725220
2.000000 0.738280 0.274305 0.101562 0.145834 0.804127
2.000000 0.292970 0.284720 0.117188 0.152778 0.878595
2.000000 0.808595 0.034720 0.062500 0.097222 0.728140
2.000000 0.738280 0.267360 0.101562 0.145834 0.805564
2.000000 0.287110 0.295140 0.121093 0.159722 0.889161
2.000000 0.248045 0.083335 0.082031 0.125000 0.672528
2.000000 0.718750 0.059030 0.085938 0.159722 0.800810
2.000000 0.222655 0.187500 0.109375 0.180556 0.813729
2.000000 0.806640 0.031250 0.066406 0.104166 0.727298
2.000000 0.742185 0.260415 0.109375 0.145834 0.794288
2.000000 0.283205 0.302085 0.121093 0.159722 0.879281
2.000000 0.804690 0.031250 0.062500 0.104166 0.736783
2.000000 0.742185 0.253470 0.117188 0.145834 0.784247
2.000000 0.279295 0.312500 0.121093 0.166667 0.874642
2.000000 0.804690 0.027780 0.062500 0.097222 0.737103
2.000000 0.742185 0.246530 0.117188 0.145834 0.794841
2.000000 0.273440 0.319445 0.125000 0.166667 0.866648
2.000000 0.804690 0.027780 0.062500 0.097222 0.726380
2.000000 0.738280 0.239585 0.109375 0.145834 0.774200
2.000000 0.269530 0.329860 0.125000 0.173611 0.859714
2.000000 0.802735 0.024305 0.066406 0.090278 0.767067
2.000000 0.738280 0.232640 0.117188 0.145834 0.772527
2.000000 0.265625 0.336805 0.125000 0.173611 0.867690
2.000000 0.802735 0.020835 0.066406 0.097222 0.760169
2.000000 0.730470 0.222220 0.101562 0.138889 0.778903
2.000000 0.257810 0.343750 0.125000 0.173611 0.850830
2.000000 0.802735 0.020835 0.066406 0.097222 0.788010
2.000000 0.728515 0.215280 0.089844 0.138889 0.798379
2.000000 0.255860 0.354165 0.128906 0.166667 0.877719
2.000000 0.800780 0.013890 0.062500 0.097222 0.796102
2.000000 0.726565 0.208335 0.085938 0.138889 0.836897
2.000000 0.251955 0.364585 0.128906 0.173611 0.878132
2.000000 0.322265 0.000000 0.082031 0.125000 0.364074
2.000000 0.800780 0.013890 0.062500 0.097222 0.798799
2.000000 0.724610 0.201390 0.089844 0.138889 0.838359
2.000000 0.244140 0.375000 0.128906 0.180556 0.867373
2.000000 0.798830 0.006945 0.066406 0.097222 0.797846
2.000000 0.724610 0.194445 0.089844 0.125000 0.833419
2.000000 0.238280 0.385415 0.132812 0.173611 0.869747
2.000000 0.244140 0.090280 0.082031 0.125000 0.713127
2.000000 0.216795 0.197915 0.113282 0.187500 0.783487
2.000000 0.714845 0.055555 0.085938 0.152778 0.785085
2.000000 0.798830 0.006945 0.066406 0.097222 0.785755
2.000000 0.724610 0.190970 0.089844 0.131944 0.838554
2.000000 0.232420 0.395835 0.136719 0.180556 0.882727
2.000000 0.308595 0.013890 0.070312 0.125000 0.654165
2.000000 0.794920 0.006945 0.058594 0.097222 0.784724
2.000000 0.720705 0.187500 0.082031 0.125000 0.828291
2.000000 0.226560 0.406250 0.140625 0.187500 0.908277
2.000000 0.308595 0.013890 0.070312 0.125000 0.710158
2.000000 0.794920 0.003470 0.058594 0.090278 0.786451
2.000000 0.720705 0.180555 0.082031 0.125000 0.817379
2.000000 0.220705 0.420140 0.136719 0.187500 0.904195
2.000000 0.306640 0.013890 0.074218 0.125000 0.666732
2.000000 0.792970 0.003470 0.062500 0.090278 0.779711
2.000000 0.720705 0.173610 0.082031 0.125000 0.796914
2.000000 0.214845 0.427085 0.140625 0.187500 0.888209
2.000000 0.306640 0.013890 0.074218 0.138889 0.580395
2.000000 0.792970 0.000000 0.062500 0.097222 0.770985
2.000000 0.720705 0.166665 0.082031 0.125000 0.778624
2.000000 0.207030 0.440970 0.140625 0.187500 0.881527
2.000000 0.302735 0.020835 0.074218 0.138889 0.610919
2.000000 0.720705 0.159720 0.089844 0.125000 0.755734
2.000000 0.205080 0.454860 0.144532 0.201389 0.882241
2.000000 0.298830 0.027780 0.066406 0.125000 0.693541
2.000000 0.716795 0.156250 0.082031 0.118055 0.793335
2.000000 0.197265 0.465280 0.144532 0.194444 0.895636
2.000000 0.296875 0.031250 0.070312 0.118055 0.717463
2.000000 0.718750 0.149305 0.085938 0.118055 0.787817
2.000000 0.187500 0.482640 0.148438 0.201389 0.888389
2.000000 0.292970 0.034720 0.070312 0.125000 0.715316
2.000000 0.716795 0.145835 0.082031 0.125000 0.764297
2.000000 0.181640 0.489585 0.152344 0.201389 0.884979
2.000000 0.291015 0.038195 0.074218 0.118055 0.694146
2.000000 0.716795 0.138890 0.082031 0.125000 0.762300
2.000000 0.173830 0.506945 0.152344 0.208334 0.893765
2.000000 0.240235 0.093750 0.082031 0.131944 0.741501
2.000000 0.714845 0.052085 0.085938 0.159722 0.756054
2.000000 0.210935 0.201390 0.109375 0.180556 0.801132
2.000000 0.287110 0.034720 0.074218 0.125000 0.638325
2.000000 0.714845 0.135415 0.078125 0.118055 0.789079
2.000000 0.167970 0.520835 0.156250 0.208334 0.897967
2.000000 0.285155 0.041665 0.078125 0.125000 0.688155
2.000000 0.714845 0.131945 0.078125 0.111111 0.796227
2.000000 0.158205 0.534720 0.160156 0.222222 0.896104
2.000000 0.283205 0.041665 0.082031 0.125000 0.693397
2.000000 0.714845 0.128470 0.078125 0.118055 0.777339
2.000000 0.150390 0.548610 0.160156 0.222222 0.891587
2.000000 0.281250 0.048610 0.078125 0.125000 0.680598
2.000000 0.714845 0.118055 0.078125 0.111111 0.770476
2.000000 0.144530 0.565970 0.164062 0.229166 0.890831
2.000000 0.279295 0.048610 0.082031 0.125000 0.699878
2.000000 0.714845 0.114585 0.078125 0.118055 0.751197
2.000000 0.134765 0.583335 0.167969 0.236111 0.893930
2.000000 0.275390 0.052085 0.082031 0.131944 0.695459
2.000000 0.714845 0.111110 0.085938 0.111111 0.729692
2.000000 0.125000 0.604165 0.171875 0.236111 0.878212
2.000000 0.273440 0.055555 0.085938 0.138889 0.733896
2.000000 0.712890 0.104165 0.082031 0.111111 0.754169
2.000000 0.117190 0.621530 0.171875 0.243055 0.894938
2.000000 0.271485 0.055555 0.082031 0.138889 0.704162
2.000000 0.712890 0.104165 0.082031 0.111111 0.757726
2.000000 0.107420 0.638890 0.175781 0.250000 0.910029
2.000000 0.267580 0.062500 0.082031 0.138889 0.713435
2.000000 0.712890 0.097220 0.082031 0.111111 0.755313
2.000000 0.097655 0.656250 0.179688 0.256945 0.905803
2.000000 0.265625 0.062500 0.085938 0.138889 0.712769
2.000000 0.712890 0.090280 0.082031 0.111111 0.738048
2.000000 0.087890 0.677085 0.183593 0.270834 0.905327
2.000000 0.714845 0.048610 0.085938 0.152778 0.730968
2.000000 0.238280 0.097220 0.085938 0.125000 0.757064
2.000000 0.207030 0.204860 0.109375 0.187500 0.784709
2.000000 0.263670 0.065970 0.082031 0.131944 0.694414
2.000000 0.710940 0.083335 0.070312 0.111111 0.761039
2.000000 0.078125 0.690970 0.187500 0.270834 0.908631
2.000000 0.259765 0.069445 0.082031 0.138889 0.640605
2.000000 0.708985 0.083335 0.074218 0.111111 0.775470
2.000000 0.068360 0.718750 0.191406 0.284722 0.893450
2.000000 0.255860 0.076390 0.082031 0.138889 0.620577
2.000000 0.708985 0.079860 0.074218 0.104166 0.801864
2.000000 0.056640 0.739585 0.199219 0.298611 0.892743
2.000000 0.255860 0.076390 0.082031 0.138889 0.513696
2.000000 0.707030 0.072915 0.070312 0.104166 0.799826
2.000000 0.044920 0.763890 0.199219 0.291666 0.901812
2.000000 0.250000 0.079860 0.085938 0.145834 0.507787
2.000000 0.707030 0.072915 0.070312 0.104166 0.786203
2.000000 0.033205 0.788195 0.207032 0.298611 0.906460
2.000000 0.246095 0.083335 0.085938 0.138889 0.382436
2.000000 0.708985 0.065970 0.074218 0.104166 0.789738
2.000000 0.019530 0.809030 0.210938 0.298611 0.906775
2.000000 0.246095 0.086805 0.085938 0.145834 0.354544
2.000000 0.349610 0.000000 0.058594 0.097222 0.655596
2.000000 0.707030 0.062500 0.070312 0.111111 0.771668
2.000000 0.005860 0.836805 0.214844 0.312500 0.893475
2.000000 0.244140 0.083335 0.089844 0.152778 0.469528
2.000000 0.345705 0.000000 0.058594 0.097222 0.597054
2.000000 0.707030 0.059030 0.070312 0.104166 0.760108
2.000000 1.000000 0.427085 0.132812 0.187500 0.847329
2.000000 0.238280 0.097220 0.085938 0.138889 0.647539
2.000000 0.707030 0.052085 0.070312 0.104166 0.745731
2.000000 0.994140 0.420140 0.128906 0.187500 0.825576
2.000000 0.339845 0.000000 0.054688 0.097222 0.591076
2.000000 0.236330 0.100695 0.089844 0.145834 0.682654
2.000000 0.707030 0.052085 0.070312 0.104166 0.714793
2.000000 0.990235 0.402780 0.128906 0.180556 0.809929
2.000000 0.714845 0.048610 0.078125 0.152778 0.732450
2.000000 0.203125 0.211805 0.109375 0.187500 0.752579
2.000000 0.236330 0.100695 0.082031 0.131944 0.765433
2.000000 0.337890 0.000000 0.058594 0.097222 0.601396
2.000000 0.232420 0.104165 0.089844 0.138889 0.744950
2.000000 0.705080 0.052085 0.066406 0.104166 0.751270
2.000000 0.982420 0.392360 0.128906 0.173611 0.837144
2.000000 0.335935 0.003470 0.054688 0.104166 0.600118
2.000000 0.228515 0.107640 0.089844 0.145834 0.730125
2.000000 0.705080 0.048610 0.066406 0.097222 0.761507
2.000000 0.980470 0.385415 0.125000 0.173611 0.790173
2.000000 0.333985 0.006945 0.058594 0.097222 0.647166
2.000000 0.707030 0.045140 0.070312 0.104166 0.695136
2.000000 0.224610 0.111110 0.089844 0.152778 0.704717
2.000000 0.972655 0.375000 0.125000 0.180556 0.823634
2.000000 0.222655 0.114585 0.093750 0.145834 0.650598
2.000000 0.332030 0.006945 0.054688 0.097222 0.671711
2.000000 0.707030 0.041665 0.070312 0.097222 0.735175
2.000000 0.966795 0.364585 0.121093 0.173611 0.814794
2.000000 0.332030 0.013890 0.054688 0.097222 0.679643
2.000000 0.218750 0.118055 0.093750 0.152778 0.726064
2.000000 0.707030 0.038195 0.070312 0.090278 0.768974
2.000000 0.964845 0.361110 0.117188 0.166667 0.809550
2.000000 0.330080 0.013890 0.058594 0.097222 0.642399
2.000000 0.705080 0.034720 0.066406 0.097222 0.753346
2.000000 0.960940 0.347220 0.117188 0.166667 0.754083
2.000000 0.214845 0.118055 0.093750 0.152778 0.761565
2.000000 0.328125 0.017360 0.054688 0.090278 0.608279
2.000000 0.705080 0.027780 0.066406 0.097222 0.739349
2.000000 0.955080 0.340280 0.121093 0.166667 0.741261
2.000000 0.212890 0.121530 0.097656 0.159722 0.769339
2.000000 0.324220 0.020835 0.054688 0.097222 0.591157
2.000000 0.703125 0.027780 0.062500 0.097222 0.745956
2.000000 0.208985 0.128470 0.097656 0.159722 0.768056
2.000000 0.953125 0.329860 0.117188 0.159722 0.798310
2.000000 0.205080 0.131945 0.097656 0.166667 0.598174
2.000000 0.322265 0.020835 0.058594 0.097222 0.685755
2.000000 0.947265 0.322915 0.113282 0.159722 0.725668
2.000000 0.703125 0.020835 0.062500 0.097222 0.768467
2.000000 0.203125 0.135415 0.093750 0.159722 0.618567
2.000000 0.320315 0.027780 0.062500 0.097222 0.704421
2.000000 0.703125 0.020835 0.062500 0.097222 0.755103
2.000000 0.943360 0.315970 0.113282 0.159722 0.788028
2.000000 0.712890 0.045140 0.082031 0.145834 0.770588
2.000000 0.232420 0.107640 0.082031 0.131944 0.785016
2.000000 0.197265 0.222220 0.113282 0.194444 0.818865
2.000000 0.199220 0.138890 0.093750 0.166667 0.624456
2.000000 0.320315 0.027780 0.062500 0.097222 0.700424
2.000000 0.703125 0.017360 0.062500 0.090278 0.761781
2.000000 0.939455 0.302085 0.113282 0.159722 0.790643
2.000000 0.197265 0.145835 0.097656 0.166667 0.563946
2.000000 0.318360 0.034720 0.066406 0.097222 0.728092
2.000000 0.935545 0.295140 0.113282 0.159722 0.748196
2.000000 0.701170 0.010415 0.058594 0.090278 0.753421
2.000000 0.191405 0.145835 0.101562 0.152778 0.593600
2.000000 0.929690 0.284720 0.109375 0.152778 0.669141
2.000000 0.316405 0.034720 0.062500 0.097222 0.715199
2.000000 0.701170 0.010415 0.058594 0.090278 0.717672
2.000000 0.187500 0.149305 0.101562 0.159722 0.493870
2.000000 0.927735 0.281250 0.105469 0.145834 0.701616
2.000000 0.312500 0.038195 0.062500 0.104166 0.702644
2.000000 0.701170 0.006945 0.058594 0.083334 0.743305
2.000000 0.185545 0.156250 0.097656 0.159722 0.540215
2.000000 0.310545 0.041665 0.066406 0.097222 0.680174
2.000000 0.923830 0.274305 0.105469 0.145834 0.736385
2.000000 0.699220 0.006945 0.054688 0.083334 0.754242
2.000000 0.181640 0.159720 0.105469 0.166667 0.503002
2.000000 0.701170 0.003470 0.058594 0.090278 0.743927
2.000000 0.921875 0.267360 0.101562 0.145834 0.746055
2.000000 0.306640 0.045140 0.066406 0.104166 0.748133
2.000000 0.177735 0.166665 0.105469 0.166667 0.564161
2.000000 0.441405 0.000000 0.070312 0.125000 0.694333
2.000000 0.701170 0.000000 0.058594 0.083334 0.736512
2.000000 0.917970 0.260415 0.101562 0.145834 0.747656
2.000000 0.306640 0.045140 0.066406 0.104166 0.790047
2.000000 0.175780 0.173610 0.101562 0.166667 0.603857
2.000000 0.441405 0.006945 0.070312 0.125000 0.691216
2.000000 0.701170 0.000000 0.058594 0.083334 0.751344
2.000000 0.302735 0.048610 0.066406 0.097222 0.792699
2.000000 0.914060 0.253470 0.101562 0.145834 0.805971
2.000000 0.173830 0.177085 0.105469 0.173611 0.476707
2.000000 0.437500 0.010415 0.070312 0.131944 0.699331
2.000000 0.300780 0.052085 0.062500 0.104166 0.757945
2.000000 0.912110 0.246530 0.105469 0.145834 0.802992
2.000000 0.169920 0.177085 0.105469 0.173611 0.402543
2.000000 0.437500 0.013890 0.070312 0.125000 0.713553
2.000000 0.298830 0.052085 0.066406 0.104166 0.763086
2.000000 0.906250 0.243055 0.101562 0.138889 0.768608
2.000000 0.277345 0.034720 0.070312 0.097222 0.388740
2.000000 0.267580 0.118055 0.089844 0.180556 0.754030
2.000000 0.730470 0.097220 0.093750 0.180556 0.784452
2.000000 0.228515 0.107640 0.082031 0.131944 0.765402
2.000000 0.712890 0.041665 0.082031 0.152778 0.771184
2.000000 0.189455 0.225695 0.113282 0.187500 0.793790
2.000000 0.164065 0.184030 0.109375 0.173611 0.388197
2.000000 0.904295 0.232640 0.097656 0.145834 0.743165
2.000000 0.435545 0.013890 0.074218 0.125000 0.746361
2.000000 0.296875 0.055555 0.062500 0.097222 0.747600
2.000000 0.343750 0.006945 0.062500 0.097222 0.420027
2.000000 0.160155 0.190970 0.109375 0.173611 0.441695
2.000000 0.291015 0.059030 0.066406 0.104166 0.734181
2.000000 0.435545 0.020835 0.074218 0.125000 0.763429
2.000000 0.900390 0.229165 0.097656 0.138889 0.776892
2.000000 0.156250 0.194445 0.109375 0.180556 0.337859
2.000000 0.339845 0.020835 0.062500 0.111111 0.428636
2.000000 0.287110 0.062500 0.066406 0.097222 0.714245
2.000000 0.900390 0.222220 0.097656 0.138889 0.734093
2.000000 0.431640 0.024305 0.074218 0.118055 0.786166
2.000000 0.150390 0.201390 0.105469 0.180556 0.447671
2.000000 0.339845 0.013890 0.062500 0.111111 0.451143
2.000000 0.896485 0.218750 0.097656 0.131944 0.688655
2.000000 0.285155 0.065970 0.070312 0.104166 0.693770
2.000000 0.431640 0.027780 0.074218 0.125000 0.794882
2.000000 0.337890 0.034720 0.066406 0.138889 0.462792
2.000000 0.890625 0.208335 0.093750 0.138889 0.667689
2.000000 0.283205 0.069445 0.074218 0.097222 0.701289
2.000000 0.148440 0.201390 0.109375 0.180556 0.718887
2.000000 0.429690 0.027780 0.070312 0.125000 0.793726
2.000000 0.335935 0.010415 0.062500 0.090278 0.486776
2.000000 0.888670 0.201390 0.089844 0.138889 0.679934
2.000000 0.283205 0.072915 0.074218 0.104166 0.725330
2.000000 0.144530 0.208335 0.109375 0.180556 0.763539
2.000000 0.427735 0.031250 0.074218 0.131944 0.780447
2.000000 0.333985 0.010415 0.058594 0.090278 0.459248
2.000000 0.281250 0.079860 0.078125 0.104166 0.703484
2.000000 0.886720 0.194445 0.093750 0.138889 0.723255
2.000000 0.140625 0.215280 0.109375 0.180556 0.730751
2.000000 0.425780 0.031250 0.078125 0.131944 0.732974
2.000000 0.332030 0.010415 0.062500 0.090278 0.525972
2.000000 0.134765 0.222220 0.113282 0.180556 0.666934
2.000000 0.425780 0.034720 0.078125 0.125000 0.710901
2.000000 0.275390 0.079860 0.074218 0.104166 0.743651
2.000000 0.884765 0.187500 0.089844 0.138889 0.747709
2.000000 0.328125 0.013890 0.062500 0.083334 0.505015
2.000000 0.130860 0.229165 0.113282 0.180556 0.723366
2.000000 0.421875 0.034720 0.078125 0.125000 0.745435
2.000000 0.884765 0.184030 0.089844 0.131944 0.753430
2.000000 0.273440 0.079860 0.070312 0.104166 0.771688
2.000000 0.326170 0.020835 0.066406 0.083334 0.528680
2.000000 0.419920 0.041665 0.074218 0.125000 0.750488
2.000000 0.880860 0.180555 0.089844 0.138889 0.764702
2.000000 0.269530 0.083335 0.070312 0.111111 0.786089
2.000000 0.128905 0.232640 0.117188 0.187500 0.823012
2.000000 0.187500 0.236110 0.117188 0.194444 0.722856
2.000000 0.226560 0.107640 0.085938 0.131944 0.758982
2.000000 0.712890 0.034720 0.082031 0.152778 0.791363
2.000000 0.324220 0.020835 0.062500 0.083334 0.490539
2.000000 0.878905 0.177085 0.085938 0.131944 0.701876
2.000000 0.267580 0.086805 0.074218 0.104166 0.769940
2.000000 0.417970 0.045140 0.078125 0.131944 0.779763
2.000000 0.121095 0.239585 0.117188 0.187500 0.788975
2.000000 0.320315 0.020835 0.062500 0.083334 0.596702
2.000000 0.875000 0.170140 0.085938 0.131944 0.651491
2.000000 0.417970 0.048610 0.078125 0.138889 0.731430
2.000000 0.267580 0.090280 0.074218 0.111111 0.757569
2.000000 0.117190 0.246530 0.117188 0.187500 0.782146
2.000000 0.318360 0.027780 0.066406 0.083334 0.605333
2.000000 0.873045 0.159720 0.082031 0.125000 0.675159
2.000000 0.414060 0.055555 0.078125 0.138889 0.689732
2.000000 0.113280 0.253470 0.117188 0.187500 0.768025
2.000000 0.263670 0.093750 0.074218 0.118055 0.784827
2.000000 0.316405 0.024305 0.062500 0.090278 0.656330
2.000000 0.412110 0.055555 0.082031 0.138889 0.721556
2.000000 0.871095 0.159720 0.085938 0.125000 0.760492
2.000000 0.105470 0.256945 0.125000 0.194444 0.771427
2.000000 0.263670 0.097220 0.074218 0.111111 0.811308
2.000000 0.316405 0.024305 0.062500 0.090278 0.671806
2.000000 0.408205 0.059030 0.082031 0.145834 0.715645
2.000000 0.869140 0.152780 0.089844 0.125000 0.767808
2.000000 0.101560 0.263890 0.125000 0.194444 0.789808
2.000000 0.261720 0.104165 0.078125 0.111111 0.813315
2.000000 0.312500 0.024305 0.062500 0.090278 0.671554
2.000000 0.408205 0.062500 0.082031 0.152778 0.690189
2.000000 0.867190 0.149305 0.085938 0.118055 0.784353
2.000000 0.095705 0.267360 0.128906 0.201389 0.809171
2.000000 0.257810 0.104165 0.078125 0.111111 0.827408
2.000000 0.312500 0.027780 0.062500 0.097222 0.649943
2.000000 0.404295 0.065970 0.082031 0.145834 0.717316
2.000000 0.865235 0.142360 0.082031 0.118055 0.754803
2.000000 0.253905 0.107640 0.078125 0.118055 0.810042
2.000000 0.091795 0.274305 0.128906 0.201389 0.833505
2.000000 0.310545 0.034720 0.058594 0.097222 0.607791
2.000000 0.863280 0.138890 0.078125 0.125000 0.737556
2.000000 0.402345 0.065970 0.085938 0.145834 0.764125
2.000000 0.250000 0.107640 0.078125 0.118055 0.799187
2.000000 0.087890 0.281250 0.128906 0.201389 0.862432
2.000000 0.310545 0.038195 0.058594 0.090278 0.600089
2.000000 0.861330 0.135415 0.082031 0.118055 0.720021
2.000000 0.400390 0.069445 0.082031 0.152778 0.744998
2.000000 0.246095 0.111110 0.078125 0.125000 0.748100
2.000000 0.083985 0.284720 0.128906 0.208334 0.851423
2.000000 0.304690 0.038195 0.062500 0.090278 0.639392
2.000000 0.398440 0.076390 0.085938 0.152778 0.698518
2.000000 0.857420 0.128470 0.082031 0.118055 0.784088
2.000000 0.242190 0.118055 0.078125 0.111111 0.811511
2.000000 0.074220 0.291665 0.132812 0.208334 0.820493
2.000000 0.220705 0.114585 0.089844 0.131944 0.749063
2.000000 0.183595 0.236110 0.117188 0.194444 0.785532
2.000000 0.712890 0.034720 0.082031 0.152778 0.791521
2.000000 0.396485 0.083335 0.082031 0.152778 0.636295
2.000000 0.302735 0.041665 0.066406 0.097222 0.714480
2.000000 0.857420 0.125000 0.082031 0.111111 0.805935
2.000000 0.242190 0.118055 0.078125 0.125000 0.814402
2.000000 0.070310 0.298610 0.132812 0.208334 0.841810
2.000000 0.390625 0.083335 0.085938 0.152778 0.644549
2.000000 0.300780 0.045140 0.070312 0.104166 0.690768
2.000000 0.236330 0.121530 0.082031 0.118055 0.795701
2.000000 0.853515 0.121530 0.082031 0.118055 0.804629
2.000000 0.066405 0.309030 0.132812 0.215278 0.854463
2.000000 0.390625 0.086805 0.085938 0.159722 0.572178
2.000000 0.298830 0.048610 0.066406 0.097222 0.690076
2.000000 0.853515 0.118055 0.082031 0.111111 0.790933
2.000000 0.232420 0.128470 0.082031 0.118055 0.802051
2.000000 0.058595 0.315970 0.132812 0.215278 0.836631
2.000000 0.390625 0.093750 0.085938 0.159722 0.614608
2.000000 0.294920 0.048610 0.066406 0.097222 0.644001
2.000000 0.851560 0.111110 0.078125 0.111111 0.788703
2.000000 0.232420 0.131945 0.082031 0.111111 0.798004
2.000000 0.054685 0.322915 0.132812 0.229166 0.839512
2.000000 0.386720 0.097220 0.085938 0.166667 0.572513
2.000000 0.292970 0.052085 0.070312 0.104166 0.646443
2.000000 0.851560 0.111110 0.078125 0.111111 0.778606
2.000000 0.228515 0.135415 0.082031 0.118055 0.826684
2.000000 0.046875 0.326390 0.140625 0.222222 0.866901
2.000000 0.291015 0.055555 0.074218 0.111111 0.548030
2.000000 0.384765 0.104165 0.089844 0.166667 0.639478
2.000000 0.847655 0.104165 0.078125 0.111111 0.761971
2.000000 0.226560 0.142360 0.085938 0.118055 0.833895
2.000000 0.042970 0.336805 0.140625 0.229166 0.871280
2.000000 0.380860 0.111110 0.089844 0.166667 0.476117
2.000000 0.289060 0.059030 0.070312 0.104166 0.579196
2.000000 0.845705 0.100695 0.074218 0.104166 0.785522
2.000000 0.222655 0.145835 0.085938 0.125000 0.820495
2.000000 0.037110 0.347220 0.144532 0.236111 0.868867
2.000000 0.285155 0.065970 0.070312 0.090278 0.569140
2.000000 0.378905 0.111110 0.093750 0.166667 0.607703
2.000000 0.845705 0.097220 0.074218 0.111111 0.774740
2.000000 0.218750 0.152780 0.085938 0.125000 0.827413
2.000000 0.031250 0.350695 0.140625 0.243055 0.843658
2.000000 0.378905 0.114585 0.093750 0.173611 0.495089
2.000000 0.281250 0.069445 0.070312 0.097222 0.607111
2.000000 0.845705 0.090280 0.074218 0.111111 0.765372
2.000000 0.025390 0.357640 0.144532 0.243055 0.793723
2.000000 0.216795 0.152780 0.089844 0.125000 0.799961
2.000000 0.375000 0.121530 0.093750 0.173611 0.568608
2.000000 0.279295 0.072915 0.066406 0.090278 0.634961
2.000000 0.841795 0.090280 0.074218 0.111111 0.772505
2.000000 0.210935 0.156250 0.085938 0.131944 0.794570
2.000000 0.017580 0.368055 0.152344 0.250000 0.828976
2.000000 0.216795 0.118055 0.089844 0.138889 0.756217
2.000000 0.179685 0.246530 0.117188 0.201389 0.764672
2.000000 0.710940 0.031250 0.085938 0.159722 0.798881
2.000000 0.277345 0.072915 0.070312 0.090278 0.648928
2.000000 0.371095 0.125000 0.093750 0.166667 0.657050
2.000000 0.839845 0.086805 0.078125 0.104166 0.791186
2.000000 0.208985 0.159720 0.082031 0.125000 0.798779
2.000000 0.011720 0.368055 0.148438 0.250000 0.859662
2.000000 0.369140 0.125000 0.097656 0.166667 0.691364
2.000000 0.273440 0.076390 0.070312 0.097222 0.714915
2.000000 0.207030 0.163195 0.085938 0.131944 0.769661
2.000000 0.839845 0.083335 0.078125 0.111111 0.786021
2.000000 0.005860 0.381945 0.152344 0.250000 0.824499
2.000000 0.367185 0.135415 0.093750 0.173611 0.652718
2.000000 0.269530 0.076390 0.070312 0.097222 0.716313
2.000000 0.205080 0.166665 0.082031 0.125000 0.763132
2.000000 0.835935 0.079860 0.070312 0.104166 0.794177
2.000000 0.363280 0.138890 0.093750 0.180556 0.562711
2.000000 0.269530 0.083335 0.078125 0.097222 0.731093
2.000000 0.835935 0.072915 0.070312 0.104166 0.794908
2.000000 0.199220 0.170140 0.093750 0.131944 0.800640
2.000000 0.361330 0.145835 0.097656 0.180556 0.540522
2.000000 0.267580 0.086805 0.074218 0.104166 0.700388
2.000000 0.193360 0.177085 0.089844 0.131944 0.798583
2.000000 0.833985 0.069445 0.066406 0.111111 0.812539
2.000000 0.355470 0.152780 0.101562 0.180556 0.688256
2.000000 0.265625 0.090280 0.078125 0.111111 0.701113
2.000000 0.189455 0.180555 0.089844 0.138889 0.802634
2.000000 0.832030 0.069445 0.070312 0.111111 0.820913
2.000000 0.263670 0.093750 0.074218 0.104166 0.754721
2.000000 0.353515 0.159720 0.105469 0.180556 0.770064
2.000000 0.183595 0.184030 0.093750 0.131944 0.784305
2.000000 0.828125 0.065970 0.070312 0.104166 0.814490
2.000000 0.259765 0.097220 0.074218 0.111111 0.780479
2.000000 0.351565 0.166665 0.101562 0.180556 0.792156
2.000000 0.828125 0.062500 0.070312 0.111111 0.803973
2.000000 0.181640 0.194445 0.097656 0.125000 0.832930
2.000000 0.257810 0.097220 0.078125 0.111111 0.767824
2.000000 0.347655 0.170140 0.101562 0.187500 0.786475
2.000000 0.828125 0.059030 0.070312 0.104166 0.797636
2.000000 0.177735 0.197915 0.097656 0.131944 0.848672
2.000000 0.253905 0.104165 0.078125 0.111111 0.730087
2.000000 0.828125 0.055555 0.070312 0.111111 0.791540
2.000000 0.345705 0.177085 0.105469 0.173611 0.806814
2.000000 0.171875 0.201390 0.093750 0.138889 0.821155
2.000000 0.212890 0.121530 0.089844 0.145834 0.783785
2.000000 0.712890 0.027780 0.082031 0.152778 0.785909
2.000000 0.171875 0.253470 0.117188 0.201389 0.787454
2.000000 0.250000 0.104165 0.070312 0.111111 0.672566
2.000000 0.345705 0.184030 0.105469 0.187500 0.774096
2.000000 0.826170 0.052085 0.066406 0.104166 0.785512
2.000000 0.169920 0.204860 0.097656 0.131944 0.819147
2.000000 0.246095 0.107640 0.070312 0.104166 0.667448
2.000000 0.332030 0.000000 0.062500 0.097222 0.693209
2.000000 0.824220 0.052085 0.070312 0.104166 0.769839
2.000000 0.339845 0.190970 0.101562 0.187500 0.788697
2.000000 0.164065 0.215280 0.093750 0.138889 0.796683
2.000000 0.332030 0.000000 0.062500 0.097222 0.693590
2.000000 0.244140 0.114585 0.074218 0.104166 0.695615
2.000000 0.824220 0.045140 0.070312 0.104166 0.782918
2.000000 0.337890 0.197915 0.105469 0.187500 0.791624
2.000000 0.160155 0.215280 0.101562 0.138889 0.806934
2.000000 0.333985 0.204860 0.105469 0.187500 0.657721
2.000000 0.242190 0.111110 0.070312 0.111111 0.688517
2.000000 0.328125 0.000000 0.062500 0.097222 0.704413
2.000000 0.154295 0.218750 0.097656 0.145834 0.775711
2.000000 0.822265 0.041665 0.066406 0.097222 0.778362
2.000000 0.332030 0.208335 0.109375 0.194444 0.609954
2.000000 0.324220 0.000000 0.062500 0.097222 0.691828
2.000000 0.822265 0.041665 0.066406 0.097222 0.722211
2.000000 0.238280 0.118055 0.070312 0.111111 0.722959
2.000000 0.152345 0.225695 0.101562 0.145834 0.793926
2.000000 0.326170 0.215280 0.113282 0.194444 0.555499
2.000000 0.822265 0.034720 0.066406 0.097222 0.699814
2.000000 0.322265 0.003470 0.066406 0.104166 0.725432
2.000000 0.232420 0.121530 0.074218 0.118055 0.730623
2.000000 0.146485 0.232640 0.105469 0.145834 0.842077
2.000000 0.322265 0.003470 0.066406 0.104166 0.659333
2.000000 0.820310 0.034720 0.062500 0.097222 0.709213
2.000000 0.322265 0.222220 0.113282 0.194444 0.729866
2.000000 0.228515 0.125000 0.074218 0.111111 0.767393
2.000000 0.140625 0.239585 0.101562 0.145834 0.852029
2.000000 0.316405 0.017360 0.062500 0.090278 0.666349
2.000000 0.818360 0.031250 0.066406 0.104166 0.718835
2.000000 0.318360 0.225695 0.113282 0.201389 0.768513
2.000000 0.228515 0.131945 0.074218 0.111111 0.794842
2.000000 0.136720 0.239585 0.101562 0.145834 0.844411
2.000000 0.314455 0.017360 0.058594 0.090278 0.687643
2.000000 0.314455 0.236110 0.113282 0.194444 0.687699
2.000000 0.816405 0.027780 0.062500 0.097222 0.731979
2.000000 0.224610 0.135415 0.074218 0.118055 0.758540
2.000000 0.132810 0.246530 0.101562 0.145834 0.837144
2.000000 0.310545 0.246530 0.113282 0.215278 0.622998
2.000000 0.312500 0.020835 0.062500 0.097222 0.686903
2.000000 0.816405 0.024305 0.062500 0.104166 0.736804
2.000000 0.220705 0.142360 0.074218 0.118055 0.757642
2.000000 0.128905 0.253470 0.101562 0.145834 0.852731
2.000000 0.708985 0.027780 0.082031 0.152778 0.794663
2.000000 0.167970 0.256945 0.125000 0.208334 0.821390
2.000000 0.208985 0.128470 0.089844 0.145834 0.823779
2.000000 0.310545 0.020835 0.058594 0.097222 0.708797
2.000000 0.306640 0.256945 0.113282 0.208334 0.717152
2.000000 0.816405 0.024305 0.062500 0.090278 0.729147
2.000000 0.218750 0.142360 0.078125 0.118055 0.745679
2.000000 0.126955 0.260415 0.105469 0.145834 0.829077
2.000000 0.308595 0.020835 0.054688 0.097222 0.571595
2.000000 0.812500 0.020835 0.062500 0.097222 0.742179
2.000000 0.216795 0.142360 0.082031 0.118055 0.762985
2.000000 0.121095 0.270835 0.109375 0.152778 0.801945
2.000000 0.302735 0.260415 0.113282 0.215278 0.827058
2.000000 0.306640 0.024305 0.058594 0.090278 0.628441
2.000000 0.812500 0.017360 0.062500 0.090278 0.738079
2.000000 0.210935 0.145835 0.078125 0.125000 0.772912
2.000000 0.117190 0.277780 0.117188 0.152778 0.810250
2.000000 0.300780 0.267360 0.117188 0.215278 0.838020
2.000000 0.302735 0.027780 0.058594 0.097222 0.671933
2.000000 0.810545 0.013890 0.058594 0.097222 0.721391
2.000000 0.208985 0.149305 0.082031 0.118055 0.787559
2.000000 0.109375 0.277780 0.109375 0.152778 0.813243
2.000000 0.294920 0.270835 0.121093 0.222222 0.861357
2.000000 0.302735 0.027780 0.058594 0.097222 0.705775
2.000000 0.810545 0.010415 0.058594 0.090278 0.735340
2.000000 0.205080 0.152780 0.082031 0.125000 0.802859
2.000000 0.103515 0.284720 0.113282 0.152778 0.805594
2.000000 0.291015 0.284720 0.121093 0.222222 0.846485
2.000000 0.808595 0.006945 0.062500 0.097222 0.744927
2.000000 0.300780 0.031250 0.062500 0.104166 0.749126
2.000000 0.201170 0.159720 0.082031 0.125000 0.793834
2.000000 0.093750 0.288195 0.117188 0.159722 0.831844
2.000000 0.287110 0.295140 0.128906 0.229166 0.839631
2.000000 0.806640 0.006945 0.058594 0.097222 0.747635
2.000000 0.300780 0.038195 0.062500 0.104166 0.763851
2.000000 0.199220 0.163195 0.085938 0.131944 0.800890
2.000000 0.091795 0.298610 0.121093 0.166667 0.860086
2.000000 0.283205 0.302085 0.128906 0.229166 0.867440
2.000000 0.298830 0.038195 0.066406 0.104166 0.747879
2.000000 0.806640 0.003470 0.058594 0.090278 0.770272
2.000000 0.197265 0.166665 0.089844 0.125000 0.779731
2.000000 0.277345 0.312500 0.132812 0.236111 0.848730
2.000000 0.085940 0.305555 0.117188 0.166667 0.878806
2.000000 0.294920 0.045140 0.066406 0.104166 0.732165
2.000000 0.189455 0.173610 0.089844 0.125000 0.770082
2.000000 0.806640 0.003470 0.058594 0.090278 0.772658
2.000000 0.273440 0.315970 0.132812 0.229166 0.826862
2.000000 0.082030 0.312500 0.117188 0.180556 0.857868
2.000000 0.449220 0.000000 0.078125 0.125000 0.626813
2.000000 0.292970 0.045140 0.070312 0.104166 0.743477
2.000000 0.806640 0.003470 0.058594 0.090278 0.783193
2.000000 0.187500 0.177085 0.093750 0.131944 0.790750
2.000000 0.076170 0.315970 0.121093 0.173611 0.866397
2.000000 0.269530 0.326390 0.132812 0.236111 0.870096
2.000000 0.708985 0.024305 0.082031 0.145834 0.768659
2.000000 0.164065 0.263890 0.125000 0.208334 0.812400
2.000000 0.207030 0.135415 0.093750 0.145834 0.822253
2.000000 0.447265 0.003470 0.082031 0.118055 0.647312
2.000000 0.265625 0.336805 0.132812 0.243055 0.747834
2.000000 0.291015 0.045140 0.074218 0.104166 0.765908
2.000000 0.183595 0.184030 0.093750 0.131944 0.831551
2.000000 0.070310 0.322915 0.125000 0.173611 0.862660
2.000000 0.447265 0.006945 0.089844 0.125000 0.665929
2.000000 0.289060 0.048610 0.078125 0.111111 0.764501
2.000000 0.259765 0.350695 0.136719 0.243055 0.802841
2.000000 0.064455 0.333335 0.121093 0.180556 0.842287
2.000000 0.177735 0.190970 0.097656 0.131944 0.848269
2.000000 0.441405 0.006945 0.078125 0.125000 0.622496
2.000000 0.285155 0.052085 0.078125 0.104166 0.748801
2.000000 0.255860 0.357640 0.136719 0.243055 0.809689
2.000000 0.060545 0.340280 0.121093 0.180556 0.854701
2.000000 0.175780 0.190970 0.093750 0.131944 0.864329
2.000000 0.439455 0.010415 0.074218 0.118055 0.671924
2.000000 0.283205 0.055555 0.074218 0.111111 0.697644
2.000000 0.250000 0.364585 0.140625 0.243055 0.832875
2.000000 0.052735 0.350695 0.128906 0.173611 0.847934
2.000000 0.171875 0.197915 0.093750 0.131944 0.852862
2.000000 0.281250 0.055555 0.078125 0.111111 0.636475
2.000000 0.437500 0.013890 0.070312 0.125000 0.697732
2.000000 0.244140 0.378470 0.144532 0.256945 0.798043
2.000000 0.046875 0.354165 0.132812 0.180556 0.830220
2.000000 0.167970 0.204860 0.093750 0.131944 0.837491
2.000000 0.275390 0.065970 0.074218 0.104166 0.686437
2.000000 0.435545 0.013890 0.074218 0.125000 0.696666
2.000000 0.240235 0.385415 0.144532 0.270834 0.819987
2.000000 0.164065 0.204860 0.093750 0.131944 0.828223
2.000000 0.041015 0.368055 0.128906 0.180556 0.867299
2.000000 0.435545 0.013890 0.074218 0.125000 0.687652
2.000000 0.275390 0.065970 0.074218 0.104166 0.693106
2.000000 0.160155 0.208335 0.093750 0.138889 0.829860
2.000000 0.234375 0.399305 0.148438 0.270834 0.861821
2.000000 0.035155 0.375000 0.132812 0.180556 0.867614
2.000000 0.271485 0.069445 0.074218 0.111111 0.688609
2.000000 0.433595 0.020835 0.078125 0.125000 0.693123
2.000000 0.156250 0.211805 0.101562 0.145834 0.806856
2.000000 0.228515 0.413195 0.152344 0.270834 0.843751
2.000000 0.029295 0.381945 0.128906 0.194444 0.872804
2.000000 0.269530 0.076390 0.078125 0.111111 0.667418
2.000000 0.433595 0.020835 0.078125 0.125000 0.681894
2.000000 0.152345 0.222220 0.101562 0.152778 0.802306
2.000000 0.222655 0.423610 0.156250 0.277778 0.864855
2.000000 0.023435 0.392360 0.132812 0.187500 0.892914
2.000000 0.269530 0.076390 0.085938 0.111111 0.667687
2.000000 0.429690 0.027780 0.078125 0.125000 0.697140
2.000000 0.216795 0.434030 0.152344 0.270834 0.774867
2.000000 0.144530 0.229165 0.101562 0.152778 0.829982
2.000000 0.015625 0.399305 0.140625 0.187500 0.888109
2.000000 0.708985 0.024305 0.074218 0.145834 0.751073
2.000000 0.158205 0.274305 0.128906 0.215278 0.803899
2.000000 0.201170 0.135415 0.089844 0.145834 0.813181
2.000000 0.429690 0.027780 0.078125 0.125000 0.678442
2.000000 0.269530 0.079860 0.085938 0.118055 0.692517
2.000000 0.210935 0.447915 0.156250 0.284722 0.820786
2.000000 0.140625 0.232640 0.101562 0.145834 0.858466
2.000000 0.009765 0.409720 0.136719 0.194444 0.897907
2.000000 0.269530 0.076390 0.093750 0.125000 0.654762
2.000000 0.427735 0.031250 0.082031 0.131944 0.694929
2.000000 0.207030 0.458335 0.156250 0.291666 0.798621
2.000000 0.138670 0.239585 0.105469 0.145834 0.856388
2.000000 0.001955 0.416665 0.136719 0.194444 0.876046
2.000000 0.423830 0.031250 0.082031 0.131944 0.685811
2.000000 0.263670 0.083335 0.089844 0.111111 0.693411
2.000000 0.199220 0.472220 0.164062 0.305555 0.772580
2.000000 0.134765 0.243055 0.105469 0.152778 0.851083
2.000000 0.259765 0.086805 0.089844 0.118055 0.593016
2.000000 0.423830 0.038195 0.082031 0.131944 0.639583
2.000000 0.195315 0.489585 0.164062 0.298611 0.699869
2.000000 0.886720 0.986110 0.226562 0.347222 0.843153
2.000000 0.132810 0.246530 0.109375 0.145834 0.859504
2.000000 0.257810 0.093750 0.085938 0.118055 0.453812
2.000000 0.185545 0.500000 0.167969 0.305555 0.660979
2.000000 0.419920 0.038195 0.082031 0.131944 0.661209
2.000000 0.878905 0.954860 0.218750 0.340278 0.813806
2.000000 0.125000 0.256945 0.109375 0.138889 0.840667
2.000000 0.257810 0.097220 0.093750 0.125000 0.452135
2.000000 0.419920 0.041665 0.082031 0.125000 0.672663
2.000000 0.869140 0.927085 0.214844 0.340278 0.834859
2.000000 0.179685 0.513890 0.171875 0.305555 0.849622
2.000000 0.121095 0.260415 0.109375 0.145834 0.851077
2.000000 0.250000 0.100695 0.085938 0.118055 0.623088
2.000000 0.419920 0.045140 0.089844 0.131944 0.633996
2.000000 0.863280 0.895835 0.210938 0.333333 0.769704
2.000000 0.167970 0.534720 0.179688 0.319445 0.793107
2.000000 0.117190 0.267360 0.109375 0.145834 0.858597
2.000000 0.416015 0.048610 0.082031 0.138889 0.597243
2.000000 0.246095 0.104165 0.085938 0.125000 0.625254
2.000000 0.162110 0.552085 0.175781 0.326389 0.743668
2.000000 0.855470 0.875000 0.203125 0.319445 0.772435
2.000000 0.109375 0.270835 0.109375 0.152778 0.860396
2.000000 0.412110 0.052085 0.082031 0.131944 0.572772
2.000000 0.240235 0.107640 0.082031 0.118055 0.705260
2.000000 0.849610 0.843750 0.199219 0.326389 0.767258
2.000000 0.158205 0.565970 0.183593 0.326389 0.806624
2.000000 0.103515 0.277780 0.113282 0.152778 0.840240
2.000000 0.412110 0.055555 0.082031 0.138889 0.526977
2.000000 0.236330 0.114585 0.082031 0.118055 0.746070
2.000000 0.845705 0.826390 0.199219 0.319445 0.765637
2.000000 0.150390 0.579860 0.183593 0.326389 0.787608
2.000000 0.095705 0.288195 0.121093 0.159722 0.843736
2.000000 0.705080 0.020835 0.074218 0.138889 0.733260
2.000000 0.152345 0.281250 0.125000 0.215278 0.738394
2.000000 0.322265 0.000000 0.074218 0.125000 0.789414
2.000000 0.199220 0.145835 0.093750 0.152778 0.813989
2.000000 0.410155 0.055555 0.078125 0.138889 0.553053
2.000000 0.234375 0.118055 0.085938 0.125000 0.732583
2.000000 0.837890 0.805555 0.191406 0.305555 0.785874
2.000000 0.142580 0.604165 0.191406 0.347222 0.798881
2.000000 0.091795 0.288195 0.121093 0.159722 0.866889
2.000000 0.406250 0.062500 0.085938 0.138889 0.594486
2.000000 0.232420 0.118055 0.082031 0.125000 0.743747
2.000000 0.835935 0.784720 0.179688 0.305555 0.808938
2.000000 0.132810 0.614585 0.187500 0.354166 0.857602
2.000000 0.087890 0.295140 0.113282 0.159722 0.874426
2.000000 0.402345 0.065970 0.085938 0.145834 0.615512
2.000000 0.230470 0.121530 0.085938 0.131944 0.716416
2.000000 0.126955 0.635415 0.191406 0.368055 0.766228
2.000000 0.828125 0.760415 0.179688 0.298611 0.825904
2.000000 0.082030 0.302085 0.117188 0.159722 0.874487
2.000000 0.402345 0.065970 0.085938 0.145834 0.603838
2.000000 0.226560 0.125000 0.085938 0.125000 0.705121
2.000000 0.824220 0.739585 0.179688 0.298611 0.814630
2.000000 0.117190 0.656250 0.195312 0.368055 0.853437
2.000000 0.076170 0.305555 0.121093 0.166667 0.859956
2.000000 0.224610 0.128470 0.089844 0.131944 0.558307
2.000000 0.400390 0.069445 0.082031 0.138889 0.602598
2.000000 0.935545 0.996530 0.230469 0.381944 0.727294
2.000000 0.818360 0.718750 0.175781 0.284722 0.786270
2.000000 0.107420 0.680555 0.199219 0.375000 0.846753
2.000000 0.072265 0.315970 0.121093 0.173611 0.854127
2.000000 0.222655 0.131945 0.085938 0.125000 0.509682
2.000000 0.400390 0.076390 0.082031 0.138889 0.584619
2.000000 0.931640 0.968750 0.230469 0.368055 0.735160
2.000000 0.814455 0.701390 0.175781 0.277778 0.806028
2.000000 0.101560 0.701390 0.203125 0.388889 0.825790
2.000000 0.066405 0.315970 0.125000 0.173611 0.841463
2.000000 0.396485 0.079860 0.082031 0.145834 0.603589
2.000000 0.218750 0.142360 0.085938 0.118055 0.635484
2.000000 0.929690 0.937500 0.234375 0.361111 0.791999
2.000000 0.808595 0.684030 0.171875 0.270834 0.792968
2.000000 0.089845 0.718750 0.203125 0.381944 0.793293
2.000000 0.062500 0.326390 0.125000 0.180556 0.833392
2.000000 0.394530 0.079860 0.085938 0.145834 0.608203
2.000000 0.214845 0.142360 0.085938 0.118055 0.650972
2.000000 0.804690 0.673610 0.171875 0.263889 0.767376
2.000000 0.074220 0.746530 0.218750 0.409722 0.814987
2.000000 0.925780 0.913195 0.234375 0.354166 0.834748
2.000000 0.052735 0.333335 0.121093 0.180556 0.861935
2.000000 0.210935 0.145835 0.085938 0.125000 0.559792
2.000000 0.392580 0.086805 0.082031 0.145834 0.610063
2.000000 0.798830 0.652780 0.167969 0.263889 0.727366
2.000000 0.919920 0.885415 0.238281 0.340278 0.754253
2.000000 0.068360 0.770835 0.214844 0.416666 0.832923
2.000000 0.048830 0.340280 0.121093 0.180556 0.853555
2.000000 0.433595 0.000000 0.101562 0.152778 0.411729
2.000000 0.208985 0.152780 0.089844 0.125000 0.492943
2.000000 0.390625 0.086805 0.085938 0.145834 0.604437
2.000000 0.792970 0.635415 0.164062 0.256945 0.701993
2.000000 0.900390 0.864585 0.207032 0.326389 0.793165
2.000000 0.056640 0.798610 0.222656 0.430555 0.866743
2.000000 0.041015 0.350695 0.128906 0.173611 0.871744
2.000000 0.326170 0.000000 0.082031 0.125000 0.703400
2.000000 0.707030 0.017360 0.078125 0.131944 0.749007
2.000000 0.146485 0.291665 0.128906 0.222222 0.771134
2.000000 0.195315 0.145835 0.093750 0.152778 0.777387
2.000000 0.431640 0.000000 0.097656 0.152778 0.349917
2.000000 0.203125 0.152780 0.085938 0.125000 0.525445
2.000000 0.388670 0.090280 0.089844 0.152778 0.559001
2.000000 0.792970 0.621530 0.164062 0.256945 0.730586
2.000000 0.892580 0.833335 0.199219 0.333333 0.777068
2.000000 0.044920 0.819445 0.230469 0.458334 0.814291
2.000000 0.037110 0.361110 0.128906 0.180556 0.875519
2.000000 0.431640 0.000000 0.097656 0.152778 0.320000
2.000000 0.386720 0.093750 0.093750 0.159722 0.486976
2.000000 0.203125 0.159720 0.085938 0.125000 0.490470
2.000000 0.789065 0.604165 0.156250 0.250000 0.664730
2.000000 0.888670 0.815970 0.199219 0.326389 0.820074
2.000000 0.033205 0.850695 0.238281 0.451389 0.864265
2.000000 0.029295 0.368055 0.128906 0.180556 0.871260
2.000000 0.386720 0.097220 0.093750 0.152778 0.444716
2.000000 0.783205 0.590280 0.152344 0.250000 0.597419
2.000000 0.201170 0.163195 0.089844 0.131944 0.599726
2.000000 0.019530 0.878470 0.242188 0.479166 0.743235
2.000000 0.878905 0.791665 0.195312 0.305555 0.805413
2.000000 0.023435 0.375000 0.132812 0.180556 0.885302
2.000000 0.195315 0.163195 0.093750 0.131944 0.556507
2.000000 0.382810 0.104165 0.093750 0.152778 0.563476
2.000000 0.779295 0.572915 0.152344 0.243055 0.668542
2.000000 0.871095 0.767360 0.187500 0.298611 0.724158
2.000000 0.007815 0.909720 0.250000 0.486111 0.847739
2.000000 0.017580 0.381945 0.128906 0.180556 0.877140
2.000000 0.417970 0.010415 0.085938 0.159722 0.300887
2.000000 0.191405 0.170140 0.093750 0.131944 0.489693
2.000000 0.380860 0.107640 0.089844 0.159722 0.637038
2.000000 0.867190 0.746530 0.179688 0.298611 0.699789
2.000000 0.775390 0.559030 0.152344 0.243055 0.719491
2.000000 0.009765 0.392360 0.136719 0.187500 0.878751
2.000000 0.185545 0.173610 0.089844 0.138889 0.570193
2.000000 0.378905 0.111110 0.093750 0.152778 0.620959
2.000000 0.773440 0.548610 0.148438 0.236111 0.690828
2.000000 0.861330 0.725695 0.183593 0.284722 0.791040
2.000000 0.003905 0.399305 0.132812 0.187500 0.881135
2.000000 0.376955 0.114585 0.097656 0.159722 0.649516
2.000000 0.181640 0.177085 0.089844 0.131944 0.659123
2.000000 0.771485 0.534720 0.144532 0.236111 0.731582
2.000000 0.859375 0.708335 0.187500 0.277778 0.798121
2.000000 0.375000 0.121530 0.093750 0.159722 0.666641
2.000000 0.177735 0.180555 0.089844 0.138889 0.688839
2.000000 0.771485 0.517360 0.144532 0.229166 0.769394
2.000000 0.849610 0.684030 0.175781 0.270834 0.823206
2.000000 0.373045 0.121530 0.097656 0.159722 0.687302
2.000000 0.175780 0.187500 0.093750 0.138889 0.702735
2.000000 0.765625 0.510415 0.140625 0.229166 0.712725
2.000000 0.855470 0.673610 0.187500 0.263889 0.805963
2.000000 0.369140 0.128470 0.089844 0.159722 0.572678
2.000000 0.169920 0.194445 0.089844 0.138889 0.615801
2.000000 0.763670 0.493055 0.144532 0.222222 0.691729
2.000000 0.847655 0.656250 0.179688 0.270834 0.761023
2.000000 0.275390 0.031250 0.066406 0.090278 0.444564
2.000000 0.265625 0.131945 0.093750 0.180556 0.786450
2.000000 0.728515 0.097220 0.097656 0.180556 0.814279
2.000000 0.324220 0.000000 0.078125 0.125000 0.700964
2.000000 0.705080 0.013890 0.074218 0.138889 0.766735
2.000000 0.191405 0.152780 0.093750 0.152778 0.773840
2.000000 0.140625 0.298610 0.132812 0.222222 0.831158
2.000000 0.365235 0.135415 0.089844 0.159722 0.577836
2.000000 0.167970 0.201390 0.093750 0.138889 0.609680
2.000000 0.761720 0.482640 0.140625 0.215278 0.711626
2.000000 0.833985 0.628470 0.167969 0.256945 0.784887
2.000000 0.185545 0.159720 0.097656 0.152778 0.623229
2.000000 0.318360 0.006945 0.074218 0.125000 0.742614
2.000000 0.705080 0.010415 0.074218 0.131944 0.776925
2.000000 0.134765 0.305555 0.128906 0.222222 0.807048
2.000000 0.318360 0.003470 0.082031 0.131944 0.617317
2.000000 0.705080 0.010415 0.074218 0.131944 0.752653
2.000000 0.128905 0.309030 0.132812 0.229166 0.804448
2.000000 0.183595 0.159720 0.101562 0.152778 0.809235
2.000000 0.312500 0.006945 0.078125 0.125000 0.714563
2.000000 0.705080 0.003470 0.074218 0.131944 0.754940
2.000000 0.179685 0.163195 0.093750 0.145834 0.827161
2.000000 0.123045 0.315970 0.136719 0.229166 0.839122
2.000000 0.308595 0.010415 0.070312 0.118055 0.698387
2.000000 0.703125 0.003470 0.070312 0.131944 0.749743
2.000000 0.113280 0.326390 0.140625 0.236111 0.792273
2.000000 0.173830 0.166665 0.097656 0.152778 0.798904
2.000000 0.308595 0.017360 0.070312 0.118055 0.756607
2.000000 0.703125 0.000000 0.070312 0.125000 0.773802
2.000000 0.171875 0.173610 0.101562 0.152778 0.797201
2.000000 0.107420 0.340280 0.136719 0.236111 0.834778
2.000000 0.101560 0.343750 0.140625 0.243055 0.731580
2.000000 0.169920 0.177085 0.097656 0.159722 0.790946
2.000000 0.306640 0.020835 0.074218 0.125000 0.793083
2.000000 0.095705 0.357640 0.144532 0.243055 0.749209
2.000000 0.302735 0.020835 0.074218 0.125000 0.759078
2.000000 0.164065 0.180555 0.101562 0.152778 0.810529
2.000000 0.087890 0.364585 0.144532 0.243055 0.770962
2.000000 0.302735 0.020835 0.074218 0.125000 0.776931
2.000000 0.160155 0.190970 0.101562 0.159722 0.837129
2.000000 0.300780 0.024305 0.078125 0.131944 0.736020
2.000000 0.083985 0.371530 0.152344 0.256945 0.773134
2.000000 0.156250 0.190970 0.101562 0.159722 0.833921
2.000000 0.273440 0.055555 0.070312 0.138889 0.443434
2.000000 0.263670 0.125000 0.097656 0.180556 0.706394
2.000000 0.730470 0.093750 0.093750 0.173611 0.821299
2.000000 0.074220 0.378470 0.148438 0.256945 0.635949
2.000000 0.294920 0.027780 0.074218 0.125000 0.685772
2.000000 0.152345 0.194445 0.101562 0.166667 0.844867
2.000000 0.066405 0.388890 0.156250 0.263889 0.501507
2.000000 0.291015 0.034720 0.074218 0.125000 0.772971
2.000000 0.146485 0.197915 0.105469 0.159722 0.837901
2.000000 0.060545 0.406250 0.152344 0.270834 0.363092
2.000000 0.291015 0.034720 0.074218 0.125000 0.797008
2.000000 0.142580 0.204860 0.105469 0.159722 0.822801
2.000000 0.052735 0.416665 0.152344 0.263889 0.592158
2.000000 0.289060 0.034720 0.078125 0.125000 0.828640
2.000000 0.138670 0.215280 0.105469 0.166667 0.842920
2.000000 0.044920 0.427085 0.152344 0.270834 0.592034
2.000000 0.285155 0.041665 0.078125 0.125000 0.795782
2.000000 0.134765 0.218750 0.105469 0.173611 0.843114
2.000000 0.037110 0.437500 0.160156 0.277778 0.657220
2.000000 0.283205 0.041665 0.082031 0.125000 0.791044
2.000000 0.130860 0.222220 0.113282 0.166667 0.828688
2.000000 0.029295 0.447915 0.160156 0.284722 0.549936
2.000000 0.281250 0.045140 0.078125 0.131944 0.737345
2.000000 0.123045 0.229165 0.113282 0.166667 0.850871
2.000000 0.019530 0.458335 0.164062 0.291666 0.566242
2.000000 0.277345 0.048610 0.078125 0.125000 0.724317
2.000000 0.117190 0.236110 0.117188 0.166667 0.855823
2.000000 0.011720 0.468750 0.164062 0.298611 0.532669
2.000000 0.275390 0.052085 0.082031 0.131944 0.759516
2.000000 0.115235 0.239585 0.113282 0.173611 0.870478
2.000000 0.005860 0.486110 0.175781 0.305555 0.619082
2.000000 0.273440 0.055555 0.078125 0.138889 0.756655
2.000000 0.107420 0.246530 0.113282 0.173611 0.864896
2.000000 0.271485 0.055555 0.066406 0.125000 0.480234
2.000000 0.259765 0.135415 0.097656 0.173611 0.729495
2.000000 0.728515 0.090280 0.089844 0.180556 0.814830
2.000000 0.269530 0.059030 0.078125 0.131944 0.802753
2.000000 0.101560 0.250000 0.117188 0.180556 0.867748
2.000000 0.267580 0.059030 0.082031 0.145834 0.790295
2.000000 0.099610 0.256945 0.121093 0.180556 0.879661
2.000000 0.263670 0.062500 0.082031 0.138889 0.726852
2.000000 0.093750 0.263890 0.125000 0.194444 0.877724
2.000000 0.261720 0.065970 0.085938 0.145834 0.761386
2.000000 0.087890 0.270835 0.121093 0.194444 0.872986
2.000000 0.257810 0.069445 0.085938 0.138889 0.791421
2.000000 0.083985 0.281250 0.121093 0.201389 0.883228
2.000000 0.255860 0.072915 0.082031 0.145834 0.798376
2.000000 0.080080 0.284720 0.121093 0.194444 0.875284
2.000000 0.253905 0.076390 0.085938 0.138889 0.799382
2.000000 0.072265 0.295140 0.121093 0.201389 0.865395
2.000000 0.250000 0.079860 0.085938 0.145834 0.783715
2.000000 0.068360 0.302085 0.121093 0.201389 0.875133
2.000000 0.246095 0.083335 0.085938 0.138889 0.782439
2.000000 0.062500 0.309030 0.125000 0.201389 0.878663
2.000000 0.244140 0.086805 0.089844 0.145834 0.762055
2.000000 0.054685 0.315970 0.125000 0.215278 0.881941
2.000000 0.271485 0.041665 0.066406 0.083334 0.323276
2.000000 0.255860 0.125000 0.105469 0.208334 0.589889
2.000000 0.726565 0.086805 0.093750 0.173611 0.803538
2.000000 0.240235 0.090280 0.089844 0.138889 0.781668
2.000000 0.050780 0.319445 0.125000 0.208334 0.868657
2.000000 0.238280 0.093750 0.085938 0.145834 0.810651
2.000000 0.042970 0.326390 0.132812 0.208334 0.860269
2.000000 0.236330 0.100695 0.089844 0.145834 0.812904
2.000000 0.996095 0.447915 0.140625 0.187500 0.840884
2.000000 0.039065 0.333335 0.132812 0.208334 0.874758
2.000000 0.232420 0.104165 0.089844 0.152778 0.831110
2.000000 0.990235 0.437500 0.136719 0.180556 0.832608
2.000000 0.031250 0.343750 0.132812 0.215278 0.878544
2.000000 0.230470 0.104165 0.093750 0.152778 0.768977
2.000000 0.986330 0.430555 0.136719 0.180556 0.808222
2.000000 0.025390 0.350695 0.136719 0.215278 0.873511
2.000000 0.226560 0.107640 0.093750 0.159722 0.751625
2.000000 0.980470 0.420140 0.132812 0.187500 0.815887
2.000000 0.019530 0.357640 0.132812 0.229166 0.856590
2.000000 0.222655 0.114585 0.093750 0.159722 0.727575
2.000000 0.976560 0.406250 0.132812 0.173611 0.786947
2.000000 0.013670 0.361110 0.136719 0.236111 0.847610
2.000000 0.218750 0.114585 0.093750 0.159722 0.766974
2.000000 0.970705 0.395835 0.128906 0.166667 0.809257
2.000000 0.005860 0.375000 0.136719 0.236111 0.854974
2.000000 0.214845 0.121530 0.093750 0.159722 0.742766
2.000000 0.000000 0.385415 0.140625 0.229166 0.771088
2.000000 0.964845 0.388890 0.132812 0.166667 0.826314
2.000000 0.214845 0.121530 0.093750 0.159722 0.808538
2.000000 0.964845 0.385415 0.125000 0.173611 0.831980
2.000000 0.269530 0.055555 0.070312 0.111111 0.466368
2.000000 0.251955 0.149305 0.105469 0.173611 0.609306
2.000000 0.724610 0.079860 0.089844 0.173611 0.802952
2.000000 0.210935 0.128470 0.093750 0.159722 0.841130
2.000000 0.958985 0.375000 0.121093 0.180556 0.863914
2.000000 0.207030 0.131945 0.093750 0.166667 0.843307
2.000000 0.955080 0.368055 0.121093 0.180556 0.857042
2.000000 0.949220 0.361110 0.125000 0.166667 0.841852
2.000000 0.205080 0.138890 0.097656 0.166667 0.843485
2.000000 0.201170 0.138890 0.097656 0.166667 0.773569
2.000000 0.947265 0.347220 0.121093 0.166667 0.851056
2.000000 0.197265 0.145835 0.097656 0.166667 0.749771
2.000000 0.943360 0.340280 0.121093 0.166667 0.827687
2.000000 0.193360 0.145835 0.097656 0.166667 0.719650
2.000000 0.449220 0.000000 0.078125 0.097222 0.758836
2.000000 0.937500 0.336805 0.125000 0.173611 0.803841
2.000000 0.187500 0.152780 0.101562 0.166667 0.612109
2.000000 0.449220 0.000000 0.078125 0.097222 0.753112
2.000000 0.935545 0.326390 0.121093 0.166667 0.821122
2.000000 0.183595 0.159720 0.101562 0.166667 0.663827
2.000000 0.447265 0.003470 0.074218 0.104166 0.759669
2.000000 0.929690 0.319445 0.117188 0.166667 0.804417
2.000000 0.181640 0.166665 0.105469 0.166667 0.735714
2.000000 0.447265 0.006945 0.074218 0.097222 0.776079
2.000000 0.927735 0.312500 0.113282 0.152778 0.815700
2.000000 0.177735 0.166665 0.105469 0.166667 0.699507
2.000000 0.447265 0.006945 0.074218 0.097222 0.753571
2.000000 0.923830 0.302085 0.113282 0.159722 0.809989
2.000000 0.263670 0.065970 0.074218 0.118055 0.531851
2.000000 0.248045 0.156250 0.105469 0.173611 0.688439
2.000000 0.724610 0.079860 0.089844 0.173611 0.773059
2.000000 0.177735 0.170140 0.113282 0.173611 0.556805
2.000000 0.445310 0.010415 0.078125 0.104166 0.742411
2.000000 0.919920 0.295140 0.113282 0.145834 0.755572
2.000000 0.171875 0.173610 0.109375 0.180556 0.347379
2.000000 0.445310 0.013890 0.078125 0.097222 0.741441
2.000000 0.917970 0.288195 0.109375 0.145834 0.768762
2.000000 0.167970 0.177085 0.109375 0.173611 0.414477
2.000000 0.443360 0.013890 0.074218 0.097222 0.748550
2.000000 0.916015 0.281250 0.113282 0.145834 0.813280
2.000000 0.162110 0.180555 0.105469 0.180556 0.529158
2.000000 0.443360 0.017360 0.074218 0.104166 0.744824
2.000000 0.914060 0.277780 0.109375 0.152778 0.820950
2.000000 0.162110 0.190970 0.121093 0.187500 0.633536
2.000000 0.439455 0.024305 0.074218 0.104166 0.734916
2.000000 0.908205 0.267360 0.113282 0.145834 0.819165
2.000000 0.154295 0.197915 0.113282 0.187500 0.625316
2.000000 0.439455 0.027780 0.074218 0.097222 0.729692
2.000000 0.906250 0.260415 0.109375 0.145834 0.817210
2.000000 0.437500 0.031250 0.078125 0.104166 0.734593
2.000000 0.148440 0.197915 0.109375 0.187500 0.795639
2.000000 0.902345 0.256945 0.109375 0.138889 0.817388
2.000000 0.435545 0.031250 0.082031 0.104166 0.734757
2.000000 0.900390 0.250000 0.113282 0.138889 0.820425
2.000000 0.144530 0.204860 0.109375 0.187500 0.826538
2.000000 0.431640 0.038195 0.074218 0.104166 0.741228
2.000000 0.898435 0.239585 0.109375 0.131944 0.788077
2.000000 0.140625 0.211805 0.109375 0.187500 0.793409
2.000000 0.896485 0.239585 0.105469 0.131944 0.766152
2.000000 0.427735 0.038195 0.074218 0.104166 0.766262
2.000000 0.136720 0.218750 0.117188 0.187500 0.816135
2.000000 0.261720 0.052085 0.070312 0.090278 0.660737
2.000000 0.722655 0.076390 0.085938 0.166667 0.786140
2.000000 0.242190 0.163195 0.109375 0.173611 0.811614
2.000000 0.888670 0.232640 0.097656 0.131944 0.768358
2.000000 0.425780 0.041665 0.078125 0.111111 0.772357
2.000000 0.132810 0.222220 0.117188 0.194444 0.807892
2.000000 0.888670 0.229165 0.097656 0.138889 0.780381
2.000000 0.128905 0.225695 0.117188 0.187500 0.795267
2.000000 0.423830 0.041665 0.082031 0.111111 0.800189
2.000000 0.886720 0.222220 0.101562 0.138889 0.743281
2.000000 0.421875 0.041665 0.078125 0.111111 0.782482
2.000000 0.123045 0.232640 0.121093 0.187500 0.809223
2.000000 0.884765 0.211805 0.097656 0.131944 0.718322
2.000000 0.117190 0.239585 0.117188 0.187500 0.771195
2.000000 0.417970 0.045140 0.078125 0.104166 0.773388
2.000000 0.880860 0.204860 0.097656 0.145834 0.722685
2.000000 0.111330 0.243055 0.121093 0.194444 0.768959
2.000000 0.417970 0.055555 0.078125 0.097222 0.798889
2.000000 0.876955 0.194445 0.097656 0.152778 0.777811
2.000000 0.417970 0.059030 0.078125 0.104166 0.800984
2.000000 0.107420 0.246530 0.128906 0.201389 0.815766
2.000000 0.414060 0.062500 0.078125 0.097222 0.790337
2.000000 0.875000 0.190970 0.093750 0.145834 0.793275
2.000000 0.101560 0.253470 0.132812 0.201389 0.845108
2.000000 0.937500 1.000000 0.234375 0.347222 0.895000
2.000000 0.875000 0.184030 0.093750 0.145834 0.776861
2.000000 0.095705 0.263890 0.128906 0.208334 0.818821
2.000000 0.412110 0.065970 0.082031 0.104166 0.823425
2.000000 0.931640 0.958335 0.230469 0.333333 0.872348
2.000000 0.876955 0.184030 0.097656 0.145834 0.733734
2.000000 0.091795 0.270835 0.128906 0.208334 0.818941
2.000000 0.412110 0.065970 0.082031 0.104166 0.836646
2.000000 0.927735 0.930555 0.238281 0.319445 0.869232
2.000000 0.085940 0.274305 0.125000 0.215278 0.728668
2.000000 0.871095 0.180555 0.093750 0.138889 0.741990
2.000000 0.408205 0.076390 0.082031 0.111111 0.833311
2.000000 0.912110 0.899305 0.222656 0.312500 0.871813
