2.000000 0.566410 0.135420 0.148436 0.354165 0.560969
2.000000 0.539060 0.364590 0.187500 0.479166 0.772226
2.000000 0.515620 0.197910 0.140624 0.312498 0.662727
2.000000 0.476560 0.489585 0.218750 0.520833 0.772466
2.000000 0.164060 0.854160 0.265624 0.666666 0.749915
2.000000 0.812500 0.239580 0.171876 0.312498 0.819442
2.000000 0.152340 0.874995 0.257812 0.666666 0.796001
2.000000 0.808590 0.250005 0.164062 0.333333 0.827664
2.000000 0.140620 0.895830 0.265624 0.666666 0.808520
2.000000 0.804690 0.250005 0.171876 0.333333 0.829486
2.000000 0.132810 0.916665 0.265624 0.666666 0.639779
2.000000 0.800780 0.260415 0.164062 0.354165 0.841700
2.000000 0.121090 0.937500 0.273438 0.666666 0.567649
2.000000 0.796880 0.270840 0.171876 0.333333 0.842210
2.000000 0.105470 0.947910 0.273438 0.687498 0.687576
2.000000 0.785160 0.281250 0.164062 0.354165 0.842565
2.000000 0.093750 0.968745 0.281250 0.687498 0.840131
2.000000 0.781250 0.291660 0.171876 0.333333 0.845613
2.000000 0.777340 0.302085 0.164062 0.354165 0.840996
2.000000 0.773440 0.312495 0.171876 0.333333 0.828782
2.000000 0.769530 0.333330 0.179688 0.333333 0.823841
2.000000 0.468750 0.510420 0.203124 0.520833 0.651559
2.000000 0.515620 0.218745 0.140624 0.354165 0.654250
2.000000 0.765620 0.343755 0.171876 0.354165 0.843959
2.000000 0.761720 0.364590 0.179688 0.354165 0.849655
2.000000 0.757810 0.385410 0.187500 0.354165 0.856034
2.000000 0.750000 0.406245 0.187500 0.354165 0.868580
2.000000 0.746090 0.406245 0.179688 0.354165 0.859403
2.000000 0.742190 0.427080 0.187500 0.354165 0.847528
2.000000 0.734370 0.437505 0.203124 0.375000 0.847780
2.000000 0.730470 0.437505 0.195312 0.375000 0.849644
2.000000 0.726560 0.468750 0.203124 0.354165 0.840128
2.000000 0.714840 0.479160 0.195312 0.375000 0.838795
2.000000 0.511720 0.229170 0.148436 0.375000 0.656690
2.000000 0.457030 0.520830 0.210938 0.541668 0.665181
2.000000 0.707030 0.499995 0.195312 0.375000 0.826340
2.000000 0.703130 0.520830 0.203124 0.375000 0.838870
2.000000 0.703130 0.541665 0.203124 0.375000 0.860763
2.000000 0.695310 0.552090 0.203124 0.395832 0.853529
2.000000 0.687500 0.572910 0.203124 0.395832 0.863621
2.000000 0.679690 0.593745 0.203124 0.395832 0.867480
2.000000 0.671870 0.614580 0.203124 0.395832 0.871868
2.000000 0.667970 0.625005 0.210938 0.375000 0.857556
2.000000 0.664060 0.645840 0.218750 0.416667 0.858742
2.000000 0.652340 0.666660 0.210938 0.416667 0.861837
2.000000 0.503910 0.250005 0.164062 0.375000 0.690667
2.000000 0.453120 0.552090 0.218750 0.520833 0.831405
2.000000 0.640630 0.687495 0.218750 0.416667 0.855857
2.000000 0.632810 0.708330 0.218750 0.416667 0.867614
2.000000 0.625000 0.739590 0.218750 0.437502 0.873366
2.000000 0.621090 0.760410 0.226564 0.437502 0.868546
2.000000 0.617190 0.760410 0.218750 0.437502 0.877484
2.000000 0.605470 0.791670 0.226564 0.458334 0.870181
2.000000 0.601560 0.812505 0.218750 0.458334 0.874106
2.000000 0.593750 0.833340 0.234376 0.458334 0.862700
2.000000 0.585940 0.854160 0.234376 0.458334 0.878595
2.000000 0.574220 0.885420 0.242186 0.479166 0.889161
2.000000 0.496090 0.250005 0.164062 0.375000 0.672528
2.000000 0.445310 0.562500 0.218750 0.541668 0.813729
2.000000 0.566410 0.906255 0.242186 0.479166 0.879281
2.000000 0.558590 0.937500 0.242186 0.500001 0.874642
2.000000 0.546880 0.958335 0.250000 0.500001 0.866648
2.000000 0.539060 0.989580 0.250000 0.520833 0.859714
2.000000 0.644530 0.000000 0.164062 0.375000 0.364074
2.000000 0.488280 0.270840 0.164062 0.375000 0.713127
2.000000 0.433590 0.593745 0.226564 0.562500 0.783487
2.000000 0.617190 0.041670 0.140624 0.375000 0.654165
2.000000 0.617190 0.041670 0.140624 0.375000 0.710158
2.000000 0.613280 0.041670 0.148436 0.375000 0.666732
2.000000 0.613280 0.041670 0.148436 0.416667 0.580395
2.000000 0.605470 0.062505 0.148436 0.416667 0.610919
2.000000 0.597660 0.083340 0.132812 0.375000 0.693541
2.000000 0.593750 0.093750 0.140624 0.354165 0.717463
2.000000 0.585940 0.104160 0.140624 0.375000 0.715316
2.000000 0.582030 0.114585 0.148436 0.354165 0.694146
2.000000 0.480470 0.281250 0.164062 0.395832 0.741501
2.000000 0.421870 0.604170 0.218750 0.541668 0.801132
2.000000 0.574220 0.104160 0.148436 0.375000 0.638325
2.000000 0.570310 0.124995 0.156250 0.375000 0.688155
2.000000 0.566410 0.124995 0.164062 0.375000 0.693397
2.000000 0.562500 0.145830 0.156250 0.375000 0.680598
2.000000 0.558590 0.145830 0.164062 0.375000 0.699878
2.000000 0.550780 0.156255 0.164062 0.395832 0.695459
2.000000 0.546880 0.166665 0.171876 0.416667 0.733896
2.000000 0.542970 0.166665 0.164062 0.416667 0.704162
2.000000 0.535160 0.187500 0.164062 0.416667 0.713435
2.000000 0.531250 0.187500 0.171876 0.416667 0.712769
2.000000 0.476560 0.291660 0.171876 0.375000 0.757064
2.000000 0.414060 0.614580 0.218750 0.562500 0.784709
2.000000 0.527340 0.197910 0.164062 0.395832 0.694414
2.000000 0.519530 0.208335 0.164062 0.416667 0.640605
2.000000 0.511720 0.229170 0.164062 0.416667 0.620577
2.000000 0.511720 0.229170 0.164062 0.416667 0.513696
2.000000 0.500000 0.239580 0.171876 0.437502 0.507787
2.000000 0.492190 0.250005 0.171876 0.416667 0.382436
2.000000 0.492190 0.260415 0.171876 0.437502 0.354544
2.000000 0.699220 0.000000 0.117188 0.291666 0.655596
2.000000 0.488280 0.250005 0.179688 0.458334 0.469528
2.000000 0.691410 0.000000 0.117188 0.291666 0.597054
2.000000 0.476560 0.291660 0.171876 0.416667 0.647539
2.000000 0.679690 0.000000 0.109376 0.291666 0.591076
2.000000 0.472660 0.302085 0.179688 0.437502 0.682654
2.000000 0.406250 0.635415 0.218750 0.562500 0.752579
2.000000 0.472660 0.302085 0.164062 0.395832 0.765433
2.000000 0.675780 0.000000 0.117188 0.291666 0.601396
2.000000 0.464840 0.312495 0.179688 0.416667 0.744950
2.000000 0.671870 0.010410 0.109376 0.312498 0.600118
2.000000 0.457030 0.322920 0.179688 0.437502 0.730125
2.000000 0.667970 0.020835 0.117188 0.291666 0.647166
2.000000 0.449220 0.333330 0.179688 0.458334 0.704717
2.000000 0.445310 0.343755 0.187500 0.437502 0.650598
2.000000 0.664060 0.020835 0.109376 0.291666 0.671711
2.000000 0.664060 0.041670 0.109376 0.291666 0.679643
2.000000 0.437500 0.354165 0.187500 0.458334 0.726064
2.000000 0.660160 0.041670 0.117188 0.291666 0.642399
2.000000 0.429690 0.354165 0.187500 0.458334 0.761565
2.000000 0.656250 0.052080 0.109376 0.270834 0.608279
2.000000 0.425780 0.364590 0.195312 0.479166 0.769339
2.000000 0.648440 0.062505 0.109376 0.291666 0.591157
2.000000 0.417970 0.385410 0.195312 0.479166 0.768056
2.000000 0.410160 0.395835 0.195312 0.500001 0.598174
2.000000 0.644530 0.062505 0.117188 0.291666 0.685755
2.000000 0.406250 0.406245 0.187500 0.479166 0.618567
2.000000 0.640630 0.083340 0.125000 0.291666 0.704421
2.000000 0.464840 0.322920 0.164062 0.395832 0.785016
2.000000 0.394530 0.666660 0.226564 0.583332 0.818865
2.000000 0.398440 0.416670 0.187500 0.500001 0.624456
2.000000 0.640630 0.083340 0.125000 0.291666 0.700424
2.000000 0.394530 0.437505 0.195312 0.500001 0.563946
2.000000 0.636720 0.104160 0.132812 0.291666 0.728092
2.000000 0.382810 0.437505 0.203124 0.458334 0.593600
2.000000 0.632810 0.104160 0.125000 0.291666 0.715199
2.000000 0.375000 0.447915 0.203124 0.479166 0.493870
2.000000 0.625000 0.114585 0.125000 0.312498 0.702644
2.000000 0.371090 0.468750 0.195312 0.479166 0.540215
2.000000 0.621090 0.124995 0.132812 0.291666 0.680174
2.000000 0.363280 0.479160 0.210938 0.500001 0.503002
2.000000 0.613280 0.135420 0.132812 0.312498 0.748133
2.000000 0.355470 0.499995 0.210938 0.500001 0.564161
2.000000 0.882810 0.000000 0.140624 0.375000 0.694333
2.000000 0.613280 0.135420 0.132812 0.312498 0.790047
2.000000 0.351560 0.520830 0.203124 0.500001 0.603857
2.000000 0.882810 0.020835 0.140624 0.375000 0.691216
2.000000 0.605470 0.145830 0.132812 0.291666 0.792699
2.000000 0.347660 0.531255 0.210938 0.520833 0.476707
2.000000 0.875000 0.031245 0.140624 0.395832 0.699331
2.000000 0.601560 0.156255 0.125000 0.312498 0.757945
2.000000 0.339840 0.531255 0.210938 0.520833 0.402543
2.000000 0.875000 0.041670 0.140624 0.375000 0.713553
2.000000 0.597660 0.156255 0.132812 0.312498 0.763086
2.000000 0.554690 0.104160 0.140624 0.291666 0.388740
2.000000 0.535160 0.354165 0.179688 0.541668 0.754030
2.000000 0.457030 0.322920 0.164062 0.395832 0.765402
2.000000 0.378910 0.677085 0.226564 0.562500 0.793790
2.000000 0.328130 0.552090 0.218750 0.520833 0.388197
2.000000 0.871090 0.041670 0.148436 0.375000 0.746361
2.000000 0.593750 0.166665 0.125000 0.291666 0.747600
2.000000 0.687500 0.020835 0.125000 0.291666 0.420027
2.000000 0.320310 0.572910 0.218750 0.520833 0.441695
2.000000 0.582030 0.177090 0.132812 0.312498 0.734181
2.000000 0.871090 0.062505 0.148436 0.375000 0.763429
2.000000 0.312500 0.583335 0.218750 0.541668 0.337859
2.000000 0.679690 0.062505 0.125000 0.333333 0.428636
2.000000 0.574220 0.187500 0.132812 0.291666 0.714245
2.000000 0.863280 0.072915 0.148436 0.354165 0.786166
2.000000 0.300780 0.604170 0.210938 0.541668 0.447671
2.000000 0.679690 0.041670 0.125000 0.333333 0.451143
2.000000 0.570310 0.197910 0.140624 0.312498 0.693770
2.000000 0.863280 0.083340 0.148436 0.375000 0.794882
2.000000 0.675780 0.104160 0.132812 0.416667 0.462792
2.000000 0.566410 0.208335 0.148436 0.291666 0.701289
2.000000 0.296880 0.604170 0.218750 0.541668 0.718887
2.000000 0.859380 0.083340 0.140624 0.375000 0.793726
2.000000 0.671870 0.031245 0.125000 0.270834 0.486776
2.000000 0.566410 0.218745 0.148436 0.312498 0.725330
2.000000 0.289060 0.625005 0.218750 0.541668 0.763539
2.000000 0.855470 0.093750 0.148436 0.395832 0.780447
2.000000 0.667970 0.031245 0.117188 0.270834 0.459248
2.000000 0.562500 0.239580 0.156250 0.312498 0.703484
2.000000 0.281250 0.645840 0.218750 0.541668 0.730751
2.000000 0.851560 0.093750 0.156250 0.395832 0.732974
2.000000 0.664060 0.031245 0.125000 0.270834 0.525972
2.000000 0.269530 0.666660 0.226564 0.541668 0.666934
2.000000 0.851560 0.104160 0.156250 0.375000 0.710901
2.000000 0.550780 0.239580 0.148436 0.312498 0.743651
2.000000 0.656250 0.041670 0.125000 0.250002 0.505015
2.000000 0.261720 0.687495 0.226564 0.541668 0.723366
2.000000 0.843750 0.104160 0.156250 0.375000 0.745435
2.000000 0.546880 0.239580 0.140624 0.312498 0.771688
2.000000 0.652340 0.062505 0.132812 0.250002 0.528680
2.000000 0.839840 0.124995 0.148436 0.375000 0.750488
2.000000 0.539060 0.250005 0.140624 0.333333 0.786089
2.000000 0.257810 0.697920 0.234376 0.562500 0.823012
2.000000 0.375000 0.708330 0.234376 0.583332 0.722856
2.000000 0.453120 0.322920 0.171876 0.395832 0.758982
2.000000 0.648440 0.062505 0.125000 0.250002 0.490539
2.000000 0.535160 0.260415 0.148436 0.312498 0.769940
2.000000 0.835940 0.135420 0.156250 0.395832 0.779763
2.000000 0.242190 0.718755 0.234376 0.562500 0.788975
2.000000 0.640630 0.062505 0.125000 0.250002 0.596702
2.000000 0.835940 0.145830 0.156250 0.416667 0.731430
2.000000 0.535160 0.270840 0.148436 0.333333 0.757569
2.000000 0.234380 0.739590 0.234376 0.562500 0.782146
2.000000 0.636720 0.083340 0.132812 0.250002 0.605333
2.000000 0.828120 0.166665 0.156250 0.416667 0.689732
2.000000 0.226560 0.760410 0.234376 0.562500 0.768025
2.000000 0.527340 0.281250 0.148436 0.354165 0.784827
2.000000 0.632810 0.072915 0.125000 0.270834 0.656330
2.000000 0.824220 0.166665 0.164062 0.416667 0.721556
2.000000 0.210940 0.770835 0.250000 0.583332 0.771427
2.000000 0.527340 0.291660 0.148436 0.333333 0.811308
2.000000 0.632810 0.072915 0.125000 0.270834 0.671806
2.000000 0.816410 0.177090 0.164062 0.437502 0.715645
2.000000 0.203120 0.791670 0.250000 0.583332 0.789808
2.000000 0.523440 0.312495 0.156250 0.333333 0.813315
2.000000 0.625000 0.072915 0.125000 0.270834 0.671554
2.000000 0.816410 0.187500 0.164062 0.458334 0.690189
2.000000 0.191410 0.802080 0.257812 0.604167 0.809171
2.000000 0.515620 0.312495 0.156250 0.333333 0.827408
2.000000 0.625000 0.083340 0.125000 0.291666 0.649943
2.000000 0.808590 0.197910 0.164062 0.437502 0.717316
2.000000 0.507810 0.322920 0.156250 0.354165 0.810042
2.000000 0.183590 0.822915 0.257812 0.604167 0.833505
2.000000 0.621090 0.104160 0.117188 0.291666 0.607791
2.000000 0.804690 0.197910 0.171876 0.437502 0.764125
2.000000 0.500000 0.322920 0.156250 0.354165 0.799187
2.000000 0.175780 0.843750 0.257812 0.604167 0.862432
2.000000 0.621090 0.114585 0.117188 0.270834 0.600089
2.000000 0.800780 0.208335 0.164062 0.458334 0.744998
2.000000 0.492190 0.333330 0.156250 0.375000 0.748100
2.000000 0.167970 0.854160 0.257812 0.625002 0.851423
2.000000 0.609380 0.114585 0.125000 0.270834 0.639392
2.000000 0.796880 0.229170 0.171876 0.458334 0.698518
2.000000 0.484380 0.354165 0.156250 0.333333 0.811511
2.000000 0.148440 0.874995 0.265624 0.625002 0.820493
2.000000 0.441410 0.343755 0.179688 0.395832 0.749063
2.000000 0.367190 0.708330 0.234376 0.583332 0.785532
2.000000 0.792970 0.250005 0.164062 0.458334 0.636295
2.000000 0.605470 0.124995 0.132812 0.291666 0.714480
2.000000 0.484380 0.354165 0.156250 0.375000 0.814402
2.000000 0.140620 0.895830 0.265624 0.625002 0.841810
2.000000 0.781250 0.250005 0.171876 0.458334 0.644549
2.000000 0.601560 0.135420 0.140624 0.312498 0.690768
2.000000 0.472660 0.364590 0.164062 0.354165 0.795701
2.000000 0.132810 0.927090 0.265624 0.645834 0.854463
2.000000 0.781250 0.260415 0.171876 0.479166 0.572178
2.000000 0.597660 0.145830 0.132812 0.291666 0.690076
2.000000 0.464840 0.385410 0.164062 0.354165 0.802051
2.000000 0.117190 0.947910 0.265624 0.645834 0.836631
2.000000 0.781250 0.281250 0.171876 0.479166 0.614608
2.000000 0.589840 0.145830 0.132812 0.291666 0.644001
2.000000 0.464840 0.395835 0.164062 0.333333 0.798004
2.000000 0.109370 0.968745 0.265624 0.687498 0.839512
2.000000 0.773440 0.291660 0.171876 0.500001 0.572513
2.000000 0.585940 0.156255 0.140624 0.312498 0.646443
2.000000 0.457030 0.406245 0.164062 0.354165 0.826684
2.000000 0.093750 0.979170 0.281250 0.666666 0.866901
2.000000 0.582030 0.166665 0.148436 0.333333 0.548030
2.000000 0.769530 0.312495 0.179688 0.500001 0.639478
2.000000 0.453120 0.427080 0.171876 0.354165 0.833895
2.000000 0.761720 0.333330 0.179688 0.500001 0.476117
2.000000 0.578120 0.177090 0.140624 0.312498 0.579196
2.000000 0.445310 0.437505 0.171876 0.375000 0.820495
2.000000 0.570310 0.197910 0.140624 0.270834 0.569140
2.000000 0.757810 0.333330 0.187500 0.500001 0.607703
2.000000 0.437500 0.458340 0.171876 0.375000 0.827413
2.000000 0.757810 0.343755 0.187500 0.520833 0.495089
2.000000 0.562500 0.208335 0.140624 0.291666 0.607111
2.000000 0.433590 0.458340 0.179688 0.375000 0.799961
2.000000 0.750000 0.364590 0.187500 0.520833 0.568608
2.000000 0.558590 0.218745 0.132812 0.270834 0.634961
2.000000 0.421870 0.468750 0.171876 0.395832 0.794570
2.000000 0.433590 0.354165 0.179688 0.416667 0.756217
2.000000 0.359370 0.739590 0.234376 0.604167 0.764672
2.000000 0.554690 0.218745 0.140624 0.270834 0.648928
2.000000 0.742190 0.375000 0.187500 0.500001 0.657050
2.000000 0.417970 0.479160 0.164062 0.375000 0.798779
2.000000 0.738280 0.375000 0.195312 0.500001 0.691364
2.000000 0.546880 0.229170 0.140624 0.291666 0.714915
2.000000 0.414060 0.489585 0.171876 0.395832 0.769661
2.000000 0.734370 0.406245 0.187500 0.520833 0.652718
2.000000 0.539060 0.229170 0.140624 0.291666 0.716313
2.000000 0.410160 0.499995 0.164062 0.375000 0.763132
2.000000 0.726560 0.416670 0.187500 0.541668 0.562711
2.000000 0.539060 0.250005 0.156250 0.291666 0.731093
2.000000 0.398440 0.510420 0.187500 0.395832 0.800640
2.000000 0.722660 0.437505 0.195312 0.541668 0.540522
2.000000 0.535160 0.260415 0.148436 0.312498 0.700388
2.000000 0.386720 0.531255 0.179688 0.395832 0.798583
2.000000 0.710940 0.458340 0.203124 0.541668 0.688256
2.000000 0.531250 0.270840 0.156250 0.333333 0.701113
2.000000 0.378910 0.541665 0.179688 0.416667 0.802634
2.000000 0.527340 0.281250 0.148436 0.312498 0.754721
2.000000 0.707030 0.479160 0.210938 0.541668 0.770064
2.000000 0.367190 0.552090 0.187500 0.395832 0.784305
2.000000 0.519530 0.291660 0.148436 0.333333 0.780479
2.000000 0.703130 0.499995 0.203124 0.541668 0.792156
2.000000 0.363280 0.583335 0.195312 0.375000 0.832930
2.000000 0.515620 0.291660 0.156250 0.333333 0.767824
2.000000 0.695310 0.510420 0.203124 0.562500 0.786475
2.000000 0.355470 0.593745 0.195312 0.395832 0.848672
2.000000 0.507810 0.312495 0.156250 0.333333 0.730087
2.000000 0.691410 0.531255 0.210938 0.520833 0.806814
2.000000 0.343750 0.604170 0.187500 0.416667 0.821155
2.000000 0.425780 0.364590 0.179688 0.437502 0.783785
2.000000 0.343750 0.760410 0.234376 0.604167 0.787454
2.000000 0.500000 0.312495 0.140624 0.333333 0.672566
2.000000 0.691410 0.552090 0.210938 0.562500 0.774096
2.000000 0.339840 0.614580 0.195312 0.395832 0.819147
2.000000 0.492190 0.322920 0.140624 0.312498 0.667448
2.000000 0.664060 0.000000 0.125000 0.291666 0.693209
2.000000 0.679690 0.572910 0.203124 0.562500 0.788697
2.000000 0.328130 0.645840 0.187500 0.416667 0.796683
2.000000 0.664060 0.000000 0.125000 0.291666 0.693590
2.000000 0.488280 0.343755 0.148436 0.312498 0.695615
2.000000 0.675780 0.593745 0.210938 0.562500 0.791624
2.000000 0.320310 0.645840 0.203124 0.416667 0.806934
2.000000 0.667970 0.614580 0.210938 0.562500 0.657721
2.000000 0.484380 0.333330 0.140624 0.333333 0.688517
2.000000 0.656250 0.000000 0.125000 0.291666 0.704413
2.000000 0.308590 0.656250 0.195312 0.437502 0.775711
2.000000 0.664060 0.625005 0.218750 0.583332 0.609954
2.000000 0.648440 0.000000 0.125000 0.291666 0.691828
2.000000 0.476560 0.354165 0.140624 0.333333 0.722959
2.000000 0.304690 0.677085 0.203124 0.437502 0.793926
2.000000 0.652340 0.645840 0.226564 0.583332 0.555499
2.000000 0.644530 0.010410 0.132812 0.312498 0.725432
2.000000 0.464840 0.364590 0.148436 0.354165 0.730623
2.000000 0.292970 0.697920 0.210938 0.437502 0.842077
2.000000 0.644530 0.010410 0.132812 0.312498 0.659333
2.000000 0.644530 0.666660 0.226564 0.583332 0.729866
2.000000 0.457030 0.375000 0.148436 0.333333 0.767393
2.000000 0.281250 0.718755 0.203124 0.437502 0.852029
2.000000 0.632810 0.052080 0.125000 0.270834 0.666349
2.000000 0.636720 0.677085 0.226564 0.604167 0.768513
2.000000 0.457030 0.395835 0.148436 0.333333 0.794842
2.000000 0.273440 0.718755 0.203124 0.437502 0.844411
2.000000 0.628910 0.052080 0.117188 0.270834 0.687643
2.000000 0.628910 0.708330 0.226564 0.583332 0.687699
2.000000 0.449220 0.406245 0.148436 0.354165 0.758540
2.000000 0.265620 0.739590 0.203124 0.437502 0.837144
2.000000 0.621090 0.739590 0.226564 0.645834 0.622998
2.000000 0.625000 0.062505 0.125000 0.291666 0.686903
2.000000 0.441410 0.427080 0.148436 0.354165 0.757642
2.000000 0.257810 0.760410 0.203124 0.437502 0.852731
2.000000 0.335940 0.770835 0.250000 0.625002 0.821390
2.000000 0.417970 0.385410 0.179688 0.437502 0.823779
2.000000 0.621090 0.062505 0.117188 0.291666 0.708797
2.000000 0.613280 0.770835 0.226564 0.625002 0.717152
2.000000 0.437500 0.427080 0.156250 0.354165 0.745679
2.000000 0.253910 0.781245 0.210938 0.437502 0.829077
2.000000 0.617190 0.062505 0.109376 0.291666 0.571595
2.000000 0.433590 0.427080 0.164062 0.354165 0.762985
2.000000 0.242190 0.812505 0.218750 0.458334 0.801945
2.000000 0.605470 0.781245 0.226564 0.645834 0.827058
2.000000 0.613280 0.072915 0.117188 0.270834 0.628441
2.000000 0.421870 0.437505 0.156250 0.375000 0.772912
2.000000 0.234380 0.833340 0.234376 0.458334 0.810250
2.000000 0.601560 0.802080 0.234376 0.645834 0.838020
2.000000 0.605470 0.083340 0.117188 0.291666 0.671933
2.000000 0.417970 0.447915 0.164062 0.354165 0.787559
2.000000 0.218750 0.833340 0.218750 0.458334 0.813243
2.000000 0.589840 0.812505 0.242186 0.666666 0.861357
2.000000 0.605470 0.083340 0.117188 0.291666 0.705775
2.000000 0.410160 0.458340 0.164062 0.375000 0.802859
2.000000 0.207030 0.854160 0.226564 0.458334 0.805594
2.000000 0.582030 0.854160 0.242186 0.666666 0.846485
2.000000 0.601560 0.093750 0.125000 0.312498 0.749126
2.000000 0.402340 0.479160 0.164062 0.375000 0.793834
2.000000 0.187500 0.864585 0.234376 0.479166 0.831844
2.000000 0.574220 0.885420 0.257812 0.687498 0.839631
2.000000 0.601560 0.114585 0.125000 0.312498 0.763851
2.000000 0.398440 0.489585 0.171876 0.395832 0.800890
2.000000 0.183590 0.895830 0.242186 0.500001 0.860086
2.000000 0.566410 0.906255 0.257812 0.687498 0.867440
2.000000 0.597660 0.114585 0.132812 0.312498 0.747879
2.000000 0.394530 0.499995 0.179688 0.375000 0.779731
2.000000 0.554690 0.937500 0.265624 0.708333 0.848730
2.000000 0.171880 0.916665 0.234376 0.500001 0.878806
2.000000 0.589840 0.135420 0.132812 0.312498 0.732165
2.000000 0.378910 0.520830 0.179688 0.375000 0.770082
2.000000 0.546880 0.947910 0.265624 0.687498 0.826862
2.000000 0.164060 0.937500 0.234376 0.541668 0.857868
2.000000 0.898440 0.000000 0.156250 0.375000 0.626813
2.000000 0.585940 0.135420 0.140624 0.312498 0.743477
2.000000 0.375000 0.531255 0.187500 0.395832 0.790750
2.000000 0.152340 0.947910 0.242186 0.520833 0.866397
2.000000 0.539060 0.979170 0.265624 0.708333 0.870096
2.000000 0.328130 0.791670 0.250000 0.625002 0.812400
2.000000 0.414060 0.406245 0.187500 0.437502 0.822253
2.000000 0.894530 0.010410 0.164062 0.354165 0.647312
2.000000 0.582030 0.135420 0.148436 0.312498 0.765908
2.000000 0.367190 0.552090 0.187500 0.395832 0.831551
2.000000 0.140620 0.968745 0.250000 0.520833 0.862660
2.000000 0.894530 0.020835 0.179688 0.375000 0.665929
2.000000 0.578120 0.145830 0.156250 0.333333 0.764501
2.000000 0.355470 0.572910 0.195312 0.395832 0.848269
2.000000 0.882810 0.020835 0.156250 0.375000 0.622496
2.000000 0.570310 0.156255 0.156250 0.312498 0.748801
2.000000 0.351560 0.572910 0.187500 0.395832 0.864329
2.000000 0.878910 0.031245 0.148436 0.354165 0.671924
2.000000 0.566410 0.166665 0.148436 0.333333 0.697644
2.000000 0.343750 0.593745 0.187500 0.395832 0.852862
2.000000 0.562500 0.166665 0.156250 0.333333 0.636475
2.000000 0.875000 0.041670 0.140624 0.375000 0.697732
2.000000 0.335940 0.614580 0.187500 0.395832 0.837491
2.000000 0.550780 0.197910 0.148436 0.312498 0.686437
2.000000 0.871090 0.041670 0.148436 0.375000 0.696666
2.000000 0.328130 0.614580 0.187500 0.395832 0.828223
2.000000 0.871090 0.041670 0.148436 0.375000 0.687652
2.000000 0.550780 0.197910 0.148436 0.312498 0.693106
2.000000 0.320310 0.625005 0.187500 0.416667 0.829860
2.000000 0.542970 0.208335 0.148436 0.333333 0.688609
2.000000 0.867190 0.062505 0.156250 0.375000 0.693123
2.000000 0.312500 0.635415 0.203124 0.437502 0.806856
2.000000 0.539060 0.229170 0.156250 0.333333 0.667418
2.000000 0.867190 0.062505 0.156250 0.375000 0.681894
2.000000 0.304690 0.666660 0.203124 0.458334 0.802306
2.000000 0.539060 0.229170 0.171876 0.333333 0.667687
2.000000 0.859380 0.083340 0.156250 0.375000 0.697140
2.000000 0.289060 0.687495 0.203124 0.458334 0.829982
2.000000 0.316410 0.822915 0.257812 0.645834 0.803899
2.000000 0.402340 0.406245 0.179688 0.437502 0.813181
2.000000 0.859380 0.083340 0.156250 0.375000 0.678442
2.000000 0.539060 0.239580 0.171876 0.354165 0.692517
2.000000 0.281250 0.697920 0.203124 0.437502 0.858466
2.000000 0.539060 0.229170 0.187500 0.375000 0.654762
2.000000 0.855470 0.093750 0.164062 0.395832 0.694929
2.000000 0.277340 0.718755 0.210938 0.437502 0.856388
2.000000 0.847660 0.093750 0.164062 0.395832 0.685811
2.000000 0.527340 0.250005 0.179688 0.333333 0.693411
2.000000 0.269530 0.729165 0.210938 0.458334 0.851083
2.000000 0.519530 0.260415 0.179688 0.354165 0.593016
2.000000 0.847660 0.114585 0.164062 0.395832 0.639583
2.000000 0.265620 0.739590 0.218750 0.437502 0.859504
2.000000 0.515620 0.281250 0.171876 0.354165 0.453812
2.000000 0.839840 0.114585 0.164062 0.395832 0.661209
2.000000 0.250000 0.770835 0.218750 0.416667 0.840667
2.000000 0.515620 0.291660 0.187500 0.375000 0.452135
2.000000 0.839840 0.124995 0.164062 0.375000 0.672663
2.000000 0.242190 0.781245 0.218750 0.437502 0.851077
2.000000 0.500000 0.302085 0.171876 0.354165 0.623088
2.000000 0.839840 0.135420 0.179688 0.395832 0.633996
2.000000 0.234380 0.802080 0.218750 0.437502 0.858597
2.000000 0.832030 0.145830 0.164062 0.416667 0.597243
2.000000 0.492190 0.312495 0.171876 0.375000 0.625254
2.000000 0.218750 0.812505 0.218750 0.458334 0.860396
2.000000 0.824220 0.156255 0.164062 0.395832 0.572772
2.000000 0.480470 0.322920 0.164062 0.354165 0.705260
2.000000 0.207030 0.833340 0.226564 0.458334 0.840240
2.000000 0.824220 0.166665 0.164062 0.416667 0.526977
2.000000 0.472660 0.343755 0.164062 0.354165 0.746070
2.000000 0.191410 0.864585 0.242186 0.479166 0.843736
2.000000 0.304690 0.843750 0.250000 0.645834 0.738394
2.000000 0.644530 0.000000 0.148436 0.375000 0.789414
2.000000 0.398440 0.437505 0.187500 0.458334 0.813989
2.000000 0.820310 0.166665 0.156250 0.416667 0.553053
2.000000 0.468750 0.354165 0.171876 0.375000 0.732583
2.000000 0.183590 0.864585 0.242186 0.479166 0.866889
2.000000 0.812500 0.187500 0.171876 0.416667 0.594486
2.000000 0.464840 0.354165 0.164062 0.375000 0.743747
2.000000 0.175780 0.885420 0.226564 0.479166 0.874426
2.000000 0.804690 0.197910 0.171876 0.437502 0.615512
2.000000 0.460940 0.364590 0.171876 0.395832 0.716416
2.000000 0.164060 0.906255 0.234376 0.479166 0.874487
2.000000 0.804690 0.197910 0.171876 0.437502 0.603838
2.000000 0.453120 0.375000 0.171876 0.375000 0.705121
2.000000 0.152340 0.916665 0.242186 0.500001 0.859956
2.000000 0.449220 0.385410 0.179688 0.395832 0.558307
2.000000 0.800780 0.208335 0.164062 0.416667 0.602598
2.000000 0.144530 0.947910 0.242186 0.520833 0.854127
2.000000 0.445310 0.395835 0.171876 0.375000 0.509682
2.000000 0.800780 0.229170 0.164062 0.416667 0.584619
2.000000 0.132810 0.947910 0.250000 0.520833 0.841463
2.000000 0.792970 0.239580 0.164062 0.437502 0.603589
2.000000 0.437500 0.427080 0.171876 0.354165 0.635484
2.000000 0.125000 0.979170 0.250000 0.541668 0.833392
2.000000 0.789060 0.239580 0.171876 0.437502 0.608203
2.000000 0.429690 0.427080 0.171876 0.354165 0.650972
2.000000 0.421870 0.437505 0.171876 0.375000 0.559792
2.000000 0.785160 0.260415 0.164062 0.437502 0.610063
2.000000 0.867190 0.000000 0.203124 0.458334 0.411729
2.000000 0.417970 0.458340 0.179688 0.375000 0.492943
2.000000 0.781250 0.260415 0.171876 0.437502 0.604437
2.000000 0.652340 0.000000 0.164062 0.375000 0.703400
2.000000 0.292970 0.874995 0.257812 0.666666 0.771134
2.000000 0.390630 0.437505 0.187500 0.458334 0.777387
2.000000 0.863280 0.000000 0.195312 0.458334 0.349917
2.000000 0.406250 0.458340 0.171876 0.375000 0.525445
2.000000 0.777340 0.270840 0.179688 0.458334 0.559001
2.000000 0.863280 0.000000 0.195312 0.458334 0.320000
2.000000 0.773440 0.281250 0.187500 0.479166 0.486976
2.000000 0.406250 0.479160 0.171876 0.375000 0.490470
2.000000 0.773440 0.291660 0.187500 0.458334 0.444716
2.000000 0.402340 0.489585 0.179688 0.395832 0.599726
2.000000 0.390630 0.489585 0.187500 0.395832 0.556507
2.000000 0.765620 0.312495 0.187500 0.458334 0.563476
2.000000 0.835940 0.031245 0.171876 0.479166 0.300887
2.000000 0.382810 0.510420 0.187500 0.395832 0.489693
2.000000 0.761720 0.322920 0.179688 0.479166 0.637038
2.000000 0.371090 0.520830 0.179688 0.416667 0.570193
2.000000 0.757810 0.333330 0.187500 0.458334 0.620959
2.000000 0.753910 0.343755 0.195312 0.479166 0.649516
2.000000 0.363280 0.531255 0.179688 0.395832 0.659123
2.000000 0.750000 0.364590 0.187500 0.479166 0.666641
2.000000 0.355470 0.541665 0.179688 0.416667 0.688839
2.000000 0.746090 0.364590 0.195312 0.479166 0.687302
2.000000 0.351560 0.562500 0.187500 0.416667 0.702735
2.000000 0.738280 0.385410 0.179688 0.479166 0.572678
2.000000 0.339840 0.583335 0.179688 0.416667 0.615801
2.000000 0.550780 0.093750 0.132812 0.270834 0.444564
2.000000 0.531250 0.395835 0.187500 0.541668 0.786450
2.000000 0.648440 0.000000 0.156250 0.375000 0.700964
2.000000 0.382810 0.458340 0.187500 0.458334 0.773840
2.000000 0.281250 0.895830 0.265624 0.666666 0.831158
2.000000 0.730470 0.406245 0.179688 0.479166 0.577836
2.000000 0.335940 0.604170 0.187500 0.416667 0.609680
2.000000 0.371090 0.479160 0.195312 0.458334 0.623229
2.000000 0.636720 0.020835 0.148436 0.375000 0.742614
2.000000 0.269530 0.916665 0.257812 0.666666 0.807048
2.000000 0.636720 0.010410 0.164062 0.395832 0.617317
2.000000 0.257810 0.927090 0.265624 0.687498 0.804448
2.000000 0.367190 0.479160 0.203124 0.458334 0.809235
2.000000 0.625000 0.020835 0.156250 0.375000 0.714563
2.000000 0.359370 0.489585 0.187500 0.437502 0.827161
2.000000 0.246090 0.947910 0.273438 0.687498 0.839122
2.000000 0.617190 0.031245 0.140624 0.354165 0.698387
2.000000 0.226560 0.979170 0.281250 0.708333 0.792273
2.000000 0.347660 0.499995 0.195312 0.458334 0.798904
2.000000 0.617190 0.052080 0.140624 0.354165 0.756607
2.000000 0.343750 0.520830 0.203124 0.458334 0.797201
2.000000 0.339840 0.531255 0.195312 0.479166 0.790946
2.000000 0.613280 0.062505 0.148436 0.375000 0.793083
2.000000 0.605470 0.062505 0.148436 0.375000 0.759078
2.000000 0.328130 0.541665 0.203124 0.458334 0.810529
2.000000 0.605470 0.062505 0.148436 0.375000 0.776931
2.000000 0.320310 0.572910 0.203124 0.479166 0.837129
2.000000 0.601560 0.072915 0.156250 0.395832 0.736020
2.000000 0.312500 0.572910 0.203124 0.479166 0.833921
2.000000 0.546880 0.166665 0.140624 0.416667 0.443434
2.000000 0.527340 0.375000 0.195312 0.541668 0.706394
2.000000 0.589840 0.083340 0.148436 0.375000 0.685772
2.000000 0.304690 0.583335 0.203124 0.500001 0.844867
2.000000 0.582030 0.104160 0.148436 0.375000 0.772971
2.000000 0.292970 0.593745 0.210938 0.479166 0.837901
2.000000 0.582030 0.104160 0.148436 0.375000 0.797008
2.000000 0.285160 0.614580 0.210938 0.479166 0.822801
2.000000 0.578120 0.104160 0.156250 0.375000 0.828640
2.000000 0.277340 0.645840 0.210938 0.500001 0.842920
2.000000 0.570310 0.124995 0.156250 0.375000 0.795782
2.000000 0.269530 0.656250 0.210938 0.520833 0.843114
2.000000 0.566410 0.124995 0.164062 0.375000 0.791044
2.000000 0.261720 0.666660 0.226564 0.500001 0.828688
2.000000 0.562500 0.135420 0.156250 0.395832 0.737345
2.000000 0.246090 0.687495 0.226564 0.500001 0.850871
2.000000 0.554690 0.145830 0.156250 0.375000 0.724317
2.000000 0.234380 0.708330 0.234376 0.500001 0.855823
2.000000 0.550780 0.156255 0.164062 0.395832 0.759516
2.000000 0.230470 0.718755 0.226564 0.520833 0.870478
2.000000 0.546880 0.166665 0.156250 0.416667 0.756655
2.000000 0.214840 0.739590 0.226564 0.520833 0.864896
2.000000 0.542970 0.166665 0.132812 0.375000 0.480234
2.000000 0.519530 0.406245 0.195312 0.520833 0.729495
2.000000 0.539060 0.177090 0.156250 0.395832 0.802753
2.000000 0.203120 0.750000 0.234376 0.541668 0.867748
2.000000 0.535160 0.177090 0.164062 0.437502 0.790295
2.000000 0.199220 0.770835 0.242186 0.541668 0.879661
2.000000 0.527340 0.187500 0.164062 0.416667 0.726852
2.000000 0.187500 0.791670 0.250000 0.583332 0.877724
2.000000 0.523440 0.197910 0.171876 0.437502 0.761386
2.000000 0.175780 0.812505 0.242186 0.583332 0.872986
2.000000 0.515620 0.208335 0.171876 0.416667 0.791421
2.000000 0.167970 0.843750 0.242186 0.604167 0.883228
2.000000 0.511720 0.218745 0.164062 0.437502 0.798376
2.000000 0.160160 0.854160 0.242186 0.583332 0.875284
2.000000 0.507810 0.229170 0.171876 0.416667 0.799382
2.000000 0.144530 0.885420 0.242186 0.604167 0.865395
2.000000 0.500000 0.239580 0.171876 0.437502 0.783715
2.000000 0.136720 0.906255 0.242186 0.604167 0.875133
2.000000 0.492190 0.250005 0.171876 0.416667 0.782439
2.000000 0.125000 0.927090 0.250000 0.604167 0.878663
2.000000 0.488280 0.260415 0.179688 0.437502 0.762055
2.000000 0.109370 0.947910 0.250000 0.645834 0.881941
2.000000 0.542970 0.124995 0.132812 0.250002 0.323276
2.000000 0.511720 0.375000 0.210938 0.625002 0.589889
2.000000 0.480470 0.270840 0.179688 0.416667 0.781668
2.000000 0.101560 0.958335 0.250000 0.625002 0.868657
2.000000 0.476560 0.281250 0.171876 0.437502 0.810651
2.000000 0.085940 0.979170 0.265624 0.625002 0.860269
2.000000 0.472660 0.302085 0.179688 0.437502 0.812904
2.000000 0.464840 0.312495 0.179688 0.458334 0.831110
2.000000 0.460940 0.312495 0.187500 0.458334 0.768977
2.000000 0.453120 0.322920 0.187500 0.479166 0.751625
2.000000 0.445310 0.343755 0.187500 0.479166 0.727575
2.000000 0.437500 0.343755 0.187500 0.479166 0.766974
2.000000 0.429690 0.364590 0.187500 0.479166 0.742766
2.000000 0.429690 0.364590 0.187500 0.479166 0.808538
2.000000 0.539060 0.166665 0.140624 0.333333 0.466368
2.000000 0.503910 0.447915 0.210938 0.520833 0.609306
2.000000 0.421870 0.385410 0.187500 0.479166 0.841130
2.000000 0.414060 0.395835 0.187500 0.500001 0.843307
2.000000 0.410160 0.416670 0.195312 0.500001 0.843485
2.000000 0.402340 0.416670 0.195312 0.500001 0.773569
2.000000 0.394530 0.437505 0.195312 0.500001 0.749771
2.000000 0.386720 0.437505 0.195312 0.500001 0.719650
2.000000 0.898440 0.000000 0.156250 0.291666 0.758836
2.000000 0.375000 0.458340 0.203124 0.500001 0.612109
2.000000 0.898440 0.000000 0.156250 0.291666 0.753112
2.000000 0.367190 0.479160 0.203124 0.500001 0.663827
2.000000 0.894530 0.010410 0.148436 0.312498 0.759669
2.000000 0.363280 0.499995 0.210938 0.500001 0.735714
2.000000 0.894530 0.020835 0.148436 0.291666 0.776079
2.000000 0.355470 0.499995 0.210938 0.500001 0.699507
2.000000 0.894530 0.020835 0.148436 0.291666 0.753571
2.000000 0.527340 0.197910 0.148436 0.354165 0.531851
2.000000 0.496090 0.468750 0.210938 0.520833 0.688439
2.000000 0.355470 0.510420 0.226564 0.520833 0.556805
2.000000 0.890620 0.031245 0.156250 0.312498 0.742411
2.000000 0.343750 0.520830 0.218750 0.541668 0.347379
2.000000 0.890620 0.041670 0.156250 0.291666 0.741441
2.000000 0.335940 0.531255 0.218750 0.520833 0.414477
2.000000 0.886720 0.041670 0.148436 0.291666 0.748550
2.000000 0.324220 0.541665 0.210938 0.541668 0.529158
2.000000 0.886720 0.052080 0.148436 0.312498 0.744824
2.000000 0.324220 0.572910 0.242186 0.562500 0.633536
2.000000 0.878910 0.072915 0.148436 0.312498 0.734916
2.000000 0.308590 0.593745 0.226564 0.562500 0.625316
2.000000 0.878910 0.083340 0.148436 0.291666 0.729692
2.000000 0.875000 0.093750 0.156250 0.312498 0.734593
2.000000 0.296880 0.593745 0.218750 0.562500 0.795639
2.000000 0.871090 0.093750 0.164062 0.312498 0.734757
2.000000 0.289060 0.614580 0.218750 0.562500 0.826538
2.000000 0.863280 0.114585 0.148436 0.312498 0.741228
2.000000 0.281250 0.635415 0.218750 0.562500 0.793409
2.000000 0.855470 0.114585 0.148436 0.312498 0.766262
2.000000 0.273440 0.656250 0.234376 0.562500 0.816135
2.000000 0.523440 0.156255 0.140624 0.270834 0.660737
2.000000 0.484380 0.489585 0.218750 0.520833 0.811614
2.000000 0.851560 0.124995 0.156250 0.333333 0.772357
2.000000 0.265620 0.666660 0.234376 0.583332 0.807892
2.000000 0.257810 0.677085 0.234376 0.562500 0.795267
2.000000 0.847660 0.124995 0.164062 0.333333 0.800189
2.000000 0.843750 0.124995 0.156250 0.333333 0.782482
2.000000 0.246090 0.697920 0.242186 0.562500 0.809223
2.000000 0.234380 0.718755 0.234376 0.562500 0.771195
2.000000 0.835940 0.135420 0.156250 0.312498 0.773388
2.000000 0.222660 0.729165 0.242186 0.583332 0.768959
2.000000 0.835940 0.166665 0.156250 0.291666 0.798889
2.000000 0.835940 0.177090 0.156250 0.312498 0.800984
2.000000 0.214840 0.739590 0.257812 0.604167 0.815766
2.000000 0.828120 0.187500 0.156250 0.291666 0.790337
2.000000 0.203120 0.760410 0.265624 0.604167 0.845108
2.000000 0.191410 0.791670 0.257812 0.625002 0.818821
2.000000 0.824220 0.197910 0.164062 0.312498 0.823425
2.000000 0.183590 0.812505 0.257812 0.625002 0.818941
2.000000 0.824220 0.197910 0.164062 0.312498 0.836646
2.000000 0.171880 0.822915 0.250000 0.645834 0.728668
2.000000 0.816410 0.229170 0.164062 0.333333 0.833311
