2.000000 0.953120 0.652780 0.437500 0.694444 0.772466
2.000000 0.937500 0.680560 0.406248 0.694444 0.651559
2.000000 0.914060 0.694440 0.421876 0.722224 0.665181
2.000000 0.906240 0.736120 0.437500 0.694444 0.831405
2.000000 0.992180 0.333340 0.328124 0.500000 0.672528
2.000000 0.890620 0.750000 0.437500 0.722224 0.813729
2.000000 0.976560 0.361120 0.328124 0.500000 0.713127
2.000000 0.867180 0.791660 0.453128 0.750000 0.783487
2.000000 0.960940 0.375000 0.328124 0.527776 0.741501
2.000000 0.843740 0.805560 0.437500 0.722224 0.801132
2.000000 0.953120 0.388880 0.343752 0.500000 0.757064
2.000000 0.828120 0.819440 0.437500 0.750000 0.784709
2.000000 0.984380 0.333340 0.343752 0.555556 0.382436
2.000000 0.984380 0.347220 0.343752 0.583336 0.354544
2.000000 0.976560 0.333340 0.359376 0.611112 0.469528
2.000000 0.953120 0.388880 0.343752 0.555556 0.647539
2.000000 0.945320 0.402780 0.359376 0.583336 0.682654
2.000000 0.812500 0.847220 0.437500 0.750000 0.752579
2.000000 0.945320 0.402780 0.328124 0.527776 0.765433
2.000000 0.929680 0.416660 0.359376 0.555556 0.744950
2.000000 0.914060 0.430560 0.359376 0.583336 0.730125
2.000000 0.898440 0.444440 0.359376 0.611112 0.704717
2.000000 0.890620 0.458340 0.375000 0.583336 0.650598
2.000000 0.875000 0.472220 0.375000 0.611112 0.726064
2.000000 0.859380 0.472220 0.375000 0.611112 0.761565
2.000000 0.851560 0.486120 0.390624 0.638888 0.769339
2.000000 0.835940 0.513880 0.390624 0.638888 0.768056
2.000000 0.820320 0.527780 0.390624 0.666668 0.598174
2.000000 0.812500 0.541660 0.375000 0.638888 0.618567
2.000000 0.929680 0.430560 0.328124 0.527776 0.785016
2.000000 0.789060 0.888880 0.453128 0.777776 0.818865
2.000000 0.796880 0.555560 0.375000 0.666668 0.624456
2.000000 0.789060 0.583340 0.390624 0.666668 0.563946
2.000000 0.765620 0.583340 0.406248 0.611112 0.593600
2.000000 0.750000 0.597220 0.406248 0.638888 0.493870
2.000000 0.742180 0.625000 0.390624 0.638888 0.540215
2.000000 0.726560 0.638880 0.421876 0.666668 0.503002
2.000000 0.710940 0.666660 0.421876 0.666668 0.564161
2.000000 0.703120 0.694440 0.406248 0.666668 0.603857
2.000000 0.695320 0.708340 0.421876 0.694444 0.476707
2.000000 0.679680 0.708340 0.421876 0.694444 0.402543
2.000000 0.914060 0.430560 0.328124 0.527776 0.765402
2.000000 0.757820 0.902780 0.453128 0.750000 0.793790
2.000000 0.656260 0.736120 0.437500 0.694444 0.388197
2.000000 0.640620 0.763880 0.437500 0.694444 0.441695
2.000000 0.625000 0.777780 0.437500 0.722224 0.337859
2.000000 0.601560 0.805560 0.421876 0.722224 0.447671
2.000000 0.593760 0.805560 0.437500 0.722224 0.718887
2.000000 0.578120 0.833340 0.437500 0.722224 0.763539
2.000000 0.562500 0.861120 0.437500 0.722224 0.730751
2.000000 0.539060 0.888880 0.453128 0.722224 0.666934
2.000000 0.523440 0.916660 0.453128 0.722224 0.723366
2.000000 0.515620 0.930560 0.468752 0.750000 0.823012
2.000000 0.750000 0.944440 0.468752 0.777776 0.722856
2.000000 0.906240 0.430560 0.343752 0.527776 0.758982
2.000000 0.484380 0.958340 0.468752 0.750000 0.788975
2.000000 0.468760 0.986120 0.468752 0.750000 0.782146
2.000000 0.984380 0.444440 0.312500 0.500000 0.748100
2.000000 0.968760 0.472220 0.312500 0.444444 0.811511
2.000000 0.882820 0.458340 0.359376 0.527776 0.749063
2.000000 0.734380 0.944440 0.468752 0.777776 0.785532
2.000000 0.968760 0.472220 0.312500 0.500000 0.814402
2.000000 0.945320 0.486120 0.328124 0.472220 0.795701
2.000000 0.929680 0.513880 0.328124 0.472220 0.802051
2.000000 0.929680 0.527780 0.328124 0.444444 0.798004
2.000000 0.914060 0.541660 0.328124 0.472220 0.826684
2.000000 0.906240 0.569440 0.343752 0.472220 0.833895
2.000000 0.890620 0.583340 0.343752 0.500000 0.820495
2.000000 0.875000 0.611120 0.343752 0.500000 0.827413
2.000000 0.867180 0.611120 0.359376 0.500000 0.799961
2.000000 0.843740 0.625000 0.343752 0.527776 0.794570
2.000000 0.867180 0.472220 0.359376 0.555556 0.756217
2.000000 0.718740 0.986120 0.468752 0.805556 0.764672
2.000000 0.835940 0.638880 0.328124 0.500000 0.798779
2.000000 0.828120 0.652780 0.343752 0.527776 0.769661
2.000000 0.820320 0.666660 0.328124 0.500000 0.763132
2.000000 0.796880 0.680560 0.375000 0.527776 0.800640
2.000000 0.773440 0.708340 0.359376 0.527776 0.798583
2.000000 0.757820 0.722220 0.359376 0.555556 0.802634
2.000000 0.734380 0.736120 0.375000 0.527776 0.784305
2.000000 0.726560 0.777780 0.390624 0.500000 0.832930
2.000000 0.710940 0.791660 0.390624 0.527776 0.848672
2.000000 0.687500 0.805560 0.375000 0.555556 0.821155
2.000000 0.851560 0.486120 0.359376 0.583336 0.783785
2.000000 0.679680 0.819440 0.390624 0.527776 0.819147
2.000000 0.984380 0.430560 0.281248 0.416664 0.667448
2.000000 0.656260 0.861120 0.375000 0.555556 0.796683
2.000000 0.976560 0.458340 0.296872 0.416664 0.695615
2.000000 0.640620 0.861120 0.406248 0.555556 0.806934
2.000000 0.968760 0.444440 0.281248 0.444444 0.688517
2.000000 0.617180 0.875000 0.390624 0.583336 0.775711
2.000000 0.953120 0.472220 0.281248 0.444444 0.722959
2.000000 0.609380 0.902780 0.406248 0.583336 0.793926
2.000000 0.929680 0.486120 0.296872 0.472220 0.730623
2.000000 0.585940 0.930560 0.421876 0.583336 0.842077
2.000000 0.914060 0.500000 0.296872 0.444444 0.767393
2.000000 0.562500 0.958340 0.406248 0.583336 0.852029
2.000000 0.914060 0.527780 0.296872 0.444444 0.794842
2.000000 0.546880 0.958340 0.406248 0.583336 0.844411
2.000000 0.898440 0.541660 0.296872 0.472220 0.758540
2.000000 0.531240 0.986120 0.406248 0.583336 0.837144
2.000000 0.882820 0.569440 0.296872 0.472220 0.757642
2.000000 0.835940 0.513880 0.359376 0.583336 0.823779
2.000000 0.875000 0.569440 0.312500 0.472220 0.745679
2.000000 0.867180 0.569440 0.328124 0.472220 0.762985
2.000000 0.843740 0.583340 0.312500 0.500000 0.772912
2.000000 0.835940 0.597220 0.328124 0.472220 0.787559
2.000000 0.820320 0.611120 0.328124 0.500000 0.802859
2.000000 0.804680 0.638880 0.328124 0.500000 0.793834
2.000000 0.796880 0.652780 0.343752 0.527776 0.800890
2.000000 0.789060 0.666660 0.359376 0.500000 0.779731
2.000000 0.757820 0.694440 0.359376 0.500000 0.770082
2.000000 0.750000 0.708340 0.375000 0.527776 0.790750
2.000000 0.828120 0.541660 0.375000 0.583336 0.822253
2.000000 0.734380 0.736120 0.375000 0.527776 0.831551
2.000000 0.710940 0.763880 0.390624 0.527776 0.848269
2.000000 0.703120 0.763880 0.375000 0.527776 0.864329
2.000000 0.687500 0.791660 0.375000 0.527776 0.852862
2.000000 0.671880 0.819440 0.375000 0.527776 0.837491
2.000000 0.656260 0.819440 0.375000 0.527776 0.828223
2.000000 0.640620 0.833340 0.375000 0.555556 0.829860
2.000000 0.625000 0.847220 0.406248 0.583336 0.806856
2.000000 0.609380 0.888880 0.406248 0.611112 0.802306
2.000000 0.578120 0.916660 0.406248 0.611112 0.829982
2.000000 0.804680 0.541660 0.359376 0.583336 0.813181
2.000000 0.562500 0.930560 0.406248 0.583336 0.858466
2.000000 0.554680 0.958340 0.421876 0.583336 0.856388
2.000000 0.539060 0.972220 0.421876 0.611112 0.851083
2.000000 0.531240 0.986120 0.437500 0.583336 0.859504
2.000000 0.984380 0.416660 0.343752 0.500000 0.625254
2.000000 0.960940 0.430560 0.328124 0.472220 0.705260
2.000000 0.945320 0.458340 0.328124 0.472220 0.746070
2.000000 0.796880 0.583340 0.375000 0.611112 0.813989
2.000000 0.937500 0.472220 0.343752 0.500000 0.732583
2.000000 0.929680 0.472220 0.328124 0.500000 0.743747
2.000000 0.921880 0.486120 0.343752 0.527776 0.716416
2.000000 0.906240 0.500000 0.343752 0.500000 0.705121
2.000000 0.898440 0.513880 0.359376 0.527776 0.558307
2.000000 0.890620 0.527780 0.343752 0.500000 0.509682
2.000000 0.875000 0.569440 0.343752 0.472220 0.635484
2.000000 0.859380 0.569440 0.343752 0.472220 0.650972
2.000000 0.843740 0.583340 0.343752 0.500000 0.559792
2.000000 0.835940 0.611120 0.359376 0.500000 0.492943
2.000000 0.781260 0.583340 0.375000 0.611112 0.777387
2.000000 0.812500 0.611120 0.343752 0.500000 0.525445
2.000000 0.812500 0.638880 0.343752 0.500000 0.490470
2.000000 0.804680 0.652780 0.359376 0.527776 0.599726
2.000000 0.781260 0.652780 0.375000 0.527776 0.556507
2.000000 0.765620 0.680560 0.375000 0.527776 0.489693
2.000000 0.742180 0.694440 0.359376 0.555556 0.570193
2.000000 0.726560 0.708340 0.359376 0.527776 0.659123
2.000000 0.710940 0.722220 0.359376 0.555556 0.688839
2.000000 0.703120 0.750000 0.375000 0.555556 0.702735
2.000000 0.679680 0.777780 0.359376 0.555556 0.615801
2.000000 0.765620 0.611120 0.375000 0.611112 0.773840
2.000000 0.671880 0.805560 0.375000 0.555556 0.609680
2.000000 0.742180 0.638880 0.390624 0.611112 0.623229
2.000000 0.734380 0.638880 0.406248 0.611112 0.809235
2.000000 0.718740 0.652780 0.375000 0.583336 0.827161
2.000000 0.695320 0.666660 0.390624 0.611112 0.798904
2.000000 0.687500 0.694440 0.406248 0.611112 0.797201
2.000000 0.679680 0.708340 0.390624 0.638888 0.790946
2.000000 0.656260 0.722220 0.406248 0.611112 0.810529
2.000000 0.640620 0.763880 0.406248 0.638888 0.837129
2.000000 0.625000 0.763880 0.406248 0.638888 0.833921
2.000000 0.609380 0.777780 0.406248 0.666668 0.844867
2.000000 0.585940 0.791660 0.421876 0.638888 0.837901
2.000000 0.570320 0.819440 0.421876 0.638888 0.822801
2.000000 0.554680 0.861120 0.421876 0.666668 0.842920
2.000000 0.539060 0.875000 0.421876 0.694444 0.843114
2.000000 0.523440 0.888880 0.453128 0.666668 0.828688
2.000000 0.492180 0.916660 0.453128 0.666668 0.850871
2.000000 0.468760 0.944440 0.468752 0.666668 0.855823
2.000000 0.460940 0.958340 0.453128 0.694444 0.870478
2.000000 0.429680 0.986120 0.453128 0.694444 0.864896
2.000000 0.984380 0.333340 0.343752 0.555556 0.782439
2.000000 0.976560 0.347220 0.359376 0.583336 0.762055
2.000000 0.960940 0.361120 0.359376 0.555556 0.781668
2.000000 0.953120 0.375000 0.343752 0.583336 0.810651
2.000000 0.945320 0.402780 0.359376 0.583336 0.812904
2.000000 0.929680 0.416660 0.359376 0.611112 0.831110
2.000000 0.921880 0.416660 0.375000 0.611112 0.768977
2.000000 0.906240 0.430560 0.375000 0.638888 0.751625
2.000000 0.890620 0.458340 0.375000 0.638888 0.727575
2.000000 0.875000 0.458340 0.375000 0.638888 0.766974
2.000000 0.859380 0.486120 0.375000 0.638888 0.742766
2.000000 0.859380 0.486120 0.375000 0.638888 0.808538
2.000000 0.843740 0.513880 0.375000 0.638888 0.841130
2.000000 0.828120 0.527780 0.375000 0.666668 0.843307
2.000000 0.820320 0.555560 0.390624 0.666668 0.843485
2.000000 0.804680 0.555560 0.390624 0.666668 0.773569
2.000000 0.789060 0.583340 0.390624 0.666668 0.749771
2.000000 0.773440 0.583340 0.390624 0.666668 0.719650
2.000000 0.750000 0.611120 0.406248 0.666668 0.612109
2.000000 0.734380 0.638880 0.406248 0.666668 0.663827
2.000000 0.726560 0.666660 0.421876 0.666668 0.735714
2.000000 0.710940 0.666660 0.421876 0.666668 0.699507
2.000000 0.992180 0.625000 0.421876 0.694444 0.688439
2.000000 0.710940 0.680560 0.453128 0.694444 0.556805
2.000000 0.687500 0.694440 0.437500 0.722224 0.347379
2.000000 0.671880 0.708340 0.437500 0.694444 0.414477
2.000000 0.648440 0.722220 0.421876 0.722224 0.529158
2.000000 0.648440 0.763880 0.484372 0.750000 0.633536
2.000000 0.617180 0.791660 0.453128 0.750000 0.625316
2.000000 0.593760 0.791660 0.437500 0.750000 0.795639
2.000000 0.578120 0.819440 0.437500 0.750000 0.826538
2.000000 0.562500 0.847220 0.437500 0.750000 0.793409
2.000000 0.546880 0.875000 0.468752 0.750000 0.816135
2.000000 0.968760 0.652780 0.437500 0.694444 0.811614
2.000000 0.531240 0.888880 0.468752 0.777776 0.807892
2.000000 0.515620 0.902780 0.468752 0.750000 0.795267
2.000000 0.492180 0.930560 0.484372 0.750000 0.809223
2.000000 0.468760 0.958340 0.468752 0.750000 0.771195
2.000000 0.445320 0.972220 0.484372 0.777776 0.768959
2.000000 0.429680 0.986120 0.515624 0.805556 0.815766
