2.000000 0.328120 0.138880 0.531248 0.888888 0.749915
2.000000 0.304680 0.166660 0.515624 0.888888 0.796001
2.000000 0.281240 0.194440 0.531248 0.888888 0.808520
2.000000 0.265620 0.222220 0.531248 0.888888 0.639779
2.000000 0.242180 0.250000 0.546876 0.888888 0.567649
2.000000 0.210940 0.263880 0.546876 0.916664 0.687576
2.000000 0.187500 0.291660 0.562500 0.916664 0.840131
2.000000 0.171880 0.333340 0.562500 0.944444 0.752120
2.000000 0.132820 0.361120 0.578128 0.944444 0.718231
2.000000 0.109380 0.375000 0.562500 0.972220 0.706613
2.000000 0.085940 0.430560 0.578128 0.972220 0.793522
2.000000 0.062500 0.444440 0.593752 1.000000 0.804735
2.000000 0.031260 0.458340 0.593752 1.027780 0.806053
2.000000 0.000000 0.513880 0.593752 1.027780 0.814228
2.000000 0.976560 0.500000 0.515624 0.722224 0.867373
2.000000 0.953120 0.541660 0.531248 0.694444 0.869747
2.000000 0.929680 0.583340 0.546876 0.722224 0.882727
2.000000 0.906240 0.625000 0.562500 0.750000 0.908277
2.000000 0.882820 0.680560 0.546876 0.750000 0.904195
2.000000 0.859380 0.708340 0.562500 0.750000 0.888209
2.000000 0.828120 0.763880 0.562500 0.750000 0.881527
2.000000 0.820320 0.819440 0.578128 0.805556 0.882241
2.000000 0.789060 0.861120 0.578128 0.777776 0.895636
2.000000 0.750000 0.930560 0.593752 0.805556 0.888389
2.000000 0.726560 0.958340 0.609376 0.805556 0.884979
2.000000 0.453120 0.013880 0.468752 0.750000 0.768025
2.000000 0.421880 0.027780 0.500000 0.777776 0.771427
2.000000 0.406240 0.055560 0.500000 0.777776 0.789808
2.000000 0.382820 0.069440 0.515624 0.805556 0.809171
2.000000 0.367180 0.097220 0.515624 0.805556 0.833505
2.000000 0.351560 0.125000 0.515624 0.805556 0.862432
2.000000 0.335940 0.138880 0.515624 0.833336 0.851423
2.000000 0.296880 0.166660 0.531248 0.833336 0.820493
2.000000 0.281240 0.194440 0.531248 0.833336 0.841810
2.000000 0.265620 0.236120 0.531248 0.861112 0.854463
2.000000 0.234380 0.263880 0.531248 0.861112 0.836631
2.000000 0.218740 0.291660 0.531248 0.916664 0.839512
2.000000 0.187500 0.305560 0.562500 0.888888 0.866901
2.000000 0.171880 0.347220 0.562500 0.916664 0.871280
2.000000 0.148440 0.388880 0.578128 0.944444 0.868867
2.000000 0.125000 0.402780 0.562500 0.972220 0.843658
2.000000 0.101560 0.430560 0.578128 0.972220 0.793723
2.000000 0.070320 0.472220 0.609376 1.000000 0.828976
2.000000 0.046880 0.472220 0.593752 1.000000 0.859662
2.000000 0.023440 0.527780 0.609376 1.000000 0.824499
2.000000 0.687500 0.013880 0.468752 0.805556 0.787454
2.000000 0.515620 0.013880 0.406248 0.583336 0.852731
2.000000 0.671880 0.027780 0.500000 0.833336 0.821390
2.000000 0.507820 0.041660 0.421876 0.583336 0.829077
2.000000 0.484380 0.083340 0.437500 0.611112 0.801945
2.000000 0.468760 0.111120 0.468752 0.611112 0.810250
2.000000 0.437500 0.111120 0.437500 0.611112 0.813243
2.000000 0.414060 0.138880 0.453128 0.611112 0.805594
2.000000 0.375000 0.152780 0.468752 0.638888 0.831844
2.000000 0.367180 0.194440 0.484372 0.666668 0.860086
2.000000 0.343760 0.222220 0.468752 0.666668 0.878806
2.000000 0.328120 0.250000 0.468752 0.722224 0.857868
2.000000 0.304680 0.263880 0.484372 0.694444 0.866397
2.000000 0.656260 0.055560 0.500000 0.833336 0.812400
2.000000 0.281240 0.291660 0.500000 0.694444 0.862660
2.000000 0.257820 0.333340 0.484372 0.722224 0.842287
2.000000 0.242180 0.361120 0.484372 0.722224 0.854701
2.000000 0.210940 0.402780 0.515624 0.694444 0.847934
2.000000 0.976560 0.513880 0.578128 1.027780 0.798043
2.000000 0.187500 0.416660 0.531248 0.722224 0.830220
2.000000 0.960940 0.541660 0.578128 1.083336 0.819987
2.000000 0.164060 0.472220 0.515624 0.722224 0.867299
2.000000 0.937500 0.597220 0.593752 1.083336 0.861821
2.000000 0.140620 0.500000 0.531248 0.722224 0.867614
2.000000 0.914060 0.652780 0.609376 1.083336 0.843751
2.000000 0.117180 0.527780 0.515624 0.777776 0.872804
2.000000 0.890620 0.694440 0.625000 1.111112 0.864855
2.000000 0.093740 0.569440 0.531248 0.750000 0.892914
2.000000 0.867180 0.736120 0.609376 1.083336 0.774867
2.000000 0.062500 0.597220 0.562500 0.750000 0.888109
2.000000 0.632820 0.097220 0.515624 0.861112 0.803899
2.000000 0.843740 0.791660 0.625000 1.138888 0.820786
2.000000 0.039060 0.638880 0.546876 0.777776 0.897907
2.000000 0.828120 0.833340 0.625000 1.166664 0.798621
2.000000 0.007820 0.666660 0.546876 0.777776 0.876046
2.000000 0.796880 0.888880 0.656248 1.222220 0.772580
2.000000 0.781260 0.958340 0.656248 1.194444 0.699869
2.000000 0.500000 0.027780 0.437500 0.555556 0.840667
2.000000 0.484380 0.041660 0.437500 0.583336 0.851077
2.000000 0.468760 0.069440 0.437500 0.583336 0.858597
2.000000 0.437500 0.083340 0.437500 0.611112 0.860396
2.000000 0.414060 0.111120 0.453128 0.611112 0.840240
2.000000 0.382820 0.152780 0.484372 0.638888 0.843736
2.000000 0.609380 0.125000 0.500000 0.861112 0.738394
2.000000 0.367180 0.152780 0.484372 0.638888 0.866889
2.000000 0.351560 0.180560 0.453128 0.638888 0.874426
2.000000 0.328120 0.208340 0.468752 0.638888 0.874487
2.000000 0.304680 0.222220 0.484372 0.666668 0.859956
2.000000 0.289060 0.263880 0.484372 0.694444 0.854127
2.000000 0.265620 0.263880 0.500000 0.694444 0.841463
2.000000 0.250000 0.305560 0.500000 0.722224 0.833392
2.000000 0.210940 0.333340 0.484372 0.722224 0.861935
2.000000 0.195320 0.361120 0.484372 0.722224 0.853555
2.000000 0.164060 0.402780 0.515624 0.694444 0.871744
2.000000 0.585940 0.166660 0.515624 0.888888 0.771134
2.000000 0.148440 0.444440 0.515624 0.722224 0.875519
2.000000 0.117180 0.472220 0.515624 0.722224 0.871260
2.000000 0.093740 0.500000 0.531248 0.722224 0.885302
2.000000 0.070320 0.527780 0.515624 0.722224 0.877140
2.000000 0.039060 0.569440 0.546876 0.750000 0.878751
2.000000 0.015620 0.597220 0.531248 0.750000 0.881135
2.000000 0.562500 0.194440 0.531248 0.888888 0.831158
2.000000 0.539060 0.222220 0.515624 0.888888 0.807048
2.000000 0.515620 0.236120 0.531248 0.916664 0.804448
2.000000 0.492180 0.263880 0.546876 0.916664 0.839122
2.000000 0.453120 0.305560 0.562500 0.944444 0.792273
2.000000 0.429680 0.361120 0.546876 0.944444 0.834778
2.000000 0.406240 0.375000 0.562500 0.972220 0.731580
2.000000 0.382820 0.430560 0.578128 0.972220 0.749209
2.000000 0.351560 0.458340 0.578128 0.972220 0.770962
2.000000 0.335940 0.486120 0.609376 1.027780 0.773134
2.000000 0.296880 0.513880 0.593752 1.027780 0.635949
2.000000 0.265620 0.555560 0.625000 1.055556 0.501507
2.000000 0.242180 0.625000 0.609376 1.083336 0.363092
2.000000 0.210940 0.666660 0.609376 1.055556 0.592158
2.000000 0.179680 0.708340 0.609376 1.083336 0.592034
2.000000 0.148440 0.750000 0.640624 1.111112 0.657220
2.000000 0.117180 0.791660 0.640624 1.138888 0.549936
2.000000 0.078120 0.833340 0.656248 1.166664 0.566242
2.000000 0.046880 0.875000 0.656248 1.194444 0.532669
2.000000 0.023440 0.944440 0.703124 1.222220 0.619082
2.000000 0.406240 0.000000 0.468752 0.722224 0.867748
2.000000 0.398440 0.027780 0.484372 0.722224 0.879661
2.000000 0.375000 0.055560 0.500000 0.777776 0.877724
2.000000 0.351560 0.083340 0.484372 0.777776 0.872986
2.000000 0.335940 0.125000 0.484372 0.805556 0.883228
2.000000 0.320320 0.138880 0.484372 0.777776 0.875284
2.000000 0.289060 0.180560 0.484372 0.805556 0.865395
2.000000 0.273440 0.208340 0.484372 0.805556 0.875133
2.000000 0.250000 0.236120 0.500000 0.805556 0.878663
2.000000 0.218740 0.263880 0.500000 0.861112 0.881941
2.000000 0.203120 0.277780 0.500000 0.833336 0.868657
2.000000 0.171880 0.305560 0.531248 0.833336 0.860269
2.000000 0.156260 0.333340 0.531248 0.833336 0.874758
2.000000 0.125000 0.375000 0.531248 0.861112 0.878544
2.000000 0.101560 0.402780 0.546876 0.861112 0.873511
2.000000 0.078120 0.430560 0.531248 0.916664 0.856590
2.000000 0.054680 0.444440 0.546876 0.944444 0.847610
2.000000 0.023440 0.500000 0.546876 0.944444 0.854974
2.000000 0.000000 0.541660 0.562500 0.916664 0.771088
2.000000 0.406240 0.013880 0.531248 0.805556 0.845108
2.000000 0.382820 0.055560 0.515624 0.833336 0.818821
2.000000 0.367180 0.083340 0.515624 0.833336 0.818941
2.000000 0.343760 0.097220 0.500000 0.861112 0.728668
