2.000000 0.132820 0.180560 0.296872 0.472220 0.560969
2.000000 0.078120 0.486120 0.375000 0.638888 0.772226
2.000000 0.031240 0.263880 0.281248 0.416664 0.662727
2.000000 0.625000 0.319440 0.343752 0.416664 0.819442
2.000000 0.617180 0.333340 0.328124 0.444444 0.827664
2.000000 0.609380 0.333340 0.343752 0.444444 0.829486
2.000000 0.601560 0.347220 0.328124 0.472220 0.841700
2.000000 0.593760 0.361120 0.343752 0.444444 0.842210
2.000000 0.570320 0.375000 0.328124 0.472220 0.842565
2.000000 0.562500 0.388880 0.343752 0.444444 0.845613
2.000000 0.554680 0.402780 0.328124 0.472220 0.840996
2.000000 0.546880 0.416660 0.343752 0.444444 0.828782
2.000000 0.539060 0.444440 0.359376 0.444444 0.823841
2.000000 0.031240 0.291660 0.281248 0.472220 0.654250
2.000000 0.531240 0.458340 0.343752 0.472220 0.843959
2.000000 0.523440 0.486120 0.359376 0.472220 0.849655
2.000000 0.515620 0.513880 0.375000 0.472220 0.856034
2.000000 0.500000 0.541660 0.375000 0.472220 0.868580
2.000000 0.492180 0.541660 0.359376 0.472220 0.859403
2.000000 0.484380 0.569440 0.375000 0.472220 0.847528
2.000000 0.468740 0.583340 0.406248 0.500000 0.847780
2.000000 0.460940 0.583340 0.390624 0.500000 0.849644
2.000000 0.453120 0.625000 0.406248 0.472220 0.840128
2.000000 0.429680 0.638880 0.390624 0.500000 0.838795
2.000000 0.023440 0.305560 0.296872 0.500000 0.656690
2.000000 0.414060 0.666660 0.390624 0.500000 0.826340
2.000000 0.406260 0.694440 0.406248 0.500000 0.838870
2.000000 0.406260 0.722220 0.406248 0.500000 0.860763
2.000000 0.390620 0.736120 0.406248 0.527776 0.853529
2.000000 0.375000 0.763880 0.406248 0.527776 0.863621
2.000000 0.359380 0.791660 0.406248 0.527776 0.867480
2.000000 0.343740 0.819440 0.406248 0.527776 0.871868
2.000000 0.335940 0.833340 0.421876 0.500000 0.857556
2.000000 0.328120 0.861120 0.437500 0.555556 0.858742
2.000000 0.304680 0.888880 0.421876 0.555556 0.861837
2.000000 0.007820 0.333340 0.328124 0.500000 0.690667
2.000000 0.281260 0.916660 0.437500 0.555556 0.855857
2.000000 0.265620 0.944440 0.437500 0.555556 0.867614
2.000000 0.250000 0.986120 0.437500 0.583336 0.873366
2.000000 0.289060 0.000000 0.328124 0.500000 0.364074
2.000000 0.234380 0.055560 0.281248 0.500000 0.654165
2.000000 0.234380 0.055560 0.281248 0.500000 0.710158
2.000000 0.226560 0.055560 0.296872 0.500000 0.666732
2.000000 0.226560 0.055560 0.296872 0.555556 0.580395
2.000000 0.210940 0.083340 0.296872 0.555556 0.610919
2.000000 0.195320 0.111120 0.265624 0.500000 0.693541
2.000000 0.187500 0.125000 0.281248 0.472220 0.717463
2.000000 0.171880 0.138880 0.281248 0.500000 0.715316
2.000000 0.164060 0.152780 0.296872 0.472220 0.694146
2.000000 0.148440 0.138880 0.296872 0.500000 0.638325
2.000000 0.140620 0.166660 0.312500 0.500000 0.688155
2.000000 0.132820 0.166660 0.328124 0.500000 0.693397
2.000000 0.125000 0.194440 0.312500 0.500000 0.680598
2.000000 0.117180 0.194440 0.328124 0.500000 0.699878
2.000000 0.101560 0.208340 0.328124 0.527776 0.695459
2.000000 0.093760 0.222220 0.343752 0.555556 0.733896
2.000000 0.085940 0.222220 0.328124 0.555556 0.704162
2.000000 0.070320 0.250000 0.328124 0.555556 0.713435
2.000000 0.062500 0.250000 0.343752 0.555556 0.712769
2.000000 0.054680 0.263880 0.328124 0.527776 0.694414
2.000000 0.039060 0.277780 0.328124 0.555556 0.640605
2.000000 0.023440 0.305560 0.328124 0.555556 0.620577
2.000000 0.023440 0.305560 0.328124 0.555556 0.513696
2.000000 0.000000 0.319440 0.343752 0.583336 0.507787
2.000000 0.398440 0.000000 0.234376 0.388888 0.655596
2.000000 0.382820 0.000000 0.234376 0.388888 0.597054
2.000000 0.359380 0.000000 0.218752 0.388888 0.591076
2.000000 0.351560 0.000000 0.234376 0.388888 0.601396
2.000000 0.343740 0.013880 0.218752 0.416664 0.600118
2.000000 0.335940 0.027780 0.234376 0.388888 0.647166
2.000000 0.328120 0.027780 0.218752 0.388888 0.671711
2.000000 0.328120 0.055560 0.218752 0.388888 0.679643
2.000000 0.320320 0.055560 0.234376 0.388888 0.642399
2.000000 0.312500 0.069440 0.218752 0.361112 0.608279
2.000000 0.296880 0.083340 0.218752 0.388888 0.591157
2.000000 0.289060 0.083340 0.234376 0.388888 0.685755
2.000000 0.281260 0.111120 0.250000 0.388888 0.704421
2.000000 0.281260 0.111120 0.250000 0.388888 0.700424
2.000000 0.273440 0.138880 0.265624 0.388888 0.728092
2.000000 0.265620 0.138880 0.250000 0.388888 0.715199
2.000000 0.250000 0.152780 0.250000 0.416664 0.702644
2.000000 0.242180 0.166660 0.265624 0.388888 0.680174
2.000000 0.226560 0.180560 0.265624 0.416664 0.748133
2.000000 0.765620 0.000000 0.281248 0.500000 0.694333
2.000000 0.226560 0.180560 0.265624 0.416664 0.790047
2.000000 0.765620 0.027780 0.281248 0.500000 0.691216
2.000000 0.210940 0.194440 0.265624 0.388888 0.792699
2.000000 0.750000 0.041660 0.281248 0.527776 0.699331
2.000000 0.203120 0.208340 0.250000 0.416664 0.757945
2.000000 0.750000 0.055560 0.281248 0.500000 0.713553
2.000000 0.195320 0.208340 0.265624 0.416664 0.763086
2.000000 0.109380 0.138880 0.281248 0.388888 0.388740
2.000000 0.070320 0.472220 0.359376 0.722224 0.754030
2.000000 0.742180 0.055560 0.296872 0.500000 0.746361
2.000000 0.187500 0.222220 0.250000 0.388888 0.747600
2.000000 0.375000 0.027780 0.250000 0.388888 0.420027
2.000000 0.164060 0.236120 0.265624 0.416664 0.734181
2.000000 0.742180 0.083340 0.296872 0.500000 0.763429
2.000000 0.359380 0.083340 0.250000 0.444444 0.428636
2.000000 0.148440 0.250000 0.265624 0.388888 0.714245
2.000000 0.726560 0.097220 0.296872 0.472220 0.786166
2.000000 0.359380 0.055560 0.250000 0.444444 0.451143
2.000000 0.140620 0.263880 0.281248 0.416664 0.693770
2.000000 0.726560 0.111120 0.296872 0.500000 0.794882
2.000000 0.351560 0.138880 0.265624 0.555556 0.462792
2.000000 0.132820 0.277780 0.296872 0.388888 0.701289
2.000000 0.718760 0.111120 0.281248 0.500000 0.793726
2.000000 0.343740 0.041660 0.250000 0.361112 0.486776
2.000000 0.132820 0.291660 0.296872 0.416664 0.725330
2.000000 0.710940 0.125000 0.296872 0.527776 0.780447
2.000000 0.335940 0.041660 0.234376 0.361112 0.459248
2.000000 0.125000 0.319440 0.312500 0.416664 0.703484
2.000000 0.703120 0.125000 0.312500 0.527776 0.732974
2.000000 0.328120 0.041660 0.250000 0.361112 0.525972
2.000000 0.703120 0.138880 0.312500 0.500000 0.710901
2.000000 0.101560 0.319440 0.296872 0.416664 0.743651
2.000000 0.312500 0.055560 0.250000 0.333336 0.505015
2.000000 0.687500 0.138880 0.312500 0.500000 0.745435
2.000000 0.093760 0.319440 0.281248 0.416664 0.771688
2.000000 0.304680 0.083340 0.265624 0.333336 0.528680
2.000000 0.679680 0.166660 0.296872 0.500000 0.750488
2.000000 0.078120 0.333340 0.281248 0.444444 0.786089
2.000000 0.296880 0.083340 0.250000 0.333336 0.490539
2.000000 0.070320 0.347220 0.296872 0.416664 0.769940
2.000000 0.671880 0.180560 0.312500 0.527776 0.779763
2.000000 0.281260 0.083340 0.250000 0.333336 0.596702
2.000000 0.671880 0.194440 0.312500 0.555556 0.731430
2.000000 0.070320 0.361120 0.296872 0.444444 0.757569
2.000000 0.273440 0.111120 0.265624 0.333336 0.605333
2.000000 0.656240 0.222220 0.312500 0.555556 0.689732
2.000000 0.054680 0.375000 0.296872 0.472220 0.784827
2.000000 0.265620 0.097220 0.250000 0.361112 0.656330
2.000000 0.648440 0.222220 0.328124 0.555556 0.721556
2.000000 0.054680 0.388880 0.296872 0.444444 0.811308
2.000000 0.265620 0.097220 0.250000 0.361112 0.671806
2.000000 0.632820 0.236120 0.328124 0.583336 0.715645
2.000000 0.046880 0.416660 0.312500 0.444444 0.813315
2.000000 0.250000 0.097220 0.250000 0.361112 0.671554
2.000000 0.632820 0.250000 0.328124 0.611112 0.690189
2.000000 0.031240 0.416660 0.312500 0.444444 0.827408
2.000000 0.250000 0.111120 0.250000 0.388888 0.649943
2.000000 0.617180 0.263880 0.328124 0.583336 0.717316
2.000000 0.015620 0.430560 0.312500 0.472220 0.810042
2.000000 0.242180 0.138880 0.234376 0.388888 0.607791
2.000000 0.609380 0.263880 0.343752 0.583336 0.764125
2.000000 0.000000 0.430560 0.312500 0.472220 0.799187
2.000000 0.242180 0.152780 0.234376 0.361112 0.600089
2.000000 0.601560 0.277780 0.328124 0.611112 0.744998
2.000000 0.218760 0.152780 0.250000 0.361112 0.639392
2.000000 0.593760 0.305560 0.343752 0.611112 0.698518
2.000000 0.585940 0.333340 0.328124 0.611112 0.636295
2.000000 0.210940 0.166660 0.265624 0.388888 0.714480
2.000000 0.562500 0.333340 0.343752 0.611112 0.644549
2.000000 0.203120 0.180560 0.281248 0.416664 0.690768
2.000000 0.562500 0.347220 0.343752 0.638888 0.572178
2.000000 0.195320 0.194440 0.265624 0.388888 0.690076
2.000000 0.562500 0.375000 0.343752 0.638888 0.614608
2.000000 0.179680 0.194440 0.265624 0.388888 0.644001
2.000000 0.546880 0.388880 0.343752 0.666668 0.572513
2.000000 0.171880 0.208340 0.281248 0.416664 0.646443
2.000000 0.164060 0.222220 0.296872 0.444444 0.548030
2.000000 0.539060 0.416660 0.359376 0.666668 0.639478
2.000000 0.523440 0.444440 0.359376 0.666668 0.476117
2.000000 0.156240 0.236120 0.281248 0.416664 0.579196
2.000000 0.140620 0.263880 0.281248 0.361112 0.569140
2.000000 0.515620 0.444440 0.375000 0.666668 0.607703
2.000000 0.515620 0.458340 0.375000 0.694444 0.495089
2.000000 0.125000 0.277780 0.281248 0.388888 0.607111
2.000000 0.500000 0.486120 0.375000 0.694444 0.568608
2.000000 0.117180 0.291660 0.265624 0.361112 0.634961
2.000000 0.109380 0.291660 0.281248 0.361112 0.648928
2.000000 0.484380 0.500000 0.375000 0.666668 0.657050
2.000000 0.476560 0.500000 0.390624 0.666668 0.691364
2.000000 0.093760 0.305560 0.281248 0.388888 0.714915
2.000000 0.468740 0.541660 0.375000 0.694444 0.652718
2.000000 0.078120 0.305560 0.281248 0.388888 0.716313
2.000000 0.453120 0.555560 0.375000 0.722224 0.562711
2.000000 0.078120 0.333340 0.312500 0.388888 0.731093
2.000000 0.445320 0.583340 0.390624 0.722224 0.540522
2.000000 0.070320 0.347220 0.296872 0.416664 0.700388
2.000000 0.421880 0.611120 0.406248 0.722224 0.688256
2.000000 0.062500 0.361120 0.312500 0.444444 0.701113
2.000000 0.054680 0.375000 0.296872 0.416664 0.754721
2.000000 0.414060 0.638880 0.421876 0.722224 0.770064
2.000000 0.039060 0.388880 0.296872 0.444444 0.780479
2.000000 0.406260 0.666660 0.406248 0.722224 0.792156
2.000000 0.031240 0.388880 0.312500 0.444444 0.767824
2.000000 0.390620 0.680560 0.406248 0.750000 0.786475
2.000000 0.015620 0.416660 0.312500 0.444444 0.730087
2.000000 0.382820 0.708340 0.421876 0.694444 0.806814
2.000000 0.000000 0.416660 0.281248 0.444444 0.672566
2.000000 0.382820 0.736120 0.421876 0.750000 0.774096
2.000000 0.328120 0.000000 0.250000 0.388888 0.693209
2.000000 0.359380 0.763880 0.406248 0.750000 0.788697
2.000000 0.328120 0.000000 0.250000 0.388888 0.693590
2.000000 0.351560 0.791660 0.421876 0.750000 0.791624
2.000000 0.335940 0.819440 0.421876 0.750000 0.657721
2.000000 0.312500 0.000000 0.250000 0.388888 0.704413
2.000000 0.328120 0.833340 0.437500 0.777776 0.609954
2.000000 0.296880 0.000000 0.250000 0.388888 0.691828
2.000000 0.304680 0.861120 0.453128 0.777776 0.555499
2.000000 0.289060 0.013880 0.265624 0.416664 0.725432
2.000000 0.289060 0.013880 0.265624 0.416664 0.659333
2.000000 0.289060 0.888880 0.453128 0.777776 0.729866
2.000000 0.265620 0.069440 0.250000 0.361112 0.666349
2.000000 0.273440 0.902780 0.453128 0.805556 0.768513
2.000000 0.257820 0.069440 0.234376 0.361112 0.687643
2.000000 0.257820 0.944440 0.453128 0.777776 0.687699
2.000000 0.242180 0.986120 0.453128 0.861112 0.622998
2.000000 0.250000 0.083340 0.250000 0.388888 0.686903
2.000000 0.242180 0.083340 0.234376 0.388888 0.708797
2.000000 0.234380 0.083340 0.218752 0.388888 0.571595
2.000000 0.226560 0.097220 0.234376 0.361112 0.628441
2.000000 0.210940 0.111120 0.234376 0.388888 0.671933
2.000000 0.210940 0.111120 0.234376 0.388888 0.705775
2.000000 0.203120 0.125000 0.250000 0.416664 0.749126
2.000000 0.203120 0.152780 0.250000 0.416664 0.763851
2.000000 0.195320 0.152780 0.265624 0.416664 0.747879
2.000000 0.179680 0.180560 0.265624 0.416664 0.732165
2.000000 0.796880 0.000000 0.312500 0.500000 0.626813
2.000000 0.171880 0.180560 0.281248 0.416664 0.743477
2.000000 0.789060 0.013880 0.328124 0.472220 0.647312
2.000000 0.164060 0.180560 0.296872 0.416664 0.765908
2.000000 0.789060 0.027780 0.359376 0.500000 0.665929
2.000000 0.156240 0.194440 0.312500 0.444444 0.764501
2.000000 0.765620 0.027780 0.312500 0.500000 0.622496
2.000000 0.140620 0.208340 0.312500 0.416664 0.748801
2.000000 0.757820 0.041660 0.296872 0.472220 0.671924
2.000000 0.132820 0.222220 0.296872 0.444444 0.697644
2.000000 0.125000 0.222220 0.312500 0.444444 0.636475
2.000000 0.750000 0.055560 0.281248 0.500000 0.697732
2.000000 0.101560 0.263880 0.296872 0.416664 0.686437
2.000000 0.742180 0.055560 0.296872 0.500000 0.696666
2.000000 0.742180 0.055560 0.296872 0.500000 0.687652
2.000000 0.101560 0.263880 0.296872 0.416664 0.693106
2.000000 0.085940 0.277780 0.296872 0.444444 0.688609
2.000000 0.734380 0.083340 0.312500 0.500000 0.693123
2.000000 0.078120 0.305560 0.312500 0.444444 0.667418
2.000000 0.734380 0.083340 0.312500 0.500000 0.681894
2.000000 0.078120 0.305560 0.343752 0.444444 0.667687
2.000000 0.718760 0.111120 0.312500 0.500000 0.697140
2.000000 0.718760 0.111120 0.312500 0.500000 0.678442
2.000000 0.078120 0.319440 0.343752 0.472220 0.692517
2.000000 0.078120 0.305560 0.375000 0.500000 0.654762
2.000000 0.710940 0.125000 0.328124 0.527776 0.694929
2.000000 0.695320 0.125000 0.328124 0.527776 0.685811
2.000000 0.054680 0.333340 0.359376 0.444444 0.693411
2.000000 0.039060 0.347220 0.359376 0.472220 0.593016
2.000000 0.695320 0.152780 0.328124 0.527776 0.639583
2.000000 0.031240 0.375000 0.343752 0.472220 0.453812
2.000000 0.679680 0.152780 0.328124 0.527776 0.661209
2.000000 0.031240 0.388880 0.375000 0.500000 0.452135
2.000000 0.679680 0.166660 0.328124 0.500000 0.672663
2.000000 0.000000 0.402780 0.343752 0.472220 0.623088
2.000000 0.679680 0.180560 0.359376 0.527776 0.633996
2.000000 0.664060 0.194440 0.328124 0.555556 0.597243
2.000000 0.648440 0.208340 0.328124 0.527776 0.572772
2.000000 0.648440 0.222220 0.328124 0.555556 0.526977
2.000000 0.289060 0.000000 0.296872 0.500000 0.789414
2.000000 0.640620 0.222220 0.312500 0.555556 0.553053
2.000000 0.625000 0.250000 0.343752 0.555556 0.594486
2.000000 0.609380 0.263880 0.343752 0.583336 0.615512
2.000000 0.609380 0.263880 0.343752 0.583336 0.603838
2.000000 0.601560 0.277780 0.328124 0.555556 0.602598
2.000000 0.601560 0.305560 0.328124 0.555556 0.584619
2.000000 0.585940 0.319440 0.328124 0.583336 0.603589
2.000000 0.578120 0.319440 0.343752 0.583336 0.608203
2.000000 0.570320 0.347220 0.328124 0.583336 0.610063
2.000000 0.734380 0.000000 0.406248 0.611112 0.411729
2.000000 0.562500 0.347220 0.343752 0.583336 0.604437
2.000000 0.304680 0.000000 0.328124 0.500000 0.703400
2.000000 0.726560 0.000000 0.390624 0.611112 0.349917
2.000000 0.554680 0.361120 0.359376 0.611112 0.559001
2.000000 0.726560 0.000000 0.390624 0.611112 0.320000
2.000000 0.546880 0.375000 0.375000 0.638888 0.486976
2.000000 0.546880 0.388880 0.375000 0.611112 0.444716
2.000000 0.531240 0.416660 0.375000 0.611112 0.563476
2.000000 0.671880 0.041660 0.343752 0.638888 0.300887
2.000000 0.523440 0.430560 0.359376 0.638888 0.637038
2.000000 0.515620 0.444440 0.375000 0.611112 0.620959
2.000000 0.507820 0.458340 0.390624 0.638888 0.649516
2.000000 0.500000 0.486120 0.375000 0.638888 0.666641
2.000000 0.492180 0.486120 0.390624 0.638888 0.687302
2.000000 0.476560 0.513880 0.359376 0.638888 0.572678
2.000000 0.101560 0.125000 0.265624 0.361112 0.444564
2.000000 0.062500 0.527780 0.375000 0.722224 0.786450
2.000000 0.296880 0.000000 0.312500 0.500000 0.700964
2.000000 0.460940 0.541660 0.359376 0.638888 0.577836
2.000000 0.273440 0.027780 0.296872 0.500000 0.742614
2.000000 0.273440 0.013880 0.328124 0.527776 0.617317
2.000000 0.250000 0.027780 0.312500 0.500000 0.714563
2.000000 0.234380 0.041660 0.281248 0.472220 0.698387
2.000000 0.234380 0.069440 0.281248 0.472220 0.756607
2.000000 0.226560 0.083340 0.296872 0.500000 0.793083
2.000000 0.210940 0.083340 0.296872 0.500000 0.759078
2.000000 0.210940 0.083340 0.296872 0.500000 0.776931
2.000000 0.203120 0.097220 0.312500 0.527776 0.736020
2.000000 0.093760 0.222220 0.281248 0.555556 0.443434
2.000000 0.054680 0.500000 0.390624 0.722224 0.706394
2.000000 0.179680 0.111120 0.296872 0.500000 0.685772
2.000000 0.164060 0.138880 0.296872 0.500000 0.772971
2.000000 0.164060 0.138880 0.296872 0.500000 0.797008
2.000000 0.156240 0.138880 0.312500 0.500000 0.828640
2.000000 0.140620 0.166660 0.312500 0.500000 0.795782
2.000000 0.132820 0.166660 0.328124 0.500000 0.791044
2.000000 0.125000 0.180560 0.312500 0.527776 0.737345
2.000000 0.109380 0.194440 0.312500 0.500000 0.724317
2.000000 0.101560 0.208340 0.328124 0.527776 0.759516
2.000000 0.093760 0.222220 0.312500 0.555556 0.756655
2.000000 0.085940 0.222220 0.265624 0.500000 0.480234
2.000000 0.039060 0.541660 0.390624 0.694444 0.729495
2.000000 0.078120 0.236120 0.312500 0.527776 0.802753
2.000000 0.070320 0.236120 0.328124 0.583336 0.790295
2.000000 0.054680 0.250000 0.328124 0.555556 0.726852
2.000000 0.046880 0.263880 0.343752 0.583336 0.761386
2.000000 0.031240 0.277780 0.343752 0.555556 0.791421
2.000000 0.023440 0.291660 0.328124 0.583336 0.798376
2.000000 0.015620 0.305560 0.343752 0.555556 0.799382
2.000000 0.000000 0.319440 0.343752 0.583336 0.783715
2.000000 0.085940 0.166660 0.265624 0.333336 0.323276
2.000000 0.023440 0.500000 0.421876 0.833336 0.589889
2.000000 0.078120 0.222220 0.281248 0.444444 0.466368
2.000000 0.007820 0.597220 0.421876 0.694444 0.609306
2.000000 0.796880 0.000000 0.312500 0.388888 0.758836
2.000000 0.796880 0.000000 0.312500 0.388888 0.753112
2.000000 0.789060 0.013880 0.296872 0.416664 0.759669
2.000000 0.789060 0.027780 0.296872 0.388888 0.776079
2.000000 0.789060 0.027780 0.296872 0.388888 0.753571
2.000000 0.054680 0.263880 0.296872 0.472220 0.531851
2.000000 0.781240 0.041660 0.312500 0.416664 0.742411
2.000000 0.781240 0.055560 0.312500 0.388888 0.741441
2.000000 0.773440 0.055560 0.296872 0.388888 0.748550
2.000000 0.773440 0.069440 0.296872 0.416664 0.744824
2.000000 0.757820 0.097220 0.296872 0.416664 0.734916
2.000000 0.757820 0.111120 0.296872 0.388888 0.729692
2.000000 0.750000 0.125000 0.312500 0.416664 0.734593
2.000000 0.742180 0.125000 0.328124 0.416664 0.734757
2.000000 0.726560 0.152780 0.296872 0.416664 0.741228
2.000000 0.710940 0.152780 0.296872 0.416664 0.766262
2.000000 0.046880 0.208340 0.281248 0.361112 0.660737
2.000000 0.703120 0.166660 0.312500 0.444444 0.772357
2.000000 0.695320 0.166660 0.328124 0.444444 0.800189
2.000000 0.687500 0.166660 0.312500 0.444444 0.782482
2.000000 0.671880 0.180560 0.312500 0.416664 0.773388
2.000000 0.671880 0.222220 0.312500 0.388888 0.798889
2.000000 0.671880 0.236120 0.312500 0.416664 0.800984
2.000000 0.656240 0.250000 0.312500 0.388888 0.790337
2.000000 0.648440 0.263880 0.328124 0.416664 0.823425
2.000000 0.648440 0.263880 0.328124 0.416664 0.836646
2.000000 0.632820 0.305560 0.328124 0.444444 0.833311
