2.000000 0.242180 0.013880 0.453128 0.583336 0.868546
2.000000 0.234380 0.013880 0.437500 0.583336 0.877484
2.000000 0.210940 0.055560 0.453128 0.611112 0.870181
2.000000 0.203120 0.083340 0.437500 0.611112 0.874106
2.000000 0.187500 0.111120 0.468752 0.611112 0.862700
2.000000 0.171880 0.138880 0.468752 0.611112 0.878595
2.000000 0.148440 0.180560 0.484372 0.638888 0.889161
2.000000 0.132820 0.208340 0.484372 0.638888 0.879281
2.000000 0.117180 0.250000 0.484372 0.666668 0.874642
2.000000 0.093760 0.277780 0.500000 0.666668 0.866648
2.000000 0.078120 0.319440 0.500000 0.694444 0.859714
2.000000 0.062500 0.347220 0.500000 0.694444 0.867690
2.000000 0.031240 0.375000 0.500000 0.694444 0.850830
2.000000 0.023440 0.416660 0.515624 0.666668 0.877719
2.000000 0.007820 0.458340 0.515624 0.694444 0.878132
2.000000 0.226560 0.027780 0.453128 0.833336 0.717152
2.000000 0.210940 0.041660 0.453128 0.861112 0.827058
2.000000 0.203120 0.069440 0.468752 0.861112 0.838020
2.000000 0.179680 0.083340 0.484372 0.888888 0.861357
2.000000 0.164060 0.138880 0.484372 0.888888 0.846485
2.000000 0.148440 0.180560 0.515624 0.916664 0.839631
2.000000 0.132820 0.208340 0.515624 0.916664 0.867440
2.000000 0.109380 0.250000 0.531248 0.944444 0.848730
2.000000 0.093760 0.263880 0.531248 0.916664 0.826862
2.000000 0.078120 0.305560 0.531248 0.944444 0.870096
2.000000 0.062500 0.347220 0.531248 0.972220 0.747834
2.000000 0.039060 0.402780 0.546876 0.972220 0.802841
2.000000 0.023440 0.430560 0.546876 0.972220 0.809689
2.000000 0.000000 0.458340 0.562500 0.972220 0.832875
