2.000000 0.085940 0.000005 0.281250 0.708333 0.752120
2.000000 0.066410 0.020840 0.289064 0.708333 0.718231
2.000000 0.054690 0.031250 0.281250 0.729165 0.706613
2.000000 0.042970 0.072920 0.289064 0.729165 0.793522
2.000000 0.031250 0.083330 0.296876 0.750000 0.804735
2.000000 0.015630 0.093755 0.296876 0.770835 0.806053
2.000000 0.000000 0.135410 0.296876 0.770835 0.814228
2.000000 0.531250 0.010415 0.250000 0.520833 0.867690
2.000000 0.515620 0.031250 0.250000 0.520833 0.850830
2.000000 0.511720 0.062495 0.257812 0.500001 0.877719
2.000000 0.503910 0.093755 0.257812 0.520833 0.878132
2.000000 0.488280 0.125000 0.257812 0.541668 0.867373
2.000000 0.476560 0.156245 0.265624 0.520833 0.869747
2.000000 0.464840 0.187505 0.273438 0.541668 0.882727
2.000000 0.453120 0.218750 0.281250 0.562500 0.908277
2.000000 0.441410 0.260420 0.273438 0.562500 0.904195
2.000000 0.429690 0.281255 0.281250 0.562500 0.888209
2.000000 0.414060 0.322910 0.281250 0.562500 0.881527
2.000000 0.410160 0.364580 0.289064 0.604167 0.882241
2.000000 0.394530 0.395840 0.289064 0.583332 0.895636
2.000000 0.375000 0.447920 0.296876 0.604167 0.888389
2.000000 0.363280 0.468755 0.304688 0.604167 0.884979
2.000000 0.347660 0.520835 0.304688 0.625002 0.893765
2.000000 0.335940 0.562505 0.312500 0.625002 0.897967
2.000000 0.316410 0.604160 0.320312 0.666666 0.896104
2.000000 0.300780 0.645830 0.320312 0.666666 0.891587
2.000000 0.289060 0.697910 0.328124 0.687498 0.890831
2.000000 0.269530 0.750005 0.335938 0.708333 0.893930
2.000000 0.250000 0.812495 0.343750 0.708333 0.878212
2.000000 0.234380 0.864590 0.343750 0.729165 0.894938
2.000000 0.214840 0.916670 0.351562 0.750000 0.910029
2.000000 0.195310 0.968750 0.359376 0.770835 0.905803
2.000000 0.085940 0.010415 0.281250 0.687498 0.871280
2.000000 0.074220 0.041660 0.289064 0.708333 0.868867
2.000000 0.062500 0.052085 0.281250 0.729165 0.843658
2.000000 0.050780 0.072920 0.289064 0.729165 0.793723
2.000000 0.035160 0.104165 0.304688 0.750000 0.828976
2.000000 0.023440 0.104165 0.296876 0.750000 0.859662
2.000000 0.011720 0.145835 0.304688 0.750000 0.824499
2.000000 0.531250 0.010415 0.265624 0.729165 0.747834
2.000000 0.519530 0.052085 0.273438 0.729165 0.802841
2.000000 0.128910 0.000005 0.242186 0.541668 0.842287
2.000000 0.511720 0.072920 0.273438 0.729165 0.809689
2.000000 0.121090 0.020840 0.242186 0.541668 0.854701
2.000000 0.500000 0.093755 0.281250 0.729165 0.832875
2.000000 0.105470 0.052085 0.257812 0.520833 0.847934
2.000000 0.488280 0.135410 0.289064 0.770835 0.798043
2.000000 0.093750 0.062495 0.265624 0.541668 0.830220
2.000000 0.480470 0.156245 0.289064 0.812502 0.819987
2.000000 0.082030 0.104165 0.257812 0.541668 0.867299
2.000000 0.468750 0.197915 0.296876 0.812502 0.861821
2.000000 0.070310 0.125000 0.265624 0.541668 0.867614
2.000000 0.457030 0.239585 0.304688 0.812502 0.843751
2.000000 0.058590 0.145835 0.257812 0.583332 0.872804
2.000000 0.445310 0.270830 0.312500 0.833334 0.864855
2.000000 0.046870 0.177080 0.265624 0.562500 0.892914
2.000000 0.433590 0.302090 0.304688 0.812502 0.774867
2.000000 0.031250 0.197915 0.281250 0.562500 0.888109
2.000000 0.421870 0.343745 0.312500 0.854166 0.820786
2.000000 0.019530 0.229160 0.273438 0.583332 0.897907
2.000000 0.414060 0.375005 0.312500 0.874998 0.798621
2.000000 0.003910 0.249995 0.273438 0.583332 0.876046
2.000000 0.398440 0.416660 0.328124 0.916665 0.772580
2.000000 0.390630 0.468755 0.328124 0.895833 0.699869
2.000000 0.371090 0.500000 0.335938 0.916665 0.660979
2.000000 0.359370 0.541670 0.343750 0.916665 0.849622
2.000000 0.335940 0.604160 0.359376 0.958335 0.793107
2.000000 0.324220 0.656255 0.351562 0.979167 0.743668
2.000000 0.316410 0.697910 0.367186 0.979167 0.806624
2.000000 0.300780 0.739580 0.367186 0.979167 0.787608
2.000000 0.285160 0.812495 0.382812 1.041666 0.798881
2.000000 0.265620 0.843755 0.375000 1.062498 0.857602
2.000000 0.253910 0.906245 0.382812 1.104165 0.766228
2.000000 0.234380 0.968750 0.390624 1.104165 0.853437
2.000000 0.105470 0.000005 0.242186 0.541668 0.861935
2.000000 0.097660 0.020840 0.242186 0.541668 0.853555
2.000000 0.082030 0.052085 0.257812 0.520833 0.871744
2.000000 0.074220 0.083330 0.257812 0.541668 0.875519
2.000000 0.058590 0.104165 0.257812 0.541668 0.871260
2.000000 0.046870 0.125000 0.265624 0.541668 0.885302
2.000000 0.035160 0.145835 0.257812 0.541668 0.877140
2.000000 0.019530 0.177080 0.273438 0.562500 0.878751
2.000000 0.007810 0.197915 0.265624 0.562500 0.881135
2.000000 0.214840 0.020840 0.273438 0.708333 0.834778
2.000000 0.203120 0.031250 0.281250 0.729165 0.731580
2.000000 0.191410 0.072920 0.289064 0.729165 0.749209
2.000000 0.175780 0.093755 0.289064 0.729165 0.770962
2.000000 0.167970 0.114590 0.304688 0.770835 0.773134
2.000000 0.148440 0.135410 0.296876 0.770835 0.635949
2.000000 0.132810 0.166670 0.312500 0.791667 0.501507
2.000000 0.121090 0.218750 0.304688 0.812502 0.363092
2.000000 0.105470 0.249995 0.304688 0.791667 0.592158
2.000000 0.089840 0.281255 0.304688 0.812502 0.592034
2.000000 0.074220 0.312500 0.320312 0.833334 0.657220
2.000000 0.058590 0.343745 0.320312 0.854166 0.549936
2.000000 0.039060 0.375005 0.328124 0.874998 0.566242
2.000000 0.023440 0.406250 0.328124 0.895833 0.532669
2.000000 0.011720 0.458330 0.351562 0.916665 0.619082
2.000000 0.078130 0.000005 0.265624 0.625002 0.874758
2.000000 0.062500 0.031250 0.265624 0.645834 0.878544
2.000000 0.050780 0.052085 0.273438 0.645834 0.873511
2.000000 0.039060 0.072920 0.265624 0.687498 0.856590
2.000000 0.027340 0.083330 0.273438 0.708333 0.847610
2.000000 0.011720 0.125000 0.273438 0.708333 0.854974
2.000000 0.000000 0.156245 0.281250 0.687498 0.771088
