2.000000 0.175780 0.031255 0.367186 0.812502 0.905327
2.000000 0.156250 0.072910 0.375000 0.812502 0.908631
2.000000 0.136720 0.156250 0.382812 0.854166 0.893450
2.000000 0.113280 0.218755 0.398438 0.895833 0.892743
2.000000 0.089840 0.291670 0.398438 0.874998 0.901812
2.000000 0.066410 0.364585 0.414064 0.895833 0.906460
2.000000 0.039060 0.427090 0.421876 0.895833 0.906775
2.000000 0.011720 0.510415 0.429688 0.937500 0.893475
2.000000 0.214840 0.041665 0.398438 1.125000 0.846753
2.000000 0.203120 0.104170 0.406250 1.166667 0.825790
2.000000 0.179690 0.156250 0.406250 1.145832 0.793293
2.000000 0.148440 0.239590 0.437500 1.229166 0.814987
2.000000 0.136720 0.312505 0.429688 1.249998 0.832923
2.000000 0.113280 0.395830 0.445312 1.291665 0.866743
2.000000 0.089840 0.458335 0.460938 1.375002 0.814291
2.000000 0.066410 0.552085 0.476562 1.354167 0.864265
2.000000 0.039060 0.635410 0.484376 1.437498 0.743235
2.000000 0.015630 0.729160 0.500000 1.458333 0.847739
