2.000000 0.351560 0.062510 0.734372 1.625004 0.905327
2.000000 0.312500 0.145820 0.750000 1.625004 0.908631
2.000000 0.273440 0.312500 0.765624 1.708332 0.893450
2.000000 0.226560 0.437510 0.796876 1.791666 0.892743
2.000000 0.179680 0.583340 0.796876 1.749996 0.901812
2.000000 0.132820 0.729170 0.828128 1.791666 0.906460
2.000000 0.078120 0.854180 0.843752 1.791666 0.906775
2.000000 0.429680 0.083330 0.796876 2.250000 0.846753
2.000000 0.406240 0.208340 0.812500 2.333334 0.825790
2.000000 0.359380 0.312500 0.812500 2.291664 0.793293
2.000000 0.296880 0.479180 0.875000 2.458332 0.814987
2.000000 0.273440 0.625010 0.859376 2.499996 0.832923
2.000000 0.226560 0.791660 0.890624 2.583330 0.866743
2.000000 0.179680 0.916670 0.921876 2.750004 0.814291
