2.000000 0.464840 0.312495 0.195312 0.541668 0.744945
2.000000 0.445310 0.208335 0.171876 0.500001 0.791781
2.000000 0.734380 0.531255 0.171876 0.395832 0.771256
2.000000 0.730470 0.520830 0.179688 0.416667 0.762541
2.000000 0.726560 0.510420 0.171876 0.395832 0.767796
2.000000 0.722660 0.489585 0.179688 0.395832 0.781706
2.000000 0.718750 0.479160 0.171876 0.375000 0.772271
2.000000 0.714840 0.468750 0.179688 0.354165 0.791666
2.000000 0.714840 0.458340 0.179688 0.375000 0.770516
2.000000 0.710940 0.447915 0.171876 0.354165 0.777397
2.000000 0.710940 0.427080 0.187500 0.354165 0.747271
2.000000 0.707030 0.416670 0.179688 0.375000 0.734286
2.000000 0.441410 0.197910 0.179688 0.479166 0.789893
2.000000 0.699220 0.406245 0.164062 0.354165 0.726213
2.000000 0.691410 0.385410 0.164062 0.354165 0.768785
2.000000 0.691410 0.385410 0.164062 0.354165 0.785781
2.000000 0.687500 0.375000 0.156250 0.333333 0.729672
2.000000 0.683590 0.354165 0.148436 0.333333 0.680771
2.000000 0.679690 0.343755 0.156250 0.354165 0.677924
2.000000 0.683590 0.343755 0.164062 0.354165 0.678916
2.000000 0.679690 0.322920 0.156250 0.354165 0.678609
2.000000 0.671870 0.312495 0.156250 0.333333 0.753238
2.000000 0.667970 0.302085 0.164062 0.354165 0.797859
2.000000 0.437500 0.197910 0.171876 0.479166 0.799574
2.000000 0.664060 0.291660 0.156250 0.333333 0.776529
2.000000 0.664060 0.270840 0.156250 0.333333 0.781441
2.000000 0.660160 0.270840 0.164062 0.333333 0.757349
2.000000 0.660160 0.260415 0.164062 0.312498 0.762118
2.000000 0.656250 0.250005 0.156250 0.333333 0.735913
2.000000 0.656250 0.229170 0.156250 0.333333 0.718932
2.000000 0.648440 0.218745 0.156250 0.354165 0.728352
2.000000 0.644530 0.218745 0.148436 0.312498 0.747560
2.000000 0.648440 0.208335 0.156250 0.333333 0.757636
2.000000 0.648440 0.208335 0.171876 0.333333 0.758711
2.000000 0.437500 0.187500 0.171876 0.458334 0.805333
2.000000 0.644530 0.187500 0.164062 0.333333 0.763176
2.000000 0.644530 0.166665 0.164062 0.333333 0.723966
2.000000 0.636720 0.166665 0.148436 0.333333 0.673514
2.000000 0.500000 0.979170 0.234376 0.500001 0.815871
2.000000 0.628910 0.156255 0.132812 0.312498 0.708338
2.000000 0.496090 0.958335 0.226564 0.500001 0.804244
2.000000 0.628910 0.156255 0.132812 0.312498 0.714914
2.000000 0.492190 0.927090 0.234376 0.479166 0.813409
2.000000 0.628910 0.135420 0.132812 0.312498 0.708186
2.000000 0.492190 0.895830 0.218750 0.458334 0.817382
2.000000 0.621090 0.124995 0.117188 0.291666 0.687557
2.000000 0.480470 0.874995 0.210938 0.458334 0.833915
2.000000 0.617190 0.124995 0.125000 0.291666 0.721056
2.000000 0.488280 0.854160 0.226564 0.458334 0.778336
2.000000 0.617190 0.124995 0.125000 0.291666 0.725220
2.000000 0.476560 0.822915 0.203124 0.437502 0.804127
2.000000 0.617190 0.104160 0.125000 0.291666 0.728140
2.000000 0.476560 0.802080 0.203124 0.437502 0.805564
2.000000 0.437500 0.177090 0.171876 0.479166 0.800810
2.000000 0.613280 0.093750 0.132812 0.312498 0.727298
2.000000 0.484370 0.781245 0.218750 0.437502 0.794288
2.000000 0.609380 0.093750 0.125000 0.312498 0.736783
2.000000 0.484370 0.760410 0.234376 0.437502 0.784247
2.000000 0.609380 0.083340 0.125000 0.291666 0.737103
2.000000 0.484370 0.739590 0.234376 0.437502 0.794841
2.000000 0.609380 0.083340 0.125000 0.291666 0.726380
2.000000 0.476560 0.718755 0.218750 0.437502 0.774200
2.000000 0.605470 0.072915 0.132812 0.270834 0.767067
2.000000 0.476560 0.697920 0.234376 0.437502 0.772527
2.000000 0.605470 0.062505 0.132812 0.291666 0.760169
2.000000 0.460940 0.666660 0.203124 0.416667 0.778903
2.000000 0.605470 0.062505 0.132812 0.291666 0.788010
2.000000 0.457030 0.645840 0.179688 0.416667 0.798379
2.000000 0.601560 0.041670 0.125000 0.291666 0.796102
2.000000 0.453130 0.625005 0.171876 0.416667 0.836897
2.000000 0.601560 0.041670 0.125000 0.291666 0.798799
2.000000 0.449220 0.604170 0.179688 0.416667 0.838359
2.000000 0.597660 0.020835 0.132812 0.291666 0.797846
2.000000 0.449220 0.583335 0.179688 0.375000 0.833419
2.000000 0.429690 0.166665 0.171876 0.458334 0.785085
2.000000 0.597660 0.020835 0.132812 0.291666 0.785755
2.000000 0.449220 0.572910 0.179688 0.395832 0.838554
2.000000 0.589840 0.020835 0.117188 0.291666 0.784724
2.000000 0.441410 0.562500 0.164062 0.375000 0.828291
2.000000 0.589840 0.010410 0.117188 0.270834 0.786451
2.000000 0.441410 0.541665 0.164062 0.375000 0.817379
2.000000 0.585940 0.010410 0.125000 0.270834 0.779711
2.000000 0.441410 0.520830 0.164062 0.375000 0.796914
2.000000 0.585940 0.000000 0.125000 0.291666 0.770985
2.000000 0.441410 0.499995 0.164062 0.375000 0.778624
2.000000 0.441410 0.479160 0.179688 0.375000 0.755734
2.000000 0.433590 0.468750 0.164062 0.354165 0.793335
2.000000 0.437500 0.447915 0.171876 0.354165 0.787817
2.000000 0.433590 0.437505 0.164062 0.375000 0.764297
2.000000 0.433590 0.416670 0.164062 0.375000 0.762300
2.000000 0.429690 0.156255 0.171876 0.479166 0.756054
2.000000 0.429690 0.406245 0.156250 0.354165 0.789079
2.000000 0.429690 0.395835 0.156250 0.333333 0.796227
2.000000 0.429690 0.385410 0.156250 0.354165 0.777339
2.000000 0.429690 0.354165 0.156250 0.333333 0.770476
2.000000 0.429690 0.343755 0.156250 0.354165 0.751197
2.000000 0.429690 0.333330 0.171876 0.333333 0.729692
2.000000 0.425780 0.312495 0.164062 0.333333 0.754169
2.000000 0.425780 0.312495 0.164062 0.333333 0.757726
2.000000 0.425780 0.291660 0.164062 0.333333 0.755313
2.000000 0.425780 0.270840 0.164062 0.333333 0.738048
2.000000 0.429690 0.145830 0.171876 0.458334 0.730968
2.000000 0.421880 0.250005 0.140624 0.333333 0.761039
2.000000 0.417970 0.250005 0.148436 0.333333 0.775470
2.000000 0.417970 0.239580 0.148436 0.312498 0.801864
2.000000 0.414060 0.218745 0.140624 0.312498 0.799826
2.000000 0.414060 0.218745 0.140624 0.312498 0.786203
2.000000 0.417970 0.197910 0.148436 0.312498 0.789738
2.000000 0.414060 0.187500 0.140624 0.333333 0.771668
2.000000 0.414060 0.177090 0.140624 0.312498 0.760108
2.000000 0.414060 0.156255 0.140624 0.312498 0.745731
2.000000 0.414060 0.156255 0.140624 0.312498 0.714793
2.000000 0.429690 0.145830 0.156250 0.458334 0.732450
2.000000 0.410160 0.156255 0.132812 0.312498 0.751270
2.000000 0.410160 0.145830 0.132812 0.291666 0.761507
2.000000 0.414060 0.135420 0.140624 0.312498 0.695136
2.000000 0.414060 0.124995 0.140624 0.291666 0.735175
2.000000 0.414060 0.114585 0.140624 0.270834 0.768974
2.000000 0.410160 0.104160 0.132812 0.291666 0.753346
2.000000 0.410160 0.083340 0.132812 0.291666 0.739349
2.000000 0.406250 0.083340 0.125000 0.291666 0.745956
2.000000 0.906250 0.989580 0.234376 0.479166 0.798310
2.000000 0.894530 0.968745 0.226564 0.479166 0.725668
2.000000 0.406250 0.062505 0.125000 0.291666 0.768467
2.000000 0.406250 0.062505 0.125000 0.291666 0.755103
2.000000 0.886720 0.947910 0.226564 0.479166 0.788028
2.000000 0.425780 0.135420 0.164062 0.437502 0.770588
2.000000 0.406250 0.052080 0.125000 0.270834 0.761781
2.000000 0.878910 0.906255 0.226564 0.479166 0.790643
2.000000 0.871090 0.885420 0.226564 0.479166 0.748196
2.000000 0.402340 0.031245 0.117188 0.270834 0.753421
2.000000 0.859380 0.854160 0.218750 0.458334 0.669141
2.000000 0.402340 0.031245 0.117188 0.270834 0.717672
2.000000 0.855470 0.843750 0.210938 0.437502 0.701616
2.000000 0.402340 0.020835 0.117188 0.250002 0.743305
2.000000 0.847660 0.822915 0.210938 0.437502 0.736385
2.000000 0.398440 0.020835 0.109376 0.250002 0.754242
2.000000 0.402340 0.010410 0.117188 0.270834 0.743927
2.000000 0.843750 0.802080 0.203124 0.437502 0.746055
2.000000 0.402340 0.000000 0.117188 0.250002 0.736512
2.000000 0.835940 0.781245 0.203124 0.437502 0.747656
2.000000 0.402340 0.000000 0.117188 0.250002 0.751344
2.000000 0.828120 0.760410 0.203124 0.437502 0.805971
2.000000 0.824220 0.739590 0.210938 0.437502 0.802992
2.000000 0.812500 0.729165 0.203124 0.416667 0.768608
2.000000 0.460940 0.291660 0.187500 0.541668 0.784452
2.000000 0.425780 0.124995 0.164062 0.458334 0.771184
2.000000 0.808590 0.697920 0.195312 0.437502 0.743165
2.000000 0.800780 0.687495 0.195312 0.416667 0.776892
2.000000 0.800780 0.666660 0.195312 0.416667 0.734093
2.000000 0.792970 0.656250 0.195312 0.395832 0.688655
2.000000 0.781250 0.625005 0.187500 0.416667 0.667689
2.000000 0.777340 0.604170 0.179688 0.416667 0.679934
2.000000 0.773440 0.583335 0.187500 0.416667 0.723255
2.000000 0.769530 0.562500 0.179688 0.416667 0.747709
2.000000 0.769530 0.552090 0.179688 0.395832 0.753430
2.000000 0.761720 0.541665 0.179688 0.416667 0.764702
2.000000 0.425780 0.104160 0.164062 0.458334 0.791363
2.000000 0.757810 0.531255 0.171876 0.395832 0.701876
2.000000 0.750000 0.510420 0.171876 0.395832 0.651491
2.000000 0.746090 0.479160 0.164062 0.375000 0.675159
2.000000 0.742190 0.479160 0.171876 0.375000 0.760492
2.000000 0.738280 0.458340 0.179688 0.375000 0.767808
2.000000 0.734380 0.447915 0.171876 0.354165 0.784353
2.000000 0.730470 0.427080 0.164062 0.354165 0.754803
2.000000 0.726560 0.416670 0.156250 0.375000 0.737556
2.000000 0.722660 0.406245 0.164062 0.354165 0.720021
2.000000 0.714840 0.385410 0.164062 0.354165 0.784088
2.000000 0.425780 0.104160 0.164062 0.458334 0.791521
2.000000 0.714840 0.375000 0.164062 0.333333 0.805935
2.000000 0.707030 0.364590 0.164062 0.354165 0.804629
2.000000 0.707030 0.354165 0.164062 0.333333 0.790933
2.000000 0.703120 0.333330 0.156250 0.333333 0.788703
2.000000 0.703120 0.333330 0.156250 0.333333 0.778606
2.000000 0.695310 0.312495 0.156250 0.333333 0.761971
2.000000 0.691410 0.302085 0.148436 0.312498 0.785522
2.000000 0.691410 0.291660 0.148436 0.333333 0.774740
2.000000 0.691410 0.270840 0.148436 0.333333 0.765372
2.000000 0.683590 0.270840 0.148436 0.333333 0.772505
2.000000 0.421880 0.093750 0.171876 0.479166 0.798881
2.000000 0.679690 0.260415 0.156250 0.312498 0.791186
2.000000 0.679690 0.250005 0.156250 0.333333 0.786021
2.000000 0.671870 0.239580 0.140624 0.312498 0.794177
2.000000 0.671870 0.218745 0.140624 0.312498 0.794908
2.000000 0.667970 0.208335 0.132812 0.333333 0.812539
2.000000 0.664060 0.208335 0.140624 0.333333 0.820913
2.000000 0.656250 0.197910 0.140624 0.312498 0.814490
2.000000 0.656250 0.187500 0.140624 0.333333 0.803973
2.000000 0.656250 0.177090 0.140624 0.312498 0.797636
2.000000 0.656250 0.166665 0.140624 0.333333 0.791540
2.000000 0.425780 0.083340 0.164062 0.458334 0.785909
2.000000 0.652340 0.156255 0.132812 0.312498 0.785512
2.000000 0.648440 0.156255 0.140624 0.312498 0.769839
2.000000 0.648440 0.135420 0.140624 0.312498 0.782918
2.000000 0.644530 0.124995 0.132812 0.291666 0.778362
2.000000 0.644530 0.124995 0.132812 0.291666 0.722211
2.000000 0.644530 0.104160 0.132812 0.291666 0.699814
2.000000 0.640620 0.104160 0.125000 0.291666 0.709213
2.000000 0.636720 0.093750 0.132812 0.312498 0.718835
2.000000 0.632810 0.083340 0.125000 0.291666 0.731979
2.000000 0.632810 0.072915 0.125000 0.312498 0.736804
2.000000 0.417970 0.083340 0.164062 0.458334 0.794663
2.000000 0.632810 0.072915 0.125000 0.270834 0.729147
2.000000 0.625000 0.062505 0.125000 0.291666 0.742179
2.000000 0.625000 0.052080 0.125000 0.270834 0.738079
2.000000 0.621090 0.041670 0.117188 0.291666 0.721391
2.000000 0.621090 0.031245 0.117188 0.270834 0.735340
2.000000 0.617190 0.020835 0.125000 0.291666 0.744927
2.000000 0.613280 0.020835 0.117188 0.291666 0.747635
2.000000 0.613280 0.010410 0.117188 0.270834 0.770272
2.000000 0.613280 0.010410 0.117188 0.270834 0.772658
2.000000 0.613280 0.010410 0.117188 0.270834 0.783193
2.000000 0.417970 0.072915 0.164062 0.437502 0.768659
2.000000 0.417970 0.072915 0.148436 0.437502 0.751073
2.000000 0.410160 0.062505 0.148436 0.416667 0.733260
2.000000 0.414060 0.052080 0.156250 0.395832 0.749007
2.000000 0.457030 0.291660 0.195312 0.541668 0.814279
2.000000 0.410160 0.041670 0.148436 0.416667 0.766735
2.000000 0.410160 0.031245 0.148436 0.395832 0.776925
2.000000 0.410160 0.031245 0.148436 0.395832 0.752653
2.000000 0.410160 0.010410 0.148436 0.395832 0.754940
2.000000 0.406250 0.010410 0.140624 0.395832 0.749743
2.000000 0.406250 0.000000 0.140624 0.375000 0.773802
2.000000 0.460940 0.281250 0.187500 0.520833 0.821299
2.000000 0.457030 0.270840 0.179688 0.541668 0.814830
2.000000 0.453130 0.260415 0.187500 0.520833 0.803538
2.000000 0.449220 0.239580 0.179688 0.520833 0.802952
2.000000 0.871090 0.979170 0.242186 0.500001 0.821122
2.000000 0.859380 0.958335 0.234376 0.500001 0.804417
2.000000 0.855470 0.937500 0.226564 0.458334 0.815700
2.000000 0.847660 0.906255 0.226564 0.479166 0.809989
2.000000 0.449220 0.239580 0.179688 0.520833 0.773059
2.000000 0.839840 0.885420 0.226564 0.437502 0.755572
2.000000 0.835940 0.864585 0.218750 0.437502 0.768762
2.000000 0.832030 0.843750 0.226564 0.437502 0.813280
2.000000 0.828120 0.833340 0.218750 0.458334 0.820950
2.000000 0.816410 0.802080 0.226564 0.437502 0.819165
2.000000 0.812500 0.781245 0.218750 0.437502 0.817210
2.000000 0.804690 0.770835 0.218750 0.416667 0.817388
2.000000 0.800780 0.750000 0.226564 0.416667 0.820425
2.000000 0.796870 0.718755 0.218750 0.395832 0.788077
2.000000 0.792970 0.718755 0.210938 0.395832 0.766152
2.000000 0.445310 0.229170 0.171876 0.500001 0.786140
2.000000 0.777340 0.697920 0.195312 0.395832 0.768358
2.000000 0.777340 0.687495 0.195312 0.416667 0.780381
2.000000 0.773440 0.666660 0.203124 0.416667 0.743281
2.000000 0.769530 0.635415 0.195312 0.395832 0.718322
2.000000 0.761720 0.614580 0.195312 0.437502 0.722685
2.000000 0.753910 0.583335 0.195312 0.458334 0.777811
2.000000 0.750000 0.572910 0.187500 0.437502 0.793275
2.000000 0.750000 0.552090 0.187500 0.437502 0.776861
2.000000 0.753910 0.552090 0.195312 0.437502 0.733734
2.000000 0.742190 0.541665 0.187500 0.416667 0.741990
