2.000000 0.929680 0.312495 0.390624 0.541668 0.744945
2.000000 0.890620 0.208335 0.343752 0.500001 0.791781
2.000000 0.882820 0.197910 0.359376 0.479166 0.789893
2.000000 0.875000 0.197910 0.343752 0.479166 0.799574
2.000000 0.875000 0.187500 0.343752 0.458334 0.805333
2.000000 0.992180 0.958335 0.453128 0.500001 0.804244
2.000000 0.984380 0.927090 0.468752 0.479166 0.813409
2.000000 0.984380 0.895830 0.437500 0.458334 0.817382
2.000000 0.960940 0.874995 0.421876 0.458334 0.833915
2.000000 0.976560 0.854160 0.453128 0.458334 0.778336
2.000000 0.953120 0.822915 0.406248 0.437502 0.804127
2.000000 0.953120 0.802080 0.406248 0.437502 0.805564
2.000000 0.875000 0.177090 0.343752 0.479166 0.800810
2.000000 0.968740 0.781245 0.437500 0.437502 0.794288
2.000000 0.968740 0.760410 0.468752 0.437502 0.784247
2.000000 0.968740 0.739590 0.468752 0.437502 0.794841
2.000000 0.953120 0.718755 0.437500 0.437502 0.774200
2.000000 0.953120 0.697920 0.468752 0.437502 0.772527
2.000000 0.921880 0.666660 0.406248 0.416667 0.778903
2.000000 0.914060 0.645840 0.359376 0.416667 0.798379
2.000000 0.906260 0.625005 0.343752 0.416667 0.836897
2.000000 0.898440 0.604170 0.359376 0.416667 0.838359
2.000000 0.898440 0.583335 0.359376 0.375000 0.833419
2.000000 0.859380 0.166665 0.343752 0.458334 0.785085
2.000000 0.898440 0.572910 0.359376 0.395832 0.838554
2.000000 0.882820 0.562500 0.328124 0.375000 0.828291
2.000000 0.882820 0.541665 0.328124 0.375000 0.817379
2.000000 0.882820 0.520830 0.328124 0.375000 0.796914
2.000000 0.882820 0.499995 0.328124 0.375000 0.778624
2.000000 0.882820 0.479160 0.359376 0.375000 0.755734
2.000000 0.867180 0.468750 0.328124 0.354165 0.793335
2.000000 0.875000 0.447915 0.343752 0.354165 0.787817
2.000000 0.867180 0.437505 0.328124 0.375000 0.764297
2.000000 0.867180 0.416670 0.328124 0.375000 0.762300
2.000000 0.859380 0.156255 0.343752 0.479166 0.756054
2.000000 0.859380 0.406245 0.312500 0.354165 0.789079
2.000000 0.859380 0.395835 0.312500 0.333333 0.796227
2.000000 0.859380 0.385410 0.312500 0.354165 0.777339
2.000000 0.859380 0.354165 0.312500 0.333333 0.770476
2.000000 0.859380 0.343755 0.312500 0.354165 0.751197
2.000000 0.859380 0.333330 0.343752 0.333333 0.729692
2.000000 0.851560 0.312495 0.328124 0.333333 0.754169
2.000000 0.851560 0.312495 0.328124 0.333333 0.757726
2.000000 0.851560 0.291660 0.328124 0.333333 0.755313
2.000000 0.851560 0.270840 0.328124 0.333333 0.738048
2.000000 0.859380 0.145830 0.343752 0.458334 0.730968
2.000000 0.843760 0.250005 0.281248 0.333333 0.761039
2.000000 0.835940 0.250005 0.296872 0.333333 0.775470
2.000000 0.835940 0.239580 0.296872 0.312498 0.801864
2.000000 0.828120 0.218745 0.281248 0.312498 0.799826
2.000000 0.828120 0.218745 0.281248 0.312498 0.786203
2.000000 0.835940 0.197910 0.296872 0.312498 0.789738
2.000000 0.828120 0.187500 0.281248 0.333333 0.771668
2.000000 0.828120 0.177090 0.281248 0.312498 0.760108
2.000000 0.828120 0.156255 0.281248 0.312498 0.745731
2.000000 0.828120 0.156255 0.281248 0.312498 0.714793
2.000000 0.859380 0.145830 0.312500 0.458334 0.732450
2.000000 0.820320 0.156255 0.265624 0.312498 0.751270
2.000000 0.820320 0.145830 0.265624 0.291666 0.761507
2.000000 0.828120 0.135420 0.281248 0.312498 0.695136
2.000000 0.828120 0.124995 0.281248 0.291666 0.735175
2.000000 0.828120 0.114585 0.281248 0.270834 0.768974
2.000000 0.820320 0.104160 0.265624 0.291666 0.753346
2.000000 0.820320 0.083340 0.265624 0.291666 0.739349
2.000000 0.812500 0.083340 0.250000 0.291666 0.745956
2.000000 0.812500 0.062505 0.250000 0.291666 0.768467
2.000000 0.812500 0.062505 0.250000 0.291666 0.755103
2.000000 0.851560 0.135420 0.328124 0.437502 0.770588
2.000000 0.812500 0.052080 0.250000 0.270834 0.761781
2.000000 0.804680 0.031245 0.234376 0.270834 0.753421
2.000000 0.804680 0.031245 0.234376 0.270834 0.717672
2.000000 0.804680 0.020835 0.234376 0.250002 0.743305
2.000000 0.796880 0.020835 0.218752 0.250002 0.754242
2.000000 0.804680 0.010410 0.234376 0.270834 0.743927
2.000000 0.804680 0.000000 0.234376 0.250002 0.736512
2.000000 0.804680 0.000000 0.234376 0.250002 0.751344
2.000000 0.921880 0.291660 0.375000 0.541668 0.784452
2.000000 0.851560 0.124995 0.328124 0.458334 0.771184
2.000000 0.851560 0.104160 0.328124 0.458334 0.791363
2.000000 0.851560 0.104160 0.328124 0.458334 0.791521
2.000000 0.843760 0.093750 0.343752 0.479166 0.798881
2.000000 0.851560 0.083340 0.328124 0.458334 0.785909
2.000000 0.835940 0.083340 0.328124 0.458334 0.794663
2.000000 0.835940 0.072915 0.328124 0.437502 0.768659
2.000000 0.835940 0.072915 0.296872 0.437502 0.751073
2.000000 0.820320 0.062505 0.296872 0.416667 0.733260
2.000000 0.828120 0.052080 0.312500 0.395832 0.749007
2.000000 0.914060 0.291660 0.390624 0.541668 0.814279
2.000000 0.820320 0.041670 0.296872 0.416667 0.766735
2.000000 0.820320 0.031245 0.296872 0.395832 0.776925
2.000000 0.820320 0.031245 0.296872 0.395832 0.752653
2.000000 0.820320 0.010410 0.296872 0.395832 0.754940
2.000000 0.812500 0.010410 0.281248 0.395832 0.749743
2.000000 0.812500 0.000000 0.281248 0.375000 0.773802
2.000000 0.921880 0.281250 0.375000 0.520833 0.821299
2.000000 0.914060 0.270840 0.359376 0.541668 0.814830
2.000000 0.906260 0.260415 0.375000 0.520833 0.803538
2.000000 0.898440 0.239580 0.359376 0.520833 0.802952
2.000000 0.898440 0.239580 0.359376 0.520833 0.773059
2.000000 0.890620 0.229170 0.343752 0.500001 0.786140
