2.000000 0.468760 0.531255 0.343752 0.395832 0.771256
2.000000 0.460940 0.520830 0.359376 0.416667 0.762541
2.000000 0.453120 0.510420 0.343752 0.395832 0.767796
2.000000 0.445320 0.489585 0.359376 0.395832 0.781706
2.000000 0.437500 0.479160 0.343752 0.375000 0.772271
2.000000 0.429680 0.468750 0.359376 0.354165 0.791666
2.000000 0.429680 0.458340 0.359376 0.375000 0.770516
2.000000 0.421880 0.447915 0.343752 0.354165 0.777397
2.000000 0.421880 0.427080 0.375000 0.354165 0.747271
2.000000 0.414060 0.416670 0.359376 0.375000 0.734286
2.000000 0.398440 0.406245 0.328124 0.354165 0.726213
2.000000 0.382820 0.385410 0.328124 0.354165 0.768785
2.000000 0.382820 0.385410 0.328124 0.354165 0.785781
2.000000 0.375000 0.375000 0.312500 0.333333 0.729672
2.000000 0.367180 0.354165 0.296872 0.333333 0.680771
2.000000 0.359380 0.343755 0.312500 0.354165 0.677924
2.000000 0.367180 0.343755 0.328124 0.354165 0.678916
2.000000 0.359380 0.322920 0.312500 0.354165 0.678609
2.000000 0.343740 0.312495 0.312500 0.333333 0.753238
2.000000 0.335940 0.302085 0.328124 0.354165 0.797859
2.000000 0.328120 0.291660 0.312500 0.333333 0.776529
2.000000 0.328120 0.270840 0.312500 0.333333 0.781441
2.000000 0.320320 0.270840 0.328124 0.333333 0.757349
2.000000 0.320320 0.260415 0.328124 0.312498 0.762118
2.000000 0.312500 0.250005 0.312500 0.333333 0.735913
2.000000 0.312500 0.229170 0.312500 0.333333 0.718932
2.000000 0.296880 0.218745 0.312500 0.354165 0.728352
2.000000 0.289060 0.218745 0.296872 0.312498 0.747560
2.000000 0.296880 0.208335 0.312500 0.333333 0.757636
2.000000 0.296880 0.208335 0.343752 0.333333 0.758711
2.000000 0.289060 0.187500 0.328124 0.333333 0.763176
2.000000 0.289060 0.166665 0.328124 0.333333 0.723966
2.000000 0.273440 0.166665 0.296872 0.333333 0.673514
2.000000 0.000000 0.979170 0.468752 0.500001 0.815871
2.000000 0.257820 0.156255 0.265624 0.312498 0.708338
2.000000 0.257820 0.156255 0.265624 0.312498 0.714914
2.000000 0.257820 0.135420 0.265624 0.312498 0.708186
2.000000 0.242180 0.124995 0.234376 0.291666 0.687557
2.000000 0.234380 0.124995 0.250000 0.291666 0.721056
2.000000 0.234380 0.124995 0.250000 0.291666 0.725220
2.000000 0.234380 0.104160 0.250000 0.291666 0.728140
2.000000 0.226560 0.093750 0.265624 0.312498 0.727298
2.000000 0.218760 0.093750 0.250000 0.312498 0.736783
2.000000 0.218760 0.083340 0.250000 0.291666 0.737103
2.000000 0.218760 0.083340 0.250000 0.291666 0.726380
2.000000 0.210940 0.072915 0.265624 0.270834 0.767067
2.000000 0.210940 0.062505 0.265624 0.291666 0.760169
2.000000 0.210940 0.062505 0.265624 0.291666 0.788010
2.000000 0.203120 0.041670 0.250000 0.291666 0.796102
2.000000 0.203120 0.041670 0.250000 0.291666 0.798799
2.000000 0.195320 0.020835 0.265624 0.291666 0.797846
2.000000 0.195320 0.020835 0.265624 0.291666 0.785755
2.000000 0.179680 0.020835 0.234376 0.291666 0.784724
2.000000 0.179680 0.010410 0.234376 0.270834 0.786451
2.000000 0.171880 0.010410 0.250000 0.270834 0.779711
2.000000 0.171880 0.000000 0.250000 0.291666 0.770985
2.000000 0.812500 0.989580 0.468752 0.479166 0.798310
2.000000 0.789060 0.968745 0.453128 0.479166 0.725668
2.000000 0.773440 0.947910 0.453128 0.479166 0.788028
2.000000 0.757820 0.906255 0.453128 0.479166 0.790643
2.000000 0.742180 0.885420 0.453128 0.479166 0.748196
2.000000 0.718760 0.854160 0.437500 0.458334 0.669141
2.000000 0.710940 0.843750 0.421876 0.437502 0.701616
2.000000 0.695320 0.822915 0.421876 0.437502 0.736385
2.000000 0.687500 0.802080 0.406248 0.437502 0.746055
2.000000 0.671880 0.781245 0.406248 0.437502 0.747656
2.000000 0.656240 0.760410 0.406248 0.437502 0.805971
2.000000 0.648440 0.739590 0.421876 0.437502 0.802992
2.000000 0.625000 0.729165 0.406248 0.416667 0.768608
2.000000 0.617180 0.697920 0.390624 0.437502 0.743165
2.000000 0.601560 0.687495 0.390624 0.416667 0.776892
2.000000 0.601560 0.666660 0.390624 0.416667 0.734093
2.000000 0.585940 0.656250 0.390624 0.395832 0.688655
2.000000 0.562500 0.625005 0.375000 0.416667 0.667689
2.000000 0.554680 0.604170 0.359376 0.416667 0.679934
2.000000 0.546880 0.583335 0.375000 0.416667 0.723255
2.000000 0.539060 0.562500 0.359376 0.416667 0.747709
2.000000 0.539060 0.552090 0.359376 0.395832 0.753430
2.000000 0.523440 0.541665 0.359376 0.416667 0.764702
2.000000 0.515620 0.531255 0.343752 0.395832 0.701876
2.000000 0.500000 0.510420 0.343752 0.395832 0.651491
2.000000 0.492180 0.479160 0.328124 0.375000 0.675159
2.000000 0.484380 0.479160 0.343752 0.375000 0.760492
2.000000 0.476560 0.458340 0.359376 0.375000 0.767808
2.000000 0.468760 0.447915 0.343752 0.354165 0.784353
2.000000 0.460940 0.427080 0.328124 0.354165 0.754803
2.000000 0.453120 0.416670 0.312500 0.375000 0.737556
2.000000 0.445320 0.406245 0.328124 0.354165 0.720021
2.000000 0.429680 0.385410 0.328124 0.354165 0.784088
2.000000 0.429680 0.375000 0.328124 0.333333 0.805935
2.000000 0.414060 0.364590 0.328124 0.354165 0.804629
2.000000 0.414060 0.354165 0.328124 0.333333 0.790933
2.000000 0.406240 0.333330 0.312500 0.333333 0.788703
2.000000 0.406240 0.333330 0.312500 0.333333 0.778606
2.000000 0.390620 0.312495 0.312500 0.333333 0.761971
2.000000 0.382820 0.302085 0.296872 0.312498 0.785522
2.000000 0.382820 0.291660 0.296872 0.333333 0.774740
2.000000 0.382820 0.270840 0.296872 0.333333 0.765372
2.000000 0.367180 0.270840 0.296872 0.333333 0.772505
2.000000 0.359380 0.260415 0.312500 0.312498 0.791186
2.000000 0.359380 0.250005 0.312500 0.333333 0.786021
2.000000 0.343740 0.239580 0.281248 0.312498 0.794177
2.000000 0.343740 0.218745 0.281248 0.312498 0.794908
2.000000 0.335940 0.208335 0.265624 0.333333 0.812539
2.000000 0.328120 0.208335 0.281248 0.333333 0.820913
2.000000 0.312500 0.197910 0.281248 0.312498 0.814490
2.000000 0.312500 0.187500 0.281248 0.333333 0.803973
2.000000 0.312500 0.177090 0.281248 0.312498 0.797636
2.000000 0.312500 0.166665 0.281248 0.333333 0.791540
2.000000 0.304680 0.156255 0.265624 0.312498 0.785512
2.000000 0.296880 0.156255 0.281248 0.312498 0.769839
2.000000 0.296880 0.135420 0.281248 0.312498 0.782918
2.000000 0.289060 0.124995 0.265624 0.291666 0.778362
2.000000 0.289060 0.124995 0.265624 0.291666 0.722211
2.000000 0.289060 0.104160 0.265624 0.291666 0.699814
2.000000 0.281240 0.104160 0.250000 0.291666 0.709213
2.000000 0.273440 0.093750 0.265624 0.312498 0.718835
2.000000 0.265620 0.083340 0.250000 0.291666 0.731979
2.000000 0.265620 0.072915 0.250000 0.312498 0.736804
2.000000 0.265620 0.072915 0.250000 0.270834 0.729147
2.000000 0.250000 0.062505 0.250000 0.291666 0.742179
2.000000 0.250000 0.052080 0.250000 0.270834 0.738079
2.000000 0.242180 0.041670 0.234376 0.291666 0.721391
2.000000 0.242180 0.031245 0.234376 0.270834 0.735340
2.000000 0.234380 0.020835 0.250000 0.291666 0.744927
2.000000 0.226560 0.020835 0.234376 0.291666 0.747635
2.000000 0.226560 0.010410 0.234376 0.270834 0.770272
2.000000 0.226560 0.010410 0.234376 0.270834 0.772658
2.000000 0.226560 0.010410 0.234376 0.270834 0.783193
2.000000 0.742180 0.979170 0.484372 0.500001 0.821122
2.000000 0.718760 0.958335 0.468752 0.500001 0.804417
2.000000 0.710940 0.937500 0.453128 0.458334 0.815700
2.000000 0.695320 0.906255 0.453128 0.479166 0.809989
2.000000 0.679680 0.885420 0.453128 0.437502 0.755572
2.000000 0.671880 0.864585 0.437500 0.437502 0.768762
2.000000 0.664060 0.843750 0.453128 0.437502 0.813280
2.000000 0.656240 0.833340 0.437500 0.458334 0.820950
2.000000 0.632820 0.802080 0.453128 0.437502 0.819165
2.000000 0.625000 0.781245 0.437500 0.437502 0.817210
2.000000 0.609380 0.770835 0.437500 0.416667 0.817388
2.000000 0.601560 0.750000 0.453128 0.416667 0.820425
2.000000 0.593740 0.718755 0.437500 0.395832 0.788077
2.000000 0.585940 0.718755 0.421876 0.395832 0.766152
2.000000 0.554680 0.697920 0.390624 0.395832 0.768358
2.000000 0.554680 0.687495 0.390624 0.416667 0.780381
2.000000 0.546880 0.666660 0.406248 0.416667 0.743281
2.000000 0.539060 0.635415 0.390624 0.395832 0.718322
2.000000 0.523440 0.614580 0.390624 0.437502 0.722685
2.000000 0.507820 0.583335 0.390624 0.458334 0.777811
2.000000 0.500000 0.572910 0.375000 0.437502 0.793275
2.000000 0.500000 0.552090 0.375000 0.437502 0.776861
2.000000 0.507820 0.552090 0.390624 0.437502 0.733734
2.000000 0.484380 0.541665 0.375000 0.416667 0.741990
