2.000000 0.460940 0.986120 0.765624 1.027780 0.848817
2.000000 0.437500 0.902780 0.750000 1.083336 0.823977
2.000000 0.414060 0.791660 0.765624 0.972220 0.860681
2.000000 0.414060 0.708340 0.796876 0.972220 0.860076
2.000000 0.406240 0.652780 0.812500 0.972220 0.848023
2.000000 0.343740 0.555560 0.718752 0.944444 0.809571
2.000000 0.312500 0.444440 0.687500 0.944444 0.784081
2.000000 0.289060 0.375000 0.671876 0.861112 0.798612
2.000000 0.265620 0.333340 0.625000 0.888888 0.794472
2.000000 0.242180 0.250000 0.640624 0.833336 0.818797
2.000000 0.218760 0.208340 0.593752 0.861112 0.841306
2.000000 0.218760 0.152780 0.656248 0.861112 0.864341
2.000000 0.226560 0.083340 0.671876 0.833336 0.861103
2.000000 0.187500 0.027780 0.625000 0.833336 0.826420
2.000000 0.296880 0.958340 0.718752 1.194444 0.814630
2.000000 0.273440 0.875000 0.703124 1.138888 0.786270
2.000000 0.257820 0.805560 0.703124 1.111112 0.806028
2.000000 0.234380 0.736120 0.687500 1.083336 0.792968
2.000000 0.218760 0.694440 0.687500 1.055556 0.767376
2.000000 0.195320 0.611120 0.671876 1.055556 0.727366
2.000000 0.171880 0.541660 0.656248 1.027780 0.701993
2.000000 0.171880 0.486120 0.656248 1.027780 0.730586
2.000000 0.156260 0.416660 0.625000 1.000000 0.664730
2.000000 0.132820 0.361120 0.609376 1.000000 0.597419
2.000000 0.117180 0.291660 0.609376 0.972220 0.668542
2.000000 0.468760 0.986120 0.718752 1.194444 0.699789
2.000000 0.101560 0.236120 0.609376 0.972220 0.719491
2.000000 0.093760 0.194440 0.593752 0.944444 0.690828
2.000000 0.445320 0.902780 0.734372 1.138888 0.791040
2.000000 0.085940 0.138880 0.578128 0.944444 0.731582
2.000000 0.437500 0.833340 0.750000 1.111112 0.798121
2.000000 0.085940 0.069440 0.578128 0.916664 0.769394
2.000000 0.398440 0.736120 0.703124 1.083336 0.823206
2.000000 0.062500 0.041660 0.562500 0.916664 0.712725
2.000000 0.421880 0.694440 0.750000 1.055556 0.805963
2.000000 0.390620 0.625000 0.718752 1.083336 0.761023
2.000000 0.335940 0.513880 0.671876 1.027780 0.784887
