2.000000 0.601560 0.444440 0.859376 1.222220 0.800678
2.000000 0.570320 0.319440 0.828128 1.250000 0.811778
2.000000 0.523440 0.208340 0.796876 1.194444 0.870686
2.000000 0.484380 0.097220 0.781248 1.083336 0.856866
2.000000 0.546880 0.944440 0.906248 1.388888 0.843153
2.000000 0.515620 0.819440 0.875000 1.361112 0.813806
2.000000 0.476560 0.708340 0.859376 1.361112 0.834859
2.000000 0.453120 0.583340 0.843752 1.333332 0.769704
2.000000 0.421880 0.500000 0.812500 1.277780 0.772435
2.000000 0.398440 0.375000 0.796876 1.305556 0.767258
2.000000 0.382820 0.305560 0.796876 1.277780 0.765637
2.000000 0.351560 0.222220 0.765624 1.222220 0.785874
2.000000 0.343740 0.138880 0.718752 1.222220 0.808938
2.000000 0.312500 0.041660 0.718752 1.194444 0.825904
2.000000 0.742180 0.986120 0.921876 1.527776 0.727294
2.000000 0.726560 0.875000 0.921876 1.472220 0.735160
2.000000 0.718760 0.750000 0.937500 1.444444 0.791999
2.000000 0.703120 0.652780 0.937500 1.416664 0.834748
2.000000 0.679680 0.541660 0.953124 1.361112 0.754253
2.000000 0.601560 0.458340 0.828128 1.305556 0.793165
2.000000 0.570320 0.333340 0.796876 1.333332 0.777068
2.000000 0.554680 0.263880 0.796876 1.305556 0.820074
2.000000 0.515620 0.166660 0.781248 1.222220 0.805413
2.000000 0.484380 0.069440 0.750000 1.194444 0.724158
2.000000 0.726560 0.833340 0.921876 1.333332 0.872348
2.000000 0.710940 0.722220 0.953124 1.277780 0.869232
2.000000 0.648440 0.597220 0.890624 1.250000 0.871813
