2.000000 0.703120 0.989585 0.406250 0.729165 0.848023
2.000000 0.671870 0.916670 0.359376 0.708333 0.809571
2.000000 0.656250 0.833330 0.343750 0.708333 0.784081
2.000000 0.644530 0.781250 0.335938 0.645834 0.798612
2.000000 0.632810 0.750005 0.312500 0.666666 0.794472
2.000000 0.621090 0.687500 0.320312 0.625002 0.818797
2.000000 0.609380 0.656255 0.296876 0.645834 0.841306
2.000000 0.609380 0.614585 0.328124 0.645834 0.864341
2.000000 0.613280 0.562505 0.335938 0.625002 0.861103
2.000000 0.593750 0.520835 0.312500 0.625002 0.826420
2.000000 0.582030 0.468755 0.304688 0.604167 0.834979
2.000000 0.566410 0.427085 0.273438 0.604167 0.798705
2.000000 0.562500 0.385415 0.281250 0.604167 0.769336
2.000000 0.554690 0.333335 0.265624 0.583332 0.829531
2.000000 0.550780 0.312500 0.273438 0.583332 0.840366
2.000000 0.546880 0.281255 0.265624 0.562500 0.845185
2.000000 0.539060 0.249995 0.250000 0.541668 0.845223
2.000000 0.535160 0.208340 0.257812 0.541668 0.800570
2.000000 0.523440 0.177080 0.250000 0.520833 0.831255
2.000000 0.519530 0.135410 0.242186 0.520833 0.853334
2.000000 0.515620 0.093755 0.234376 0.520833 0.846291
2.000000 0.507810 0.062495 0.234376 0.541668 0.846819
2.000000 0.507810 0.031250 0.234376 0.520833 0.829322
2.000000 0.503910 0.020840 0.226564 0.500001 0.788737
2.000000 0.988280 0.260420 0.257812 0.562500 0.825576
2.000000 0.980470 0.208340 0.257812 0.541668 0.809929
2.000000 0.964840 0.177080 0.257812 0.520833 0.837144
2.000000 0.960940 0.156245 0.250000 0.520833 0.790173
2.000000 0.945310 0.125000 0.250000 0.541668 0.823634
2.000000 0.933590 0.093755 0.242186 0.520833 0.814794
2.000000 0.929690 0.083330 0.234376 0.500001 0.809550
2.000000 0.921880 0.041660 0.234376 0.500001 0.754083
2.000000 0.910160 0.020840 0.242186 0.500001 0.741261
2.000000 0.597660 0.958340 0.335938 0.791667 0.727366
2.000000 0.585940 0.906245 0.328124 0.770835 0.701993
2.000000 0.585940 0.864590 0.328124 0.770835 0.730586
2.000000 0.578130 0.812495 0.312500 0.750000 0.664730
2.000000 0.566410 0.770840 0.304688 0.750000 0.597419
2.000000 0.558590 0.718745 0.304688 0.729165 0.668542
2.000000 0.550780 0.677090 0.304688 0.729165 0.719491
2.000000 0.546880 0.645830 0.296876 0.708333 0.690828
2.000000 0.542970 0.604160 0.289064 0.708333 0.731582
2.000000 0.542970 0.552080 0.289064 0.687498 0.769394
2.000000 0.531250 0.531245 0.281250 0.687498 0.712725
2.000000 0.527340 0.479165 0.289064 0.666666 0.691729
2.000000 0.695310 0.968750 0.359376 0.812502 0.761023
2.000000 0.523440 0.447920 0.281250 0.645834 0.711626
2.000000 0.667970 0.885410 0.335938 0.770835 0.784887
2.000000 0.992190 0.343745 0.281250 0.562500 0.840884
2.000000 0.980470 0.312500 0.273438 0.541668 0.832608
2.000000 0.972660 0.291665 0.273438 0.541668 0.808222
2.000000 0.960940 0.260420 0.265624 0.562500 0.815887
2.000000 0.953120 0.218750 0.265624 0.520833 0.786947
2.000000 0.941410 0.187505 0.257812 0.500001 0.809257
2.000000 0.929690 0.166670 0.265624 0.500001 0.826314
2.000000 0.929690 0.156245 0.250000 0.520833 0.831980
2.000000 0.917970 0.125000 0.242186 0.541668 0.863914
2.000000 0.910160 0.104165 0.242186 0.541668 0.857042
2.000000 0.898440 0.083330 0.250000 0.500001 0.841852
2.000000 0.894530 0.041660 0.242186 0.500001 0.851056
2.000000 0.886720 0.020840 0.242186 0.500001 0.827687
2.000000 0.875000 0.010415 0.250000 0.520833 0.803841
