2.000000 0.800780 0.583330 0.429688 0.916665 0.800678
2.000000 0.785160 0.489580 0.414064 0.937500 0.811778
2.000000 0.761720 0.406255 0.398438 0.895833 0.870686
2.000000 0.742190 0.322915 0.390624 0.812502 0.856866
2.000000 0.730470 0.239590 0.382812 0.770835 0.848817
2.000000 0.718750 0.177085 0.375000 0.812502 0.823977
2.000000 0.707030 0.093745 0.382812 0.729165 0.860681
2.000000 0.707030 0.031255 0.398438 0.729165 0.860076
2.000000 0.773440 0.958330 0.453124 1.041666 0.843153
2.000000 0.757810 0.864580 0.437500 1.020834 0.813806
2.000000 0.738280 0.781255 0.429688 1.020834 0.834859
2.000000 0.726560 0.687505 0.421876 0.999999 0.769704
2.000000 0.710940 0.625000 0.406250 0.958335 0.772435
2.000000 0.699220 0.531250 0.398438 0.979167 0.767258
2.000000 0.691410 0.479170 0.398438 0.958335 0.765637
2.000000 0.675780 0.416665 0.382812 0.916665 0.785874
2.000000 0.671870 0.354160 0.359376 0.916665 0.808938
2.000000 0.656250 0.281245 0.359376 0.895833 0.825904
2.000000 0.648440 0.218755 0.359376 0.895833 0.814630
2.000000 0.871090 0.989590 0.460938 1.145832 0.727294
2.000000 0.636720 0.156250 0.351562 0.854166 0.786270
2.000000 0.863280 0.906250 0.460938 1.104165 0.735160
2.000000 0.628910 0.104170 0.351562 0.833334 0.806028
2.000000 0.859380 0.812500 0.468750 1.083333 0.791999
2.000000 0.617190 0.052090 0.343750 0.812502 0.792968
2.000000 0.609380 0.020830 0.343750 0.791667 0.767376
2.000000 0.851560 0.739585 0.468750 1.062498 0.834748
2.000000 0.839840 0.656245 0.476562 1.020834 0.754253
2.000000 0.800780 0.593755 0.414064 0.979167 0.793165
2.000000 0.785160 0.500005 0.398438 0.999999 0.777068
2.000000 0.777340 0.447910 0.398438 0.979167 0.820074
2.000000 0.757810 0.374995 0.390624 0.916665 0.805413
2.000000 0.742190 0.302080 0.375000 0.895833 0.724158
2.000000 0.734380 0.239590 0.359376 0.895833 0.699789
2.000000 0.722660 0.177085 0.367186 0.854166 0.791040
2.000000 0.718750 0.125005 0.375000 0.833334 0.798121
2.000000 0.699220 0.052090 0.351562 0.812502 0.823206
2.000000 0.710940 0.020830 0.375000 0.791667 0.805963
2.000000 0.863280 0.875005 0.460938 0.999999 0.872348
2.000000 0.855470 0.791665 0.476562 0.958335 0.869232
2.000000 0.824220 0.697915 0.445312 0.937500 0.871813
