2.000000 0.990235 0.371530 0.292969 0.479166 0.898557
2.000000 0.978515 0.326390 0.285156 0.458334 0.899752
2.000000 0.966795 0.281250 0.277344 0.437500 0.885506
2.000000 0.955080 0.232640 0.269531 0.437500 0.892436
2.000000 0.941405 0.194445 0.257812 0.416666 0.857644
2.000000 0.931640 0.156250 0.253906 0.409722 0.849187
2.000000 0.921875 0.125000 0.250000 0.402778 0.857598
2.000000 0.914060 0.083335 0.242188 0.388889 0.851607
2.000000 0.904295 0.052085 0.238281 0.368055 0.839373
2.000000 0.894530 0.024305 0.226562 0.368055 0.828646
2.000000 0.978515 0.128470 0.253906 0.423611 0.444540
2.000000 0.955080 0.065970 0.238281 0.395834 0.501393
2.000000 0.947265 0.031250 0.230469 0.381944 0.679906
2.000000 0.994140 0.149305 0.261719 0.423611 0.840793
2.000000 0.978515 0.104165 0.253906 0.416666 0.888374
2.000000 0.964845 0.069445 0.250000 0.375000 0.891691
2.000000 0.951170 0.038195 0.238281 0.354166 0.891449
