2.000000 0.306640 1.000000 0.246094 0.333333 0.909652
2.000000 0.285155 0.961805 0.250000 0.326389 0.901331
2.000000 0.269530 0.934030 0.234375 0.312500 0.906979
2.000000 0.253905 0.906250 0.226562 0.312500 0.905949
2.000000 0.238280 0.878470 0.226562 0.298611 0.906551
2.000000 0.224610 0.850695 0.214844 0.298611 0.896990
2.000000 0.208985 0.826390 0.214844 0.291666 0.891881
2.000000 0.197265 0.798610 0.207032 0.277778 0.889388
2.000000 0.183595 0.777780 0.203125 0.277778 0.895842
2.000000 0.173830 0.753470 0.199219 0.270834 0.861808
2.000000 0.160155 0.732640 0.195312 0.256945 0.862993
2.000000 0.150390 0.711805 0.183593 0.256945 0.878696
2.000000 0.138670 0.694445 0.183593 0.250000 0.875453
2.000000 0.128905 0.670140 0.187500 0.243055 0.875027
2.000000 0.119140 0.649305 0.175781 0.229166 0.873818
2.000000 0.111330 0.635415 0.175781 0.229166 0.847761
2.000000 0.095705 0.618055 0.167969 0.236111 0.855208
2.000000 0.087890 0.600695 0.167969 0.215278 0.852417
2.000000 0.082030 0.583335 0.164062 0.222222 0.845092
2.000000 0.074220 0.569445 0.156250 0.208334 0.846664
2.000000 0.066405 0.548610 0.156250 0.208334 0.869279
2.000000 0.058595 0.541665 0.156250 0.208334 0.878247
2.000000 0.050780 0.527780 0.148438 0.208334 0.842081
2.000000 0.042970 0.513890 0.148438 0.208334 0.833067
2.000000 0.037110 0.496530 0.144532 0.201389 0.800591
2.000000 0.029295 0.482640 0.144532 0.201389 0.779382
2.000000 0.023440 0.475695 0.140625 0.201389 0.847382
2.000000 0.015625 0.461805 0.140625 0.201389 0.846820
2.000000 0.009765 0.444445 0.136719 0.194444 0.859475
2.000000 0.005860 0.434030 0.136719 0.187500 0.859339
2.000000 0.267580 0.968750 0.238281 0.326389 0.894679
2.000000 0.253905 0.940970 0.234375 0.326389 0.881714
2.000000 0.238280 0.916665 0.226562 0.319445 0.908624
2.000000 0.224610 0.888890 0.222656 0.305555 0.901536
2.000000 0.210935 0.868055 0.218750 0.305555 0.889414
2.000000 0.199220 0.840280 0.210938 0.291666 0.887159
2.000000 0.185545 0.812500 0.207032 0.277778 0.883006
2.000000 0.173830 0.795140 0.199219 0.270834 0.883911
2.000000 0.162110 0.770835 0.199219 0.263889 0.885479
2.000000 0.150390 0.743055 0.191406 0.250000 0.875107
2.000000 0.140625 0.729165 0.187500 0.250000 0.853406
2.000000 0.128905 0.701390 0.187500 0.236111 0.866812
2.000000 0.119140 0.687500 0.183593 0.236111 0.860633
2.000000 0.111330 0.670140 0.175781 0.229166 0.862116
2.000000 0.101565 0.652780 0.171875 0.222222 0.863761
2.000000 0.091795 0.631945 0.167969 0.222222 0.862833
2.000000 0.083985 0.621530 0.167969 0.229166 0.864099
2.000000 0.076170 0.597220 0.167969 0.194444 0.822302
2.000000 0.068360 0.586805 0.160156 0.215278 0.856055
2.000000 0.060545 0.576390 0.160156 0.208334 0.855014
2.000000 0.054685 0.559030 0.156250 0.201389 0.851263
2.000000 0.046875 0.541665 0.156250 0.194444 0.850072
2.000000 0.041015 0.534720 0.152344 0.194444 0.839754
2.000000 0.033205 0.520835 0.152344 0.194444 0.787229
2.000000 0.025390 0.503470 0.144532 0.187500 0.824630
2.000000 0.019530 0.489585 0.140625 0.187500 0.792163
2.000000 0.013670 0.479165 0.144532 0.194444 0.828258
2.000000 0.007810 0.472220 0.140625 0.194444 0.816156
2.000000 0.003905 0.461805 0.140625 0.187500 0.838967
