2.000000 0.855470 0.944445 0.492188 0.625000 0.926707
2.000000 0.798830 0.854165 0.464844 0.597220 0.929514
2.000000 0.751955 0.767360 0.441406 0.562500 0.925579
2.000000 0.707030 0.690970 0.421875 0.548610 0.924210
2.000000 0.666015 0.600695 0.402344 0.562500 0.910787
2.000000 0.626955 0.545140 0.378906 0.506945 0.927645
2.000000 0.589845 0.486110 0.367188 0.486111 0.924528
2.000000 0.554690 0.427085 0.351562 0.465278 0.925322
2.000000 0.521485 0.375000 0.339844 0.444445 0.926002
2.000000 0.492190 0.319445 0.328125 0.430555 0.921859
2.000000 0.796875 0.916665 0.468750 0.611110 0.938880
2.000000 0.466795 0.267360 0.316406 0.409722 0.914477
2.000000 0.437500 0.225695 0.304688 0.395834 0.919344
2.000000 0.412110 0.177085 0.292969 0.381944 0.918266
2.000000 0.388670 0.138890 0.285156 0.375000 0.924421
2.000000 0.365235 0.100695 0.277344 0.354166 0.919918
2.000000 0.345705 0.065970 0.261719 0.354166 0.910623
2.000000 0.322265 0.031250 0.261719 0.340278 0.917471
2.000000 0.751955 0.833335 0.441406 0.583335 0.924305
2.000000 0.708985 0.750000 0.417969 0.555555 0.929554
2.000000 0.667970 0.684030 0.406250 0.548610 0.932769
2.000000 0.630860 0.600695 0.386719 0.590280 0.903643
2.000000 0.593750 0.548610 0.375000 0.500000 0.925859
2.000000 0.560545 0.496530 0.363281 0.479166 0.913891
2.000000 0.529295 0.440970 0.347656 0.465278 0.931660
2.000000 0.501955 0.388890 0.339844 0.458334 0.909750
2.000000 0.474610 0.336805 0.324219 0.437500 0.931279
2.000000 0.447265 0.295140 0.316406 0.423611 0.921772
2.000000 0.423830 0.250000 0.300781 0.416666 0.925845
2.000000 0.748045 0.784720 0.503905 0.777780 0.531141
2.000000 0.708985 0.725695 0.488281 0.784720 0.445504
2.000000 0.162110 0.965280 0.394531 0.666665 0.887301
2.000000 0.671875 0.659720 0.468750 0.736110 0.560692
2.000000 0.138670 0.881945 0.386719 0.638890 0.910926
2.000000 0.634765 0.604165 0.449219 0.708335 0.478052
2.000000 0.117190 0.802085 0.367188 0.604165 0.914658
2.000000 0.605470 0.545140 0.429688 0.687500 0.609007
2.000000 0.095705 0.725695 0.363281 0.590280 0.902473
2.000000 0.574220 0.489585 0.414062 0.645835 0.343557
2.000000 0.078125 0.663195 0.343750 0.576390 0.893507
2.000000 0.544920 0.434030 0.402344 0.631945 0.348675
2.000000 0.058595 0.593750 0.335938 0.548610 0.884859
2.000000 0.400390 0.208335 0.292969 0.402778 0.928754
2.000000 0.515625 0.392360 0.390625 0.604165 0.552079
2.000000 0.039065 0.538195 0.320312 0.520835 0.897388
2.000000 0.021485 0.475695 0.308594 0.506945 0.898678
2.000000 0.466795 0.298610 0.363281 0.569445 0.569891
2.000000 0.007810 0.423610 0.304688 0.486111 0.896614
2.000000 0.441405 0.260415 0.351562 0.548610 0.727907
2.000000 0.421875 0.218750 0.335938 0.534720 0.594585
2.000000 0.212890 0.954860 0.410156 0.701390 0.457899
2.000000 0.380860 0.142360 0.316406 0.506945 0.512843
2.000000 0.343750 0.079860 0.304688 0.479166 0.560249
2.000000 0.140625 0.704860 0.367188 0.604165 0.483083
2.000000 0.326170 0.045140 0.292969 0.451389 0.544933
2.000000 0.378905 0.170140 0.281250 0.381944 0.897943
2.000000 0.308595 0.017360 0.289062 0.451389 0.531281
2.000000 0.121095 0.631945 0.351562 0.583335 0.538886
2.000000 0.085940 0.510415 0.328125 0.548610 0.626751
2.000000 0.066405 0.454860 0.320312 0.534720 0.493597
2.000000 0.054685 0.406250 0.312500 0.506945 0.687374
2.000000 0.041015 0.354165 0.300781 0.486111 0.726312
2.000000 0.027345 0.305555 0.289062 0.472222 0.495290
2.000000 0.015625 0.260415 0.281250 0.451389 0.647957
2.000000 0.355470 0.131945 0.273438 0.375000 0.917599
2.000000 0.335940 0.097220 0.265625 0.375000 0.916808
2.000000 0.320310 0.062500 0.257812 0.361111 0.902931
2.000000 0.300780 0.031250 0.250000 0.354166 0.915012
2.000000 0.285155 0.003470 0.242188 0.340278 0.897326
2.000000 0.244140 0.906250 0.410156 0.631945 0.924688
2.000000 0.207030 0.809030 0.390625 0.604165 0.925712
2.000000 0.179690 0.718750 0.375000 0.576390 0.906998
2.000000 0.150390 0.638890 0.355469 0.541665 0.886449
2.000000 0.123045 0.552085 0.347656 0.548610 0.903905
2.000000 0.103515 0.493055 0.324219 0.500000 0.902680
2.000000 0.082030 0.430555 0.312500 0.486111 0.908730
2.000000 0.060545 0.371530 0.300781 0.465278 0.902022
2.000000 0.042970 0.315970 0.296875 0.437500 0.911946
2.000000 0.025390 0.267360 0.285156 0.423611 0.903200
2.000000 0.013670 0.208335 0.277344 0.416666 0.905021
