2.000000 0.958985 0.197915 0.542970 0.701390 0.931813
2.000000 0.900390 0.100695 0.519530 0.659720 0.934277
2.000000 0.974610 0.149305 0.550780 0.701390 0.928373
2.000000 0.912110 0.048610 0.519530 0.652780 0.929336
2.000000 0.847655 0.000000 0.492188 0.638890 0.934904
2.000000 0.521485 0.899305 0.566405 0.187500 0.738289
2.000000 0.490235 0.809030 0.597655 0.354166 0.852122
2.000000 0.457030 0.732640 0.609375 0.520835 0.894903
2.000000 0.408205 0.663195 0.574220 0.659720 0.905378
2.000000 0.369140 0.597220 0.550780 0.777780 0.791197
2.000000 0.324220 0.531250 0.515625 0.881945 0.828122
2.000000 0.289060 0.399305 0.492188 0.826390 0.898208
2.000000 0.257815 0.277780 0.468750 0.791665 0.922853
2.000000 0.222655 0.170140 0.445312 0.743055 0.887942
2.000000 0.191405 0.059030 0.421875 0.701390 0.888151
2.000000 0.593750 0.895835 0.601560 0.194444 0.529257
2.000000 0.562500 0.805555 0.617190 0.375000 0.748911
2.000000 0.519530 0.718750 0.609375 0.534720 0.622090
2.000000 0.472655 0.649305 0.585940 0.673610 0.516450
2.000000 0.427735 0.586805 0.558595 0.812500 0.507653
2.000000 0.382810 0.510415 0.531250 0.923610 0.531300
2.000000 0.341795 0.385415 0.496094 0.868055 0.504444
2.000000 0.304685 0.260415 0.476562 0.812500 0.611943
2.000000 0.273440 0.159720 0.453125 0.791665 0.622406
2.000000 0.240235 0.052085 0.425781 0.743055 0.629408
2.000000 0.775390 0.878470 0.746095 0.229166 0.517964
2.000000 0.769530 0.777780 0.867190 0.416666 0.570121
2.000000 0.695310 0.690970 0.812500 0.590280 0.521629
2.000000 0.679685 0.899305 0.609375 0.187500 0.732204
2.000000 0.617185 0.798610 0.601560 0.388889 0.873803
2.000000 0.578125 0.711805 0.625000 0.562500 0.892488
2.000000 0.519530 0.631945 0.593750 0.722220 0.930783
2.000000 0.460935 0.552085 0.554685 0.868055 0.935228
2.000000 0.408205 0.402780 0.519530 0.819445 0.917359
2.000000 0.359375 0.256945 0.484375 0.750000 0.920836
2.000000 0.320310 0.131945 0.468750 0.708335 0.913808
2.000000 0.279295 0.013890 0.433594 0.666665 0.925467
