2.000000 0.023440 0.322915 0.578125 0.756945 0.931808
2.000000 0.539060 0.864585 0.726565 0.243055 0.783823
2.000000 0.466795 0.777780 0.761720 0.416666 0.885523
2.000000 0.390625 0.697915 0.765625 0.590280 0.924362
2.000000 0.292970 0.628470 0.710940 0.729165 0.919972
2.000000 0.199220 0.548610 0.664060 0.833335 0.929330
2.000000 0.117190 0.399305 0.617190 0.784720 0.907025
2.000000 0.041015 0.263890 0.582030 0.736110 0.930091
2.000000 0.607420 0.881945 0.761720 0.222222 0.843778
2.000000 0.550780 0.791665 0.867190 0.388889 0.794924
2.000000 0.509765 0.715280 0.941405 0.527780 0.859120
2.000000 0.478515 0.864585 0.691405 0.256945 0.830497
2.000000 0.408205 0.781250 0.730470 0.409722 0.865601
2.000000 0.337890 0.704860 0.730470 0.562500 0.911985
2.000000 0.251955 0.642360 0.691405 0.701390 0.901334
2.000000 0.169920 0.576390 0.644530 0.819445 0.938354
2.000000 0.093750 0.458335 0.609375 0.805555 0.923083
